58	6691	1.00	0.000E+00	0	888	889	0	888	889	889M
54	6055	0.938	0.000E+00	0	888	889	0	922	923	344M1D85M11D9M15D303M7D148M
71	6055	0.930	0.000E+00	4	888	889	16	933	934	419M16D14M10D304M7D148M
45	6019	0.939	0.000E+00	0	888	889	0	926	927	426M31D315M7D148M
50	5841	0.900	0.000E+00	0	886	889	0	905	906	348M1I76M6D28M7D288M7D146M
70	5772	0.918	0.000E+00	0	888	889	0	857	858	315M26I3M1D81M13I303M7D148M
51	5650	0.841	0.000E+00	0	888	889	0	931	932	346M3I42M2D34M26D28M7D27M3D261M7D146M1D2M
46	5631	0.839	0.000E+00	0	888	889	0	925	926	346M3I42M2D34M12D28M7D27M3D261M1I5M4D108M12D32M1D2M
43	5537	0.832	0.000E+00	0	888	889	0	930	931	344M1I46M1D32M27D30M7D23M1D266M7D147M
69	5503	0.806	0.000E+00	0	888	889	0	923	924	340M11I74M17D17M11D8M8D32M3D259M1I5M8D142M
56	5488	0.811	0.000E+00	0	888	889	0	930	931	323M2I25M1I40M2D34M16D13M11D17M7D12M1I15M3D259M7D147M
76	5475	0.828	0.000E+00	0	888	889	0	924	925	344M2I46M1D31M16D15M11D15M7D22M4I262M7D148M
35	5448	0.816	0.000E+00	0	888	889	0	928	929	333M1D11M1I46M1D34M24D25M4D28M3D264M7D8M1D139M
57	5412	0.792	0.000E+00	0	888	889	0	929	931	301M1I87M2D37M27D9M1D18M7D66M2I220M1I1M8D146M
52	5403	0.791	0.000E+00	0	888	889	0	907	913	327M2I4M2I9M1I46M2D38M7D9M16D17M2D12M1I6M9I258M7D148M
109	5397	0.813	0.000E+00	0	883	889	0	914	915	344M1I45M2D34M10D11M17D15M8D25M4I32M3I228M7D17M1I35M4I85M
41	5387	0.781	0.000E+00	0	888	889	0	923	924	292M3I40M1I8M1I46M2D28M7D3M24D19M1D34M1D5M1D261M1I1M5D146M
49	5362	0.798	0.000E+00	0	888	889	0	861	862	327M2I6M2I5M14I35M2D34M2D30M2D12M1I11M10I15M11I227M7D147M
13	5336	0.796	0.000E+00	0	888	889	0	893	894	345M6I40M2D25M7D28M7D23M1I10M3I22M8I230M7D148M
113	5288	0.776	0.000E+00	0	888	889	0	914	915	344M3I6M4I33M2D35M16D13M11D12M3D291M1I2M5D48M4I88M1D5M
3	5270	0.773	0.000E+00	0	884	889	0	881	882	327M2I6M2I5M14I35M2D35M15D11M11D18M2D12M1I11M10I19M11I222M7D144M
77	5255	0.773	0.000E+00	0	887	889	0	920	925	388M1D50M2D5M25D13M7D19M7I259M1I2M2D3M4D141M
44	5235	0.764	0.000E+00	0	888	889	0	885	886	327M2I6M2I5M14I35M2D34M5I49M6D37M5D225M7D148M
116	5167	0.757	0.000E+00	0	883	889	0	890	893	355M9I20M2I39M3I21M20D28M1I263M1I2M5D33M1D15M4I24M1D64M
47	5073	0.755	0.000E+00	0	886	889	0	816	820	345M4I46M1D30M12I17M39I27M1I221M7D30M22I93M
48	5043	0.750	0.000E+00	0	884	889	0	898	899	301M2I41M1I5M4I30M2I32M4D7M5D15M16D5M2D11M3D18M4I6M2I10M5I9M1I237M3D3M1D39M1D95M
83	5007	0.739	0.000E+00	7	884	889	32	946	947	294M2I7M1D36M6I36M3D30M4D7M5I15M39D30M2D8M1D12M5I10M1I232M4D48M2D94M
82	4954	0.723	0.000E+00	5	884	889	30	946	947	2M1D299M1D41M5I38M3D28M4D7M25D20M9D55M5I5M1I9M1I220M1I3M5D46M2D94M
55	4803	0.720	0.000E+00	0	888	889	0	892	893	112M1I259M2I15M2D57M23D16M3D30M1D12M6D114M1I48M1I43M25I113M1I39M
78	4776	0.679	0.000E+00	0	884	889	0	939	940	294M1I49M2I38M1D27M21D33M7D12M7D26M5D259M11D19M4D31M1D11M1D83M
42	4749	0.676	0.000E+00	0	884	889	0	932	933	294M2I48M2I5M6I27M1D26M28D13M7D53M3D44M2D221M13D13M2D37M2D94M
23	4705	0.666	0.000E+00	0	884	889	0	934	935	294M1I50M8I42M1D16M28D39M7D28M1D12M2D32M2D4M1D215M13D19M2D31M2D94M
66	4591	0.635	5.830E-104	0	884	889	0	922	923	82M1D219M1I40M16I30M1D22M28D46M7D65M1D220M11D19M4D31M2D94M
130	4588	0.610	7.037E-104	0	884	889	0	982	983	278M1I18M3D46M1D47M3D19M7D7M4D15M16D4M15D10M2D19M14D33M8D8M3D236M7D13M14D37M2D94M
111	4288	0.530	4.906E-97	0	888	889	0	937	938	281M1I110M2D19M3D10M8D5M5D21M5D41M9D245M1I10M1D13M20D24M1D100M3I5M
79	4276	0.660	9.218E-97	52	884	889	0	888	889	242M1I49M2I38M1D34M3D8M23D19M2D11M7D25M10D43M4I214M11D18M4D39M2D86M
115	4266	0.540	1.559E-96	0	884	889	0	981	982	281M1I18M3D43M1D41M3D28M10D25M7D8M6D23M1D42M34D10M7D221M13D7M5D11M5D31M3D95M
39	4232	0.510	9.310E-96	0	885	889	0	964	965	281M1I61M1D25M1I23M2D65M42D4M11D33M5D239M1I10M1D13M20D129M
38	4229	0.514	1.090E-95	0	885	889	0	968	969	281M1I71M1D15M1I15M2D27M6D7M36D9M6D4M1D30M2D35M9D237M1I7M6D16M16D24M1D105M
30	4229	0.505	1.090E-95	0	886	889	0	971	972	281M1I71M1D15M1I23M2D55M45D16M8D30M10D240M1I7M7D10M15D29M1D101M1I5M
61	4228	0.527	1.149E-95	0	884	889	0	932	933	281M1I71M1D15M1I23M2D40M1I22M7D47M18D231M1I10M1D13M21D34M1D91M1D3M
112	4222	0.505	1.575E-95	0	888	889	0	970	971	281M1I71M1D15M1I23M2D19M17D5M27D11M9D55M9D248M1I13M1D13M3D22M19D102M3I5M
62	4219	0.526	1.844E-95	0	885	889	0	930	931	281M1I61M1D25M1I15M3D11M1I12M10D19M14D306M1I10M1D15M20D127M
33	4218	0.510	1.943E-95	0	888	889	0	969	970	281M1I73M1I12M1I23M2D19M17D5M27D10M5D37M5D33M3D6M6D231M1I9M12D11M10D23M1D103M3I6M
131	4217	0.530	2.048E-95	0	884	889	0	895	896	281M1I71M1D15M1I23M2D33M12I22M8I13M6I11M10D236M1I10M1D28M24D21M1D89M1D3M
119	4206	0.507	3.651E-95	0	885	889	0	967	968	281M1I179M53D21M7D14M2D237M1I10M1D13M20D23M1D106M
72	4195	0.522	6.508E-95	0	884	889	0	957	958	281M1I86M1I27M2D11M3D23M14D7M20D18M1D37M7D12M10D191M1I37M1I10M1D12M19D129M
59	4193	0.531	7.229E-95	0	887	889	0	981	982	6M1D269M1I19M3D39M1D51M3D29M48D45M1I13M7D29M4D2M4D10M17D181M1I47M6D9M1D35M1D11M1D90M
25	4181	0.514	1.358E-94	0	885	889	0	969	970	281M1I73M1I12M1I23M2D69M54D35M3D6M6D231M1I10M1D13M21D23M1D106M
118	4173	0.521	2.068E-94	0	884	889	0	977	978	281M1I86M1I18M2D35M3D34M5D6M18D11M8D16M5D8M17D3M11D191M1I20M2D21M1I7M22D31M3D9M1D104M
15	4166	0.530	2.988E-94	2	883	889	38	982	983	272M1I35M1I44M2I7M3I17M1I13M4D10M8D51M12D11M1D12M1D6M7D7M9D29M8D170M1I38M1I7M23D9M1I37M2I10M3D84M
94	4164	0.518	3.319E-94	0	886	889	0	923	924	281M1I86M1I15M1D31M10D10M4D7M3D28M1I12M4D6M2D39M1D212M1I13M1D16M1D40M15D81M1I5M
105	4159	0.512	4.317E-94	0	886	889	0	962	963	281M1I73M1D13M1I23M2D35M1I33M53D59M9D213M1I10M1D13M14D20M1D104M1I5M
6	4156	0.518	5.054E-94	0	885	889	0	969	970	281M1I73M1I12M1I23M2D15M36D5M8D13M7D18M3D53M3D6M6D231M1I10M1D13M21D22M1D107M
28	4156	0.516	5.054E-94	0	885	889	0	970	971	281M1I73M1I36M2D69M54D35M3D6M6D231M1I10M1D13M21D23M1D106M
53	4153	0.516	5.917E-94	0	885	889	0	963	964	281M1I71M1D15M1I15M2D28M1D20M1I24M24D5M29D43M2D228M1I9M12D11M10D24M1D108M
27	4153	0.516	5.917E-94	0	885	889	0	969	970	281M1I73M1I12M1I23M2D15M36D5M8D13M5D12M5D59M3D6M6D231M1I10M1D14M21D22M1D106M
67	4149	0.519	7.302E-94	5	885	889	6	963	964	260M5I12M4D86M1I15M1I11M3D59M44D6M7D21M5D13M3D17M1D221M1I10M1D2M5D15M11D22M1D103M
29	4147	0.512	8.111E-94	0	885	889	0	969	970	281M1I73M1I12M1I23M2D15M36D5M8D13M5D38M5D35M9D235M1I10M1D13M21D23M1D106M
31	4147	0.506	8.111E-94	0	885	889	0	969	970	281M1I73M1I11M16D31M18D17M11D18M3D6M7D57M3D6M6D231M1I10M1D5M5D9M16D22M1D106M
34	4147	0.513	8.111E-94	0	885	889	0	969	970	281M1I73M1I12M1I23M2D65M24D6M30D33M3D6M6D231M1I10M1D13M21D23M1D106M
107	4144	0.503	9.496E-94	0	886	889	0	968	969	281M1I70M1I15M1I18M2D60M54D49M3D6M6D231M1I9M12D13M10D123M1I7M
5	4138	0.516	1.302E-93	0	885	889	0	969	970	281M1I73M1I12M1I23M2D15M45D8M1I10M6D22M4D48M3D6M6D231M1I10M1D13M21D23M1D106M
24	4138	0.514	1.302E-93	0	888	889	0	969	970	281M1I73M1I12M1I23M2D14M5D11M39D13M5D19M5D47M3D6M6D231M1I10M1D13M21D23M1D100M3I6M
86	4133	0.511	1.693E-93	0	885	889	0	969	970	281M1I73M1I12M1I23M2D55M54D49M3D6M6D231M1I10M1D13M21D23M1D106M
85	4130	0.514	1.982E-93	0	885	889	0	969	970	281M1I73M1I12M1I15M2D77M54D35M3D6M6D231M1I10M1D13M21D23M1D106M
106	4126	0.515	2.446E-93	0	885	889	0	969	970	281M1I73M1I12M1I23M2D69M54D26M9D241M1I15M1D13M21D23M1D106M
108	4125	0.518	2.578E-93	0	888	889	0	927	928	281M1I86M1I15M1D29M9D11M6D10M1I23M1D3M3D7M4D35M4D230M1I10M1D15M1D25M12D16M4D81M3I5M
26	4125	0.506	2.578E-93	0	880	889	0	964	970	281M1I73M1I11M16D37M21D8M8D13M5D24M5D47M3D6M6D231M1I10M1D13M21D23M1D101M
16	4116	0.534	4.137E-93	5	883	889	39	977	978	276M1I28M1I24M2I18M1I12M1I15M1I13M4D13M1D23M11D23M6D13M1D17M16D9M7D19M2D179M1I38M1I7M22D45M4I10M3D84M
22	4111	0.504	5.380E-93	0	885	889	0	957	958	281M1I77M3I30M2D22M4D33M29D13M11D38M4D5M5D230M1I8M14D15M7D20M1D109M
64	4109	0.506	5.976E-93	0	888	889	0	967	968	281M1I71M1D15M1I23M2D44M15D10M26D21M9D13M3D22M6D231M1I10M1D13M21D36M1D88M3I5M
75	4104	0.503	7.772E-93	0	884	889	0	969	970	281M1I110M2D15M36D5M8D14M5D36M4D7M1I27M9D236M1I9M12D12M3D2M7D34M1D91M1D3M
127	4104	0.512	7.772E-93	0	884	889	43	1012	1013	281M1I86M1I27M2D11M3D49M5D12M20D55M39D172M1I37M1I10M1D12M19D14M1I27M1D87M
65	4070	0.530	4.641E-92	7	887	889	2	878	879	274M1I19M2D30M1D60M2D35M23D46M2D14M11D207M1I38M43I113M
68	4000	0.519	1.838E-90	1	884	889	6	900	901	10M10I7M2I251M1I60M1D26M1I18M2D20M4D86M1D29M2I169M1I39M1I7M1I2M2D13M19D37M1D91M
73	3950	0.516	2.545E-89	23	884	889	2	932	933	258M1I86M1I26M2D12M23D10M2D13M4D8M10D24M5D5M4D224M1I40M2I7M17D7M6D51M1D86M
102	3923	0.488	1.052E-88	0	885	889	0	963	964	268M6I8M5D86M1I15M1I11M3D24M11D7M2D8M11D12M14D14M8D8M1I7M9D3M1D250M1I11M21D4M2D37M1D103M
60	3903	0.493	3.009E-88	5	887	889	1	993	994	10M2D16M8D6M5D238M1I29M3D31M1I48M3D39M18D9M4D12M4D68M27D11M23D169M1I47M1I2M7D19M8D24M1D13M1D88M
74	3901	0.510	3.342E-88	7	881	889	1	913	926	274M1I47M1I38M1I25M2D24M2D17M4D24M30D21M9D216M2I31M2I11M8D9M4D23M2D11M1D69M17I11M
32	3780	0.494	1.931E-85	42	885	889	1	928	929	239M1I73M1I11M16D40M21D5M8D19M10D65M3D6M6D227M2D3M3I9M1D13M21D22M1D107M
104	3754	0.484	7.574E-85	0	883	889	0	937	938	44M32I205M1I73M1I12M1I23M2D19M17D5M27D17M1D30M9D33M3D6M6D227M2D3M3I8M12D13M10D25M1D97M2D6M
80	3745	0.497	1.216E-84	42	884	889	1	930	931	239M1I85M16D7M6D9M30D52M1D21M1D6M5D23M2I12M5D7M7D187M1I39M1I10M1D13M19D37M1D91M
84	3718	0.500	5.024E-84	47	884	889	0	928	929	234M1I86M1I27M2D11M2D3M1D45M30D20M16D12M7D12M5D5M12D191M1I37M1I10M1D13M19D128M
117	3647	0.392	2.097E-82	0	888	889	2	998	1003	266M3D11M3I24M25D31M2D16M1I11M1I32M1I76M5D23M20D23M1D89M1D122M1D12M12D40M7D17M37D90M
128	3644	0.416	2.455E-82	0	886	889	0	875	876	5M1D262M6D11M4I42M7I46M4I38M16I9M3I44M10D6M14I88M1I8M2D134M7D12M5D21M6D10M1D102M
92	3517	0.379	1.945E-79	5	877	889	1	1076	1084	275M3D23M23D11M3D6M2D14M17D57M13D11M29D21M11D15M1D42M7D30M3D97M2D126M1I9M54D24M16D16M17D13M3D82M
122	3442	0.369	1.002E-77	7	860	889	6	949	1001	267M1D15M1D30M2D15M26D37M4I49M4I60M3D14M5I17M4I79M1D117M1D17M1I2M8D20M6D7M15D6M3D11M16D6M25D67M
110	3384	0.480	2.112E-76	90	885	889	0	879	880	191M1I73M1I12M1I23M2D65M24D6M30D33M3D6M6D227M2D3M3I9M1D13M21D23M1D106M
81	3317	0.498	7.144E-75	39	799	889	7	821	885	242M1I71M1D15M1I15M3D11M1I15M6D7M36D7M6D36M2D21M7D14M2D237M1I10M1D6M6I44M
101	3303	0.375	1.491E-74	0	881	889	16	932	936	2M1I265M8I2M1D21M4I26M9D6M4D7M3D9M1I52M8D114M4D5M5I65M2D99M11D74M1D36M11D80M
103	3295	0.441	2.270E-74	26	884	889	0	885	886	49M4I10M5I5M2I164M7I10M1D11M2D48M14I75M1I13M5D23M30D36M5D101M2D138M13D29M2D114M
8	3273	0.370	7.215E-74	4	886	889	6	1015	1016	263M2D61M8D6M2D8M9D25M8D13M3D7M17D22M15D16M6D42M3D18M7D35M4D3M5I81M2D133M23D11M1I5M5D32M1D9M17D75M1D12M
18	3254	0.329	1.958E-73	5	878	889	1	1242	1248	272M4D16M2D27M1D43M9D20M2D11M2D76M29D3M8D21M17D30M50D67M1I15M1D125M1I8M7D8M26D3M64D3M120D2M21D5M1D38M6D79M
100	3233	0.358	5.905E-73	4	887	889	3	805	806	263M11I63M7I23M36I6M1I11M20I25M11I41M7I77M1D2M1D85M5I1M7D32M2D10M1I109M1D27M6D10M
98	3212	0.355	1.781E-72	1	886	889	9	775	776	105M1D160M4D13M2D16M7I10M8I9M30I11M7I22M1D8M4I11M56I5M6I26M1I10M2I62M2I14M1D2M1D74M1I6M1I3M5I33M2I22M1I33M2I45M2D19M4D32M
91	3209	0.369	2.085E-72	4	886	889	8	787	788	101M1D162M1D11M4D3M2I7M7I16M14I14M23I32M2I17M31I49M21I6M6I62M2I8M1D8M1D82M6I38M2I7M4D50M2I6M3I34M2D17M4D32M
126	3207	0.372	2.316E-72	6	879	889	10	806	808	96M2I162M1D12M3I26M13I9M1I11M31I21M6I20M19I17M4I36M17I10M2I2M4D131M1I37M2I27M4I13M1I3M9D33M7D6M4D15M6D37M1I2M1I40M
114	3188	0.368	6.286E-72	5	883	889	5	928	929	215M1D45M10I8M4D25M1D38M4I44M5D23M2D8M6I16M16D25M2D23M20D92M2D85M1D3M5I4M5I4M7D53M7D9M1I13M2D33M6D82M
97	3151	0.354	4.394E-71	1	888	889	22	785	786	105M1D160M4D11M3D24M3I9M7I9M48I30M1I6M48I24M4I12M3I13M5I3M2I61M3I14M1D2M1D84M6I33M2I56M3I47M1D17M2D25M2I6M
0	3137	0.345	9.171E-71	0	886	889	8	753	754	106M1D160M2D13M4D16M7I10M8I10M54I25M34I6M39I29M1D9M2I62M3I13M1D2M1D74M1D7M1I3M5I33M2I13M11D9M11I37M1I30M2D21M2D32M
10	3111	0.343	3.597E-70	0	886	889	21	783	784	106M1D160M3D4M2D25M9I9M6I11M47I42M20I7M13I32M20I7M5I3M2I62M2I14M3D1M1I84M6I36M2I31M1I33M3I33M2D18M4D6M2I24M
124	3106	0.381	4.678E-70	5	879	889	1	712	713	258M3D6M12D15M36I8M11I5M38I11M9I10M12I13M37I17M14I19M3I40M1D24M1I16M2D82M1I32M2I25M8I12M1I18M8I43M1D6M1I33M
120	3068	0.362	3.446E-69	0	886	889	2	763	764	104M2I171M7I9M15I30M11I4M1I62M3D28M3I14M55I6M5I35M2D39M1D7M1D47M2I18M1D49M4I6M2I6M19I27M9I6M1I32M1I44M4D6M
95	3048	0.355	9.860E-69	5	887	889	1	719	720	97M2I172M7I26M34I13M13I11M1I5M54I14M5I13M10I11M13I22M2I32M2D44M2D49M2I18M1D51M6I9M1I7M11I27M5I10M3I31M1I41M1D10M
7	3026	0.348	3.133E-68	0	888	889	2	825	857	5M1D98M1D162M5I15M3I36M3I17M3I42M22I14M8I16M15I17M3I11M6I18M9I38M2D43M3D46M2I17M1D23M6I31M2I6M5I36M4D15M10D38M2D37M3D16M
96	3004	0.326	9.958E-68	5	886	889	38	942	948	30M5I227M7D10M1I34M3I25M1D20M2I38M1D16M2D16M32D28M1I41M3I23M1D60M4I17M2D49M1I32M1I7M4D13M4I45M2I124M
89	2990	0.342	2.078E-67	3	888	889	5	760	777	101M1D161M8I14M65I10M18I32M23I19M14I23M3I10M4I17M2I39M2D37M3D4M1I49M2I16M1D14M7I28M3I14M1I16M8D78M2D44M4D9M
2	2979	0.347	3.705E-67	1	885	889	6	780	781	105M1I54M1I104M5I17M32I15M50I17M8I9M13I59M1I30M6I37M1D41M3D49M1D11M1D6M4D65M4D4M1I8M20I7M1I10M4D48M3D11M5D12M3D27M
37	2979	0.334	3.705E-67	2	888	889	0	815	829	13M2D144M1I107M6D10M7I7M5I33M19I7M14I6M42I9M18D66M2I29M3I40M2D40M1D2M1D49M2I16M1D22M3I24M4I13M1I2M7I4M5D15M1I67M2D38M2D13M
40	2960	0.344	1.006E-66	0	888	889	1	756	776	104M1D162M11I12M6D9M3D19M84I16M42I19M1D25M8I14M2I39M2D37M3D4M1I47M2I18M1D10M2I7M5I22M3I17M2D6M2D36M1D12M2D45M2D34M1D15M
1	2943	0.343	2.458E-66	0	888	889	0	779	787	267M6I10M3I2M32I6M37I8M3I24M2I21M23I6M16I17M2I12M12I14M1I1M1I26M1D13M2D40M1D3M1D49M2I16M2D14M1I22M4I11M4I11M6D14M1D47M1I32M1D4M2D9M7D6M11D20M6D14M
87	2940	0.343	2.877E-66	1	888	889	3	756	770	100M1D168M8D22M9I21M6I17M33I6M5I27M51I10M2I2M41I4M2I39M2D42M2D47M2I17M1D14M3I3M4I26M3I15M3I27M5D30M1D34M2D42M8D11M
63	2937	0.347	3.369E-66	3	887	889	5	756	778	98M1D165M7I4M11I30M70I21M24I8M3I28M1I7M5I21M10I9M2I39M2D43M2D46M2I17M1D14M3I3M4I23M3I17M1I2M2D12M3D27M1I52M3D2M1I35M1D14M
125	2936	0.323	3.551E-66	5	874	889	27	805	813	262M2D27M13I13M15I20M18I10M17D8M11I15M18I57M5I27M6I61M13I130M2I4M19D9M21I18M3I10M4I70M
88	2906	0.338	1.718E-65	3	888	889	5	752	770	262M10I10M93I26M35I30M2I13M2I39M2I39M2D37M3D4M1I49M2I12M1D17M3I4M4I22M3I17M1I2M8D28M1D22M1I45M2D39M4D10M
36	2901	0.339	2.234E-65	2	888	889	0	815	829	12M2D145M1I107M6D10M7I7M5I33M19I7M28I16M23D14M1I10M15I21M9I12M8I3M2I29M3I40M2D40M1D2M1D49M2I16M1D22M3I24M4I13M8I6M5D15M1I65M3D4M1I35M2D13M
20	2896	0.346	2.906E-65	4	888	889	6	753	772	261M10I8M122I7M11I15M8D15M2I29M2I38M3I39M2D36M3D5M1I47M2I17M1D11M2I6M5I23M3I17M1I2M2D12M2D4M4D12M1D22M1I41M2D38M1D7M2D8M
14	2867	0.353	1.334E-64	3	880	889	83	884	886	107M25I3M4I2M1D70M1D65M2I9M1I24M3I4M1I48M1I12M3I37M7I29M1I39M5I18M1D3M2I75M1D5M1D83M1D4M1I38M2I5M1I2M19I3M4D19M5I2M3I86M
21	2689	0.360	1.542E-60	0	751	889	0	702	745	2M1I211M1D51M3I56M3I25M1D24M8I16M1D9M4I11M13I62M13I12M3I81M2D74M1I8M4D2M5I27M4I23M
123	2682	0.435	2.228E-60	44	710	889	0	713	715	259M15D40M4D44M1D23M10D22M14D244M1D21M2D14M
12	2555	0.351	1.765E-57	4	799	889	1	674	675	263M3I20M2I22M21I9M4I31M2I24M30I14M12I13M11I7M2I2M10I15M1I3M2I28M1I6M2D35M1D7M1I4M2I45M2I17M1D13M5I5M1I33M6I50M8I4M
121	2519	0.337	1.170E-56	11	770	889	1	618	619	255M6D46M70I3M6I16M13I3M4D11M41I20M11I13M5I4M2I22M1D11M2D44M2D50M2I16M2D14M2I9M3I21M4I43M
9	2287	0.304	2.311E-51	3	879	889	5	609	639	98M1D167M7I4M159I22M23I19M9I8M5I3M12D1M5I3M26I3M45I45M2I17M1D14M2I4M5I25M3I46M2D24M1D39M2D44M
11	2160	0.329	1.831E-48	0	757	889	0	581	596	40M27I2M5I201M5D19M8I22M5I11M99I13M4I11M9I20M16I11M4I25M1D10M2D41M1D5M1D49M2I16M2D14M2I8M3I22M4I30M
19	1968	0.242	4.416E-44	5	882	889	12	731	735	26M1D18M2D44M1I9M1I44M1D11M5D6M8D18M3D5M1I25M2D51M5D14M1D12M77I17M20I13M20I17M4I8M30I4M3I11M6I4M4I12M2D6M2D47M1I13M1D5M2D80M4D39M6I14M1I17M8I29M4I17M9I10M1D11M1I14M1I9M
90	1354	0.186	4.567E-30	0	877	889	0	692	697	33M1I13M5I53M1I37M3D7M2D13M1I21M1I29M12I3M1I35M18D6M4D13M20I7M42I9M17I8M21I3M23I22M8I2M3I8M32I12M6I35M1I3M2I3M2D10M1D22M5D38M1I3M5D7M3I18M2D21M7I7M4I10M4I10M14I41M3I9M1D3M2D5M1I10M1D12M1D11M1D14M1D18M
4	1287	0.179	1.545E-28	9	878	889	8	683	688	42M4I50M1I37M3D6M2D14M1I22M1I20M1D3M3D9M12I38M5I9M9I19M37I9M20I7M2I15M3D11M2I11M14I21M5I24M21I16M7I30M3I14M3D2M1D8M2I7M2D1M6D4M3I3M2I4M5D31M4D8M3I16M2D15M9I3M1D10M4I7M2I13M59I7M1I9M5I16M3D25M3D9M2I9M
129	1186	0.166	3.121E-26	10	875	889	0	650	656	23M1I9M35I3M2D4M1D20M1I37M3D7M2D13M1I21M1I21M1D6M13I4M1I36M3D4M33I15M105I2M11D8M23I37M11I29M4D27M2I5M1I7M2D6M1D8M1D7M3D14M1D33M4D11M3I16M2D16M8I7M3I16M4I8M3I49M5I14M7I9M1D16M1D6M1D24M2D7M
99	997	0.197	6.430E-22	5	610	889	17	449	450	28M1I11M5I55M1I37M3D4M1D14M1I23M1I31M2I8M8I32M9D19M16I8M13I18M11I18M24I16M75I10M33I38M3I9M3D4M1D7M2D10M2D12M
17	834	0.164	3.378E-18	9	804	889	3	881	985	22M2I25M3I14M1I4M1D25M1I39M2D3M1D14M2I7M11D17M1I18M12D7M1D16M10D31M2I8M9D17M30D39M8D23M2D13M29D4M2D20M1D57M4D23M3D29M11D9M27D15M8D3M5I25M6I12M15I3M3I12M1D11M3D3M14D15M60I27M5I17M2I27M1D34M
93	567	0.147	4.198E-12	11	522	889	13	618	803	32M3D7M10I33M1I12M1I38M3D3M4D15M2I4M1I14M2D28M4I6M2I6M20D31M2I8M2D19M15I17M1I20M1I11M2I39M107D29M8I13M1D31M2D46M
 116	6743	1.00	0.000E+00	0	892	893	0	892	893	893M
113	5811	0.865	0.000E+00	0	892	893	0	910	915	349M2D35M4D89M2D12M12D301M1I35M1I70M
43	5562	0.795	0.000E+00	0	892	893	0	927	931	346M8D30M3D90M4D7M2D13M13D271M3D29M1I15M4D20M1I70M
51	5515	0.793	0.000E+00	0	892	893	0	927	932	349M6D34M4D50M1I32M4D7M2D5M15D274M3D34M1I15M4D20M1I70M
69	5489	0.782	0.000E+00	0	892	893	0	920	924	349M2I26M2D69M1D21M5D6M2D10M15D273M3D30M1I15M4D20M1I70M
76	5487	0.803	0.000E+00	0	892	893	0	921	925	350M7D31M3D85M4D7M2D12M8D274M3D27M1I15M4D20M1I70M
52	5455	0.765	0.000E+00	0	892	893	0	904	913	331M4I20M8D20M4D55M4I39M1D23M2D256M3D34M1I19M4D20M1I66M
109	5452	0.790	0.000E+00	0	890	893	0	914	915	350M8D30M4D88M5D5M2D13M8D31M3I237M3D11M1I17M1I35M1I68M
71	5439	0.788	0.000E+00	4	890	893	16	928	934	350M9D21M2D58M1I37M1I14M12D266M3D34M1I15M4D20M1I68M
50	5436	0.788	0.000E+00	0	892	893	0	904	906	355M8D20M1D9M1D42M4I53M1D269M3D34M1I15M4D24M1I66M
45	5435	0.782	0.000E+00	0	890	893	0	921	927	348M6D11M3D16M2D58M1I19M5D18M1I14M12D266M3D34M1I17M4D22M1I64M
54	5420	0.791	0.000E+00	0	892	893	0	919	923	348M7D11M3D16M2D58M1I37M1I14M12D266M3D34M1I15M4D20M1I70M
56	5419	0.780	0.000E+00	0	892	893	0	927	931	323M2I21M7D4M1D25M4D88M4D9M2D13M10D5M4D268M3D28M1I14M4D21M1I70M
57	5411	0.803	0.000E+00	0	892	893	0	927	931	302M1I49M9D32M4D33M1D54M6D14M12D38M2I232M3D29M1I14M4D21M1I65M1D5M
46	5396	0.768	0.000E+00	0	892	893	0	921	926	349M6D34M4D46M2D49M4D275M1I32M1I15M4D20M1I39M12D31M
35	5385	0.784	0.000E+00	0	892	893	0	925	929	332M1D18M8D26M3D57M3I35M3D15M15D271M4D29M1I15M4D20M1I70M
41	5371	0.751	0.000E+00	0	892	893	0	920	924	301M3I25M1I25M8D22M4D33M1I22M1I32M4D9M2D11M14D300M1I15M4D20M1I70M
3	5345	0.765	0.000E+00	0	890	893	0	880	882	331M4I10M5I31M4D51M1I40M1D16M3I5M4I17M3I233M3D32M1I15M4D20M1I68M
44	5323	0.763	0.000E+00	0	892	893	0	885	886	331M4I10M5I31M4D51M1I40M1D16M3I5M4I17M3I231M3D34M1I19M4D16M1I66M3D4M
49	5280	0.751	0.000E+00	0	892	893	0	858	862	331M4I10M5I31M4D48M25I19M1D16M3I5M4I17M3I234M3D31M1I15M4D20M1I70M
13	5274	0.767	0.000E+00	0	892	893	0	890	894	356M3D25M4D23M3I30M10I24M1I13M3D13M3I258M3D27M1I14M4D21M1I70M
77	5226	0.759	0.000E+00	0	891	893	0	917	925	346M6D13M3D18M3D89M4D7M2D13M5D269M1D31M1I15M4D20M1I69M
70	5203	0.748	0.000E+00	0	891	893	0	853	858	307M14D3M14I12M16I23M2D52M29I9M1I19M1D267M3D34M1I15M4D20M1I69M
58	5146	0.755	0.000E+00	0	892	893	0	885	889	354M9D21M2D39M3D21M20I28M1D263M1D1M5I34M1I15M4D24M1I66M
48	5126	0.736	0.000E+00	0	889	893	0	896	899	297M2I46M1D11M3D52M4D24M4I28M2D22M6D14M4I11M2I269M1I16M5D19M1I67M
47	5109	0.727	0.000E+00	0	892	893	0	815	820	345M5D31M3D34M12I7M27I14M28I27M1I231M3D24M19I22M1I70M
83	5069	0.734	0.000E+00	7	890	893	32	945	947	292M2I9M1D46M3D23M1D3M4D26M4D56M4D9M2D19M2D24M7D270M1I15M6D20M1I68M
82	4947	0.712	0.000E+00	5	890	893	30	945	947	2M1D299M1D38M1D12M3D23M1D3M4D26M4D56M4D9M2D12M12D28M6I9M1I257M1I15M6D20M1I68M
42	4855	0.687	0.000E+00	0	890	893	0	931	933	294M2I61M1D28M3D21M3D45M2I13M4D7M2D13M7D16M3D7M3D22M4D232M7D6M4D17M1I17M6D18M1I68M
78	4809	0.673	0.000E+00	0	891	893	0	939	940	300M1I49M7D27M3D20M1I12M4D41M2I13M3D48M18D16M2D224M2D9M5D6M4D17M1I21M6D14M1I69M
23	4720	0.669	0.000E+00	0	890	893	0	933	935	294M1I61M1D30M3D11M1I10M4D43M2I13M4D7M2D13M13D10M3D23M1D12M1D231M7D7M4D17M1I21M6D14M1I68M
130	4715	0.609	0.000E+00	0	890	893	0	981	983	278M1I18M3D49M10D31M5D21M7D7M2D11M8D65M13D6M12D3M9D30M2D242M17D24M1I14M6D21M1I68M
66	4703	0.654	0.000E+00	0	890	893	0	921	923	82M1D212M1I54M7I29M3D15M1I6M4D31M1I13M1I20M6D13M3D12M1D6M9D252M7D13M4D17M1I14M6D21M1I68M
55	4612	0.699	5.830E-104	0	892	893	0	889	893	112M1I231M1D20M6D13M4D50M1I29M1D18M2I13M12D7M1D4M6D122M1I48M1I43M20I5M9I36M1I15M4D20M1I33M1I36M
61	4484	0.535	4.695E-101	0	892	893	0	932	933	277M1I55M7D7M1D11M1D25M4D23M10D21M4D58M1I16M2I8M3I230M1I19M4D2M14D47M4D15M1I70M
62	4428	0.532	8.795E-100	0	892	893	0	930	931	277M1I55M7D7M1D11M1D25M4D22M2D24M20D12M4I13M4I40M3I7M3I230M1I18M3D8M14D21M1I20M4D15M1I70M
25	4420	0.525	1.337E-99	0	892	893	0	969	970	277M1I50M7D49M4D19M3D4M8D20M4D34M3D24M8D28M21D229M1I20M5D10M13D41M4D15M1I70M
115	4398	0.539	4.226E-99	0	890	893	0	980	982	275M1I18M3D38M7D8M4D19M1I36M2D5M13D18M3D31M1D16M4D13M8D7M2D21M20D15M1D234M4D12M15D32M2D7M4D15M1I68M
38	4394	0.525	5.210E-99	0	892	893	0	968	969	277M1I55M7D7M1D19M1D18M4D22M9D33M2I18M6D2M3D24M7D10M4D20M17D230M1I19M2D8M16D41M4D15M1I70M
59	4387	0.519	7.514E-99	0	892	893	0	979	982	6M1D269M1I18M3D37M8D19M2D19M4D16M1D26M17D53M8D10M8D23M5D25M25D178M1I54M3D46M5D24M1I67M
105	4385	0.527	8.343E-99	0	892	893	0	962	963	277M1I55M7D7M1D11M1D26M4D20M3D3M5D19M6D38M3D20M7D25M7D5M14D231M1I18M3D3M8D47M4D15M1I70M
85	4362	0.520	2.780E-98	0	892	893	0	969	970	277M1I64M4D4M3D32M4D17M5D4M6D21M4D35M11D9M11D24M2D6M8D241M1I21M3D3M15D47M4D15M1I70M
26	4361	0.526	2.929E-98	0	892	893	0	969	970	277M1I50M7D49M4D19M3D4M5D12M7D45M3D21M8D28M21D229M1I22M5D8M13D41M4D15M1I70M
31	4356	0.525	3.805E-98	0	892	893	0	969	970	277M1I54M7D45M4D19M3D4M8D20M4D37M3D21M8D28M21D229M1I15M5D15M13D41M4D15M1I70M
30	4345	0.518	6.765E-98	0	892	893	0	971	972	277M1I55M7D7M1D11M1D26M4D18M5D14M6D17M4D14M4I10M11D22M3D30M21D17M1D215M1I18M3D3M15D47M4D15M1I70M
106	4340	0.529	8.788E-98	0	892	893	0	969	970	277M1I64M4D2M2D17M1D16M4D18M5D16M6D9M4D34M3D24M8D15M7D6M14D234M1I23M3D3M15D47M4D15M1I70M
15	4338	0.524	9.758E-98	0	890	893	36	982	983	273M1I36M1I15M6D9M2I57M2D8M4D12M10D40M5D13M3D10M4D16M6D36M1D170M1I38M1I14M2I6M20D44M4D20M1I65M
53	4337	0.529	1.028E-97	0	892	893	0	963	964	277M1I50M7D12M1D21M1D16M4D22M11D21M4D37M3D21M20D28M1D232M1I20M2D7M16D20M3D13M1D23M1I70M
34	4337	0.524	1.028E-97	0	892	893	0	969	970	277M1I55M7D44M4D18M5D4M6D21M4D37M3D37M29D241M1I20M5D10M13D41M4D15M1I70M
118	4335	0.537	1.142E-97	0	889	893	0	975	978	275M1I51M6D13M1D8M1D29M4D42M18D36M3D11M4D12M5D6M2D11M11D7M1D16M7D178M2D3M3I15M2D21M1I14M3D7M12D8M3D13M3D27M4D14M1I67M
111	4332	0.535	1.336E-97	0	892	893	0	937	938	277M1I55M7D7M1D20M1D17M4D18M3D25M2I6M13D5M1D6M1D12M5I30M3D252M1I20M10D6M7D42M4D15M1I70M
24	4331	0.533	1.407E-97	0	886	893	0	963	970	277M1I55M7D44M4D18M5D4M6D21M4D34M3D12M4D10M4D30M21D229M1I20M4D5M14D46M4D15M1I64M
33	4328	0.529	1.647E-97	0	886	893	0	963	970	277M1I55M7D44M4D22M11D16M5D10M1I31M3D9M4D8M4D20M10D14M11D227M1I20M5D10M13D41M4D15M1I64M
112	4327	0.519	1.735E-97	0	892	893	0	970	971	277M1I55M7D7M1D9M1D27M4D19M5D15M5D11M5D33M3D26M7D13M10D14M11D228M1I21M3D4M15D46M4D15M1I70M
5	4323	0.525	2.139E-97	0	892	893	0	969	970	277M1I50M7D49M4D19M3D4M8D20M4D37M3D21M8D28M21D229M1I20M5D10M13D42M4D14M1I70M
29	4320	0.527	2.503E-97	0	892	893	0	969	970	277M1I54M7D45M4D19M3D4M8D20M4D37M3D22M8D27M21D229M1I22M5D8M13D35M4D21M1I70M
75	4318	0.517	2.779E-97	0	892	893	0	969	970	277M1I55M7D7M1D21M1D9M4D29M11D21M4D34M3D24M7D24M6D6M14D230M1I17M11D10M7D41M4D15M1I70M
72	4315	0.527	3.251E-97	0	889	893	0	955	958	275M1I65M3D3M5D33M4D43M1D31M6D4M3D25M1D30M1D10M16D5M11D175M1I37M1I18M13D12M3D10M1I27M4D15M1I67M
86	4315	0.522	3.251E-97	0	892	893	0	969	970	277M1I81M7D18M4D18M5D4M6D26M4D32M3D37M29D241M1I21M3D3M15D47M4D15M1I70M
64	4314	0.514	3.426E-97	0	892	893	0	967	968	277M1I49M8D24M1D25M4D23M10D21M4D35M1D25M11D28M17D230M1I17M2I8M20D36M4D20M1I70M
39	4313	0.520	3.610E-97	0	892	893	0	964	965	277M1I55M7D7M1D11M1D26M4D19M1D55M14D4M11D9M11D33M2D8M3D233M1I18M3D8M14D42M3D15M1I70M
79	4304	0.655	5.780E-97	53	890	893	1	887	889	247M1I49M7D27M3D20M1I10M4D43M2I20M6D5M8D11M2D12M12D19M1D8M5I221M4D15M7D17M1I18M6D17M1I68M
107	4304	0.509	5.780E-97	0	886	893	0	962	969	277M1I55M7D7M1D19M1I16M4D34M2D24M7D17M6D3M7D22M4D11M4D6M6D14M11D222M1I28M2D9M16D12M1I20M4D22M1I64M
131	4293	0.513	1.028E-96	0	892	893	0	895	896	277M1I81M9I9M1I42M2I15M18I40M1D7M10D236M1I19M5D32M8D17M12D15M1I70M
67	4277	0.535	2.374E-96	5	892	893	6	963	964	263M5I9M4D45M6D13M1D11M1D26M7D5M12D49M2I24M3D21M7D14M4D16M17D230M1I19M2D12M11D16M1I15M5D20M1I70M
28	4277	0.526	2.374E-96	0	892	893	0	970	971	277M1I50M7D12M1D37M4D19M11D29M4D29M3D24M8D15M7D15M14D227M1I20M5D10M13D41M4D15M1I70M
16	4272	0.530	3.084E-96	0	890	893	34	977	978	277M1I32M1I21M5D60M2D10M4D12M10D29M2I11M4D12M4D9M4D37M7D185M1I38M1I17M4D7M14D23M1I20M3D15M1I68M
119	4269	0.520	3.608E-96	0	892	893	0	967	968	277M1I55M7D7M1D18M1D26M2D26M2D24M7D18M6D2M3D24M7D14M4D16M17D230M1I18M3D8M14D42M4D15M1I70M
6	4266	0.520	4.221E-96	0	892	893	0	969	970	277M1I50M7D49M4D19M3D12M12D73M11D25M21D229M1I22M5D8M13D34M4D22M1I70M
27	4265	0.524	4.448E-96	0	892	893	0	969	970	277M1I50M7D49M4D19M3D4M5D8M7D46M3D24M8D28M21D229M1I20M6D11M12D33M4D22M1I70M
127	4259	0.525	6.089E-96	0	889	893	43	1010	1013	275M1I58M1D25M7D18M23D41M1I42M3D19M9D3M18D8M3D209M1I37M1I25M16D15M1I27M4D15M1I67M
108	4245	0.530	1.267E-95	0	892	893	0	927	928	277M1I53M7D18M1D26M3D28M1D16M4D3M10D17M1I6M3D5M3I49M4I231M1I18M3D3M13D10M1D52M1I70M
94	4232	0.522	2.501E-95	0	892	893	0	923	924	277M1I48M6D10M1D13M1D26M3D51M13D13M1I33M3I30M2I227M1I22M4D2M13D29M1I32M1I70M
22	4223	0.504	4.005E-95	0	892	893	0	957	958	277M1I49M6D42M4D21M5D10M1I33M2D21M20D52M11D231M1I18M16D7M1D43M4D15M1I70M
102	4168	0.495	7.119E-94	0	892	893	0	963	964	275M1I51M6D13M1D11M1D24M4D34M11D6M1D16M1D20M3I24M8D8M21D249M1I21M3D3M11D12M5D14M4D35M1I71M
73	4077	0.534	8.323E-92	23	889	893	2	930	933	252M1I61M3D24M5D16M4D44M5D31M4D5M3D15M1I37M5D9M2D10M14D172M1I35M2I17M2I8M21D20M2D22M2D14M1I67M
74	4074	0.529	9.737E-92	7	880	893	1	924	926	270M1I81M7D33M1D9M10D18M10D12M2I5M2I12M4D3M1D31M3D25M8D190M2I31M2I29M11D17M1I3M1I20M5D15M1I44M2D14M
68	4043	0.514	4.930E-91	2	889	893	7	898	901	9M10I7M2I245M1I66M4D19M5D31M1D38M6I15M3I18M2I38M1D186M1I39M1I18M13D12M3D38M4D15M1I67M
60	4035	0.487	7.493E-91	5	892	893	1	991	994	10M2D16M8D6M5D228M10I1M9D29M3D24M5D12M3D36M5D33M17D54M8D10M8D23M23D18M3I11M7D170M1I55M3D16M7D30M5D24M1I67M
65	4013	0.518	2.369E-90	5	892	893	0	876	879	272M1I27M2D29M8D16M2D30M4D15M2D15M4D5M15D36M3I54M1D3M1D188M1I42M29I9M15I27M1I70M
80	3890	0.518	1.478E-87	42	889	893	1	928	931	235M1I54M1D27M7D10M4D30M19D19M1I42M3D19M1D34M10D11M20D173M1I39M1I17M2I8M18D20M1I18M5D17M1I67M
104	3876	0.494	3.074E-87	0	892	893	0	937	938	44M32I201M1I55M7D43M4D23M11D21M4D37M3D9M4D10M4D30M21D229M1I22M2I6M20D41M4D15M1I70M
32	3863	0.509	6.069E-87	42	892	893	1	928	929	235M1I50M7D41M4D27M3D4M8D20M4D34M7D22M4D30M21D229M1I15M5D15M13D41M4D15M1I70M
84	3807	0.508	1.137E-85	47	889	893	0	926	929	230M1I68M8D31M4D22M19D19M1I43M3D18M1D34M10D9M25D177M1I37M1I29M12D21M2D16M5D17M1I67M
128	3725	0.413	8.299E-84	5	892	893	6	874	876	262M6D11M4I18M20I29M1I12M9I24M1D25M2I29M5I41M11D17M14I76M3D8M2I137M1D24M7D19M8D9M2D22M1I67M
117	3635	0.387	9.208E-82	0	892	893	0	995	1003	5M2D261M3D37M22D72M4D9M1D26M1I18M3D53M1I20M13D21M1D89M1D122M1D19M8D32M8D8M39D28M1I70M
110	3527	0.490	2.620E-79	90	892	893	0	879	880	186M1I56M7D44M4D18M5D4M6D26M4D36M3D17M8D28M21D229M1I21M3D3M15D40M4D22M1I70M
92	3511	0.386	6.052E-79	5	888	893	1	1080	1084	275M3D27M23D7M3D5M15D15M4D21M2D7M4D20M10D24M8D12M2D17M5D45M10D21M12D12M6D99M2D126M1I10M50D27M16D32M23D17M1I63M
122	3449	0.354	1.552E-77	7	886	893	6	990	1001	267M1D61M29D21M1I4M4I74M2I71M9I9M3I79M1D117M1D25M24D6M32D19M14D20M1D23M1I45M3D4M18D10M1D5M
103	3419	0.453	7.456E-77	26	889	893	0	883	886	49M4I8M5I7M2I164M10I3M3D4M1D23M2D48M5I23M2D54M10D17M4D2M16D21M2I36M5I90M2D142M1D43M3D14M10D18M1I64M
81	3386	0.496	4.192E-76	39	805	893	7	821	885	238M1I55M7D7M1D11M1D24M4D20M5D14M4D23M2I20M8D24M7D8M2D12M1D8M18D232M1I17M9I23M3D18M
101	3361	0.373	1.551E-75	5	891	893	20	935	936	263M8I2M1D18M4I29M4I28M6I46M1D9M2I44M6D44M15D17M3D4M4D65M2D99M11D55M3D56M8D17M1I66M
8	3320	0.359	1.325E-74	0	892	893	0	1010	1016	5M2D262M4D11M5D67M5D17M9D6M9D21M22D35M17D28M2I81M5D79M2D137M4D31M2D4M33D21M5D18M1I60M3I4M
126	3316	0.356	1.633E-74	0	886	893	4	806	808	102M2I162M1D12M3I29M16I5M4I14M40I42M10I10M10I16M9I19M12I16M7D129M1I37M2I27M4I18M4D35M2D4M1D17M17D19M1I15M1I3M1I40M
18	3270	0.321	1.813E-73	5	885	893	1	1242	1248	272M4D24M2D19M24D52M24D26M18D12M1D12M16D40M7D37M20D24M3D73M1I15M1D126M1I15M219D6M2D10M4D38M19D17M1I60M
91	3262	0.364	2.755E-73	0	892	893	3	786	788	4M1D101M1D162M1D11M4D3M2I12M12I8M53I6M5I24M14I14M28I22M1D47M4D2M2I63M2I14M3D1M1I82M1D8M7I29M2I42M2I3M1D22M1I14M1I19M2D17M4D31M
98	3229	0.355	1.549E-72	1	892	893	9	774	776	105M1D160M3D10M3D15M15I23M65I14M8I11M28I22M13I25M2I15M6D63M2I14M1D2M1D74M1I7M1D8M7I28M2I24M2I23M1I19M1I14M1I17M2D20M4D31M
100	3206	0.362	5.160E-72	0	885	893	0	790	806	3M1I263M11I18M17I16M5I5M5I12M24I15M9I13M5I17M2I5M9I27M4I8M8I27M1D82M1D2M1D86M3I3M5D34M2D17M5I25M1I21M4D17M1I26M1D34M
124	3194	0.369	9.669E-72	5	886	893	1	712	713	258M3D6M12D15M36I8M11I6M87I17M6D17M3I25M32I4M2I40M1D24M1I16M2D78M2I6M1D28M2I22M5D2M13I12M6I16M4I21M1I21M1D6M1I33M
97	3193	0.349	1.019E-71	1	892	893	22	784	786	105M1D160M4D11M3D14M15I9M53I9M21I7M6I12M19I9M4I22M4I46M2I1M2I62M3I14M1D2M1D84M1D6M7I28M2I12M5D11M9I14M1D22M1I17M1I19M1D17M2D30M
114	3126	0.363	3.393E-70	5	888	893	5	926	929	215M1D45M10I8M4D27M1D41M5D21M7D34M2D47M2I12M8D46M2D7M8D72M2D87M5I16M3D51M4D57M9D17M1I63M
0	3125	0.363	3.575E-70	0	892	893	8	752	754	106M1D160M3D9M6D2M3I11M15I27M36I7M7I17M64I11M5I16M2I7M17I8M2I63M3I13M1D2M1D77M1D5M1D8M7I28M2I12M3D33M5I32M1I18M2D21M2D31M
10	3121	0.357	4.408E-70	0	892	893	21	782	784	106M1D160M3D17M29I11M52I6M4I13M2I4M1D10M26I6M9I33M3I37M1D2M2I63M2I14M3D1M1I84M6I36M2I23M2I17M2I23M1I13M1I19M2D22M2D29M
120	3106	0.366	9.662E-70	2	892	893	4	760	764	102M2I171M7I9M15I39M22I24M9I7M2I11M1I28M9D18M4I5M43I6M5I39M2D40M1D2M1D49M2I16M1D49M4I6M2I12M27I21M2I6M1I15M1I16M1I44M2D6M
96	3093	0.329	1.908E-69	5	892	893	38	941	948	30M5I227M7D14M1I47M5I27M7I35M4I19M1I11M6I7M22D2M11D12M4D18M3D15M1D27M2D4M2D4M1D62M4I15M2D49M1I32M1I59M4I8M2D41M1I15M1I67M
7	3074	0.354	5.155E-69	0	892	893	0	819	857	3M3D100M1D162M5I15M3I45M2I14M27I22M3I13M5I19M22I11M9I16M3I19M1I11M2I39M2D43M3D46M2I17M1D12M2I10M4I32M2I27M5D31M1D11M2D12M1I20M2D50M
20	3070	0.348	6.355E-69	4	885	893	6	740	772	261M7I14M75I6M22I18M17I25M6I23M4I19M8I10M6I5M2I39M2D42M2D47M2I17M1D25M7I15M3I78M6D15M1I19M6D1M4I39M
95	3056	0.349	1.322E-68	5	892	893	1	715	720	97M2I172M7I10M85I46M2I16M17I16M35I23M2D34M2D44M2D51M2I16M1D51M6I14M16I33M4I5M1I15M1I17M1I41M1I7M
1	3052	0.342	1.630E-68	0	885	893	0	763	787	267M6I12M35I6M19I11M15I7M2I19M2I17M8I13M45I10M4I18M6I8M1I26M1D14M2D39M1D3M1D49M2I16M2D14M1I22M4I11M4I22M2D7M1D46M2D14M1I15M1D6M2D5M7D10M11D24M
89	3049	0.349	1.907E-68	3	885	893	5	746	777	101M1D164M8I11M49I16M14I9M9I19M24I5M8I4M10I22M1I23M17I13M2I39M2D38M3D3M1I49M2I16M1D19M7I23M3I76M6D14M1I19M6D1M4I39M
40	3041	0.346	2.898E-68	0	885	893	1	745	776	104M1D162M11I12M6D9M67I1M1D4M1D40M1D11M5I7M24I15M42I16M2I39M2D38M3D3M1I47M2I18M1D10M2I7M5I22M3I75M4D6M2D12M1I24M2D39M
87	3039	0.345	3.218E-68	3	885	893	5	738	770	98M1D168M8D23M9I11M59I12M62I6M19I12M1I26M1I10M1I9M2I39M2D42M2D47M2I17M1D11M2I7M5I25M3I52M4I18M6D16M1I19M6D1M4I39M
63	3027	0.352	6.029E-68	3	885	893	5	746	778	98M1D167M7I9M46I8M12I13M3I8M9I15M19I21M4I9M16I15M15I11M4I8M1I9M2I39M2D43M2D46M2I17M1D14M4I6M3I20M3I68M1D10M1D15M1I19M6D1M4I39M
88	3013	0.347	1.254E-67	3	885	893	5	738	770	262M10I11M45I9M12I8M5I12M3I24M9I5M46I14M4I21M4I5M4I3M5I6M2I39M2D38M3D3M1I49M2I12M1D23M7I20M3I78M6D15M1I19M6D1M4I39M
2	2988	0.352	4.639E-67	4	892	893	9	780	781	102M1I54M1I110M5I19M5I29M43I33M4I9M1I13M3I11M7I16M10I10M42I36M1D43M3D49M1D11M1D6M4D65M4D16M14I26M5I23M1I16M3D11M5D12M3D27M
14	2973	0.352	1.017E-66	3	886	893	83	883	886	106M25I5M3I72M1D65M2I33M4I4M1I26M2I10M8I82M9I21M2D46M6I78M1D2M1D83M1D4M1I38M2I13M21I25M4I21M1I61M
125	2956	0.337	2.475E-66	5	884	893	27	808	813	262M2D26M9I7M15I37M11D7M14I6M2I19M14I12M19I28M1I12M3I29M8I60M13I131M2I7M1D8M3D22M11I9M3I24M1I59M
37	2897	0.326	5.424E-65	2	881	893	0	799	829	13M2D144M1I107M6D10M7I12M11I11M9I3M38I9M1I7M9I19M25D10M13I7M12I30M1D12M2I29M3I40M2D40M1D2M1D49M2I16M1D13M1I11M2I22M4I20M3D3M10I27M1D14M1D17M1I20M2D37M
36	2838	0.316	1.189E-63	2	888	893	0	804	829	12M2D145M1I107M6D10M7I12M11I25M2I28M19D25M6I10M3I12M36I14M19I10M5I11M4I9M5I40M2D40M1D2M1D49M2I16M1D13M1I11M2I22M4I18M8D7M13I53M1I17M4D4M2I33M2I6M
21	2735	0.370	2.604E-61	3	755	893	2	701	745	211M1D51M3I26M7I20M7I7M1D19M19I14M2I28M2I6M2D28M2I36M9I30M2I79M3D1M1I72M1I10M3D3M4I26M4I23M
123	2674	0.424	6.335E-60	44	715	893	0	713	715	222M6D1M4I14M2I74M6I10M4I35M5D6M3D8M9D21M15D13M3D26M2D39M12D152M1D21M2D14M
12	2536	0.344	8.662E-57	4	807	893	1	673	675	263M3I29M8I26M4I13M18I18M1I13M22I29M41I14M5I17M1I1M2I28M1I6M2D35M1D6M1I5M2I45M2I17M1D13M5I23M1I15M6I10M10I23M2I20M
121	2534	0.326	9.618E-57	11	779	893	1	618	619	256M6D33M52I2M13I6M10I23M3I3M13D5M23I5M4I7M3I15M55I3M1D25M1D11M2D44M2D50M2I16M2D14M2I9M3I21M4I23M4I20M
9	2315	0.292	9.111E-52	1	886	893	3	609	639	100M1D164M7I13M101I20M17I10M4I17M75I2M8D2M5I3M26I3M45I45M2I17M1D14M5I4M2I25M3I49M2D41M1I20M2D44M
11	2199	0.345	3.940E-49	0	762	893	0	581	596	40M27I2M5I198M5D19M5I12M3I10M94I17M9I8M12I28M9I6M18I4M3D4M3I24M1D14M2D40M1D2M1D49M2I16M2D14M2I8M3I22M4I30M
19	1946	0.220	2.211E-43	5	892	893	12	734	735	26M1D20M2D42M1I9M1I44M1D11M5D6M8D18M1I3M3D27M2D51M5D14M1D12M89I19M17I12M13I10M6I20M5I8M35I5M4I12M2D6M2D46M1I15M1I4M4D81M4D35M1I6M6I46M4I20M19I17M1D11M1I14M1I12M
90	1419	0.180	2.090E-31	0	882	893	0	690	697	33M1I10M5I56M1I40M5D17M1I21M1I21M1D6M13I4M1I34M21D7M1D13M83I14M5I9M16I6M4I8M24I17M25I11M3I6M17I38M3I3M2D10M1D22M5D38M1I3M5D7M3I18M2D19M14I25M4I4M15I49M1D4M2D5M1I7M1I3M1D12M1I3M2D6M1D15M1D16M
4	1322	0.175	3.344E-29	0	886	893	0	687	688	4M1I44M4I52M1I38M3D5M2D14M1I22M1I20M1D3M3D9M12I38M5I11M22I8M5I30M3I17M15I13M2I3M11I4M1I15M21I26M32I17M10I3M3D28M3I11M3D2M1D8M2I12M4D3M1I8M5D26M6D3M2I8M3I16M2D18M10I2M2I16M2I13M20I5M40I2M1I9M1D2M7I15M3D23M3D11M1D10M
129	1178	0.183	6.259E-26	10	879	893	0	646	656	23M1I9M35I3M2D4M1D20M1I39M3D5M2D13M1I18M1I24M1D6M13I4M1I36M2I16M28I6M40I2M6D6M7I20M8I16M15I13M9I15M28I3M21I10M7I32M3I7M2D6M1D8M1D10M3D11M1D33M1D2M3D9M3I16M2D19M14I16M4I14M1D9M4I26M2I13M1I7M3D1M1I7M10I3M1D16M1D6M1D13M1D15M
99	982	0.184	1.780E-21	5	615	893	17	449	450	28M1I14M5I49M1I41M3D3M1D14M1I23M1I24M1D15M11I30M5D10M4D10M85I10M16I12M3I19M10I3M11I28M43I7M4I2M5I27M3I9M3D4M1D22M4D7M
17	810	0.169	1.442E-17	9	882	893	3	760	985	22M2I11M5I6M1D11M1D9M1I4M1D25M1I39M2D3M1D21M9D18M1I19M12D7M1D16M10D31M2I8M9D21M5D62M4D30M2D27M4D83M1I9M7D25M4I18M2I5M6I6M21I4M2I15M78I8M37I44M1D37M6I4M14I7M4I6M1D26M
93	616	0.149	3.692E-13	11	527	893	13	654	803	34M4I8M3I33M1I12M1I38M4D2M3D16M2I4M1I13M2D26M1I3M3I6M2I6M20D31M2I8M2D105M109D37M2D88M1I7M4D19M
 94	6806	1.00	0.000E+00	0	923	924	0	923	924	924M
108	5938	0.902	0.000E+00	0	923	924	0	927	928	410M1I41M3D55M1D324M1D93M
30	5647	0.788	0.000E+00	0	923	924	0	971	972	334M1D53M1D32M34D34M3D68M2D24M1D232M1D57M5D90M
38	5608	0.791	0.000E+00	0	923	924	0	968	969	334M1D53M1D32M32D34M3D68M2D257M1D56M5D90M
112	5586	0.766	0.000E+00	0	923	924	0	970	971	334M1D53M1D32M34D34M3D12M1I8M1D47M2D296M1D16M5D91M
111	5578	0.812	0.000E+00	0	923	924	0	937	938	334M1D52M1D31M1D36M3D21M1D47M2D313M5D90M
27	5578	0.779	0.000E+00	0	923	924	0	969	970	334M1D14M2I37M1D23M34D43M3D21M1D50M2D255M1D55M5D90M
107	5575	0.786	0.000E+00	0	923	924	0	968	969	336M1D12M2I37M1D32M34D34M3D21M1D47M2D259M1D32M1I21M5D90M
62	5564	0.798	0.000E+00	0	923	924	0	930	931	337M1D50M1D63M3D32M4I35M2D259M1D5M10I3M9D36M4D90M
64	5558	0.775	0.000E+00	0	923	924	0	967	968	334M1D52M1D33M33D34M3D11M1I15M1I40M2D258M1D55M5D90M
39	5554	0.781	0.000E+00	0	923	924	0	964	965	336M1D51M1D31M34D32M3D32M4I35M2D258M1D13M3I1M2D38M4D90M
119	5548	0.770	0.000E+00	0	923	924	0	967	968	334M1D53M1I30M34D35M3D68M2D258M1D6M10I3M9D36M5D90M
28	5548	0.782	0.000E+00	0	923	924	0	970	971	334M1D14M2I18M1D19M1D23M2D9M32D34M3D21M1D50M2D253M1D57M5D90M
25	5546	0.781	0.000E+00	0	923	924	0	969	970	334M1D14M2I37M1D23M34D43M3D21M1D50M2D253M1D57M5D90M
85	5533	0.783	0.000E+00	0	923	924	0	969	970	334M1D14M2I38M1D24M34D41M3D21M1D53M2D253M1D54M5D90M
106	5532	0.789	0.000E+00	0	923	924	0	969	970	334M1D14M2I37M1D25M34D40M3D22M1D50M2D256M1D54M5D90M
86	5524	0.784	0.000E+00	0	923	924	0	969	970	334M1D14M2I37M1D32M34D34M3D21M1D50M2D256M1D54M5D90M
26	5517	0.783	0.000E+00	0	923	924	0	969	970	334M1D14M2I37M1D23M34D43M3D21M1D50M2D253M1D57M5D90M
5	5510	0.781	0.000E+00	0	923	924	0	969	970	334M1D14M2I37M1D23M34D43M3D21M1D50M2D253M1D57M5D90M
53	5496	0.781	0.000E+00	0	923	924	0	963	964	334M1D53M1D32M34D35M3D55M6I7M1D256M1D56M5D90M
29	5483	0.779	0.000E+00	0	923	924	0	969	970	337M1D11M2I37M1D23M34D43M3D21M1D50M2D253M1D57M5D90M
6	5481	0.778	0.000E+00	0	923	924	0	969	970	334M1D14M2I37M1D32M34D34M3D21M1D50M2D253M1D57M5D90M
34	5469	0.783	0.000E+00	0	923	924	0	969	970	334M1D14M2I37M1D25M34D41M3D21M1D50M2D253M1D57M5D90M
33	5467	0.766	0.000E+00	0	923	924	0	969	970	334M1D14M2I37M1D32M34D34M3D21M1D47M2D260M1D53M5D90M
24	5461	0.773	0.000E+00	0	923	924	0	969	970	334M1D14M2I37M1D24M34D42M3D21M1D47M2D259M1D54M5D90M
105	5459	0.769	0.000E+00	0	923	924	0	962	963	337M1D50M1D32M33D34M3D68M2D266M6I41M5D90M
22	5456	0.761	0.000E+00	0	923	924	0	957	958	355M2I30M1D25M27D16M2I21M3D70M2D313M5D90M
75	5449	0.772	0.000E+00	0	923	924	0	969	970	334M1D53M1D26M34D40M3D30M1I37M2D259M1D50M5D94M
31	5436	0.780	0.000E+00	0	923	924	0	969	970	337M1D11M2I37M1D23M34D43M3D21M1D50M2D253M1D57M5D90M
61	5432	0.758	0.000E+00	0	923	924	0	932	933	334M1D52M1D51M10I18M8D27M1D29M2D258M1D50M5D95M
131	5339	0.731	0.000E+00	0	923	924	0	895	896	334M1D52M1D33M33D36M72I251M1D30M3D26M5D90M
67	5286	0.702	0.000E+00	5	923	924	6	963	964	378M1D33M32D37M3D74M2D253M1D3M5I7M1D14M1I24M5D90M
104	5089	0.740	0.000E+00	0	923	924	0	937	938	44M32I258M1D14M2I37M1D24M34D42M3D21M1D47M2D259M1D54M5D90M
32	5006	0.774	0.000E+00	42	923	924	1	928	929	292M1D14M2I37M1D23M34D43M3D21M1D50M2D253M1D57M5D90M
102	4951	0.661	0.000E+00	0	923	924	0	963	964	384M1D34M5D7M27D19M3I27M1D43M2D264M1D24M1D29M5D90M
72	4896	0.642	0.000E+00	0	922	924	0	957	958	386M1D31M26D49M4D7M1D22M1D13M1D31M1I177M1I84M3D121M
127	4774	0.629	0.000E+00	4	922	924	47	1012	1013	382M1D30M37D50M4D7M1D23M2D13M1D30M1I177M1I84M3D121M
118	4755	0.628	0.000E+00	0	922	924	0	977	978	386M1D32M37D39M4D16M1D26M1D20M2D18M1I175M1I18M2D47M1D35M3D21M5D88M
110	4725	0.763	0.000E+00	90	923	924	0	879	880	244M1D14M2I37M1D32M34D34M3D21M1D50M2D256M1D54M5D90M
73	4542	0.611	0.000E+00	23	922	924	2	932	933	363M1D51M28D62M1D24M4I186M1I36M1I30M2D55M5D87M
68	4522	0.609	0.000E+00	1	922	924	6	900	901	10M10I7M2I301M1D55M1D31M6I13M13I19M5I23M1D23M4D14M1I181M1I86M1I30M5D90M
115	4519	0.565	3.483E-104	0	922	924	0	981	982	305M3D20M1D38M1D23M1D10M1D41M29D15M7D19M2D22M1D29M3D233M1D25M2D56M7D87M
16	4490	0.593	1.410E-103	5	916	924	39	972	978	300M1I39M3I38M1D10M1D12M2I25M30D32M5I69M2I173M1I69M1D49M3D82M
15	4450	0.576	1.202E-102	5	916	924	41	977	983	298M1I48M4I30M1D10M1D12M30D72M1I19M2D8M6I27M2I173M1I69M1D38M5D93M
74	4424	0.585	4.835E-102	7	918	924	1	912	926	338M1I49M1D29M17D13M19D17M1I9M12I53M1I188M2I30M1I28M1I50M1I61M17I10M
81	4412	0.768	9.193E-102	39	811	924	7	820	885	295M1D48M1D37M32D24M1I9M3D68M2D256M3D35M
80	4368	0.621	9.698E-101	42	922	924	1	930	931	344M1D30M37D50M4D7M1D23M1D23M3D20M1I175M1I66M1I50M5D90M
3	4361	0.515	1.411E-100	0	922	924	0	881	882	268M9D5M8I51M1I7M15I10M1I23M1D48M13I40M8I45M4D212M1D24M14I39M4D91M
109	4360	0.517	1.488E-100	0	922	924	0	914	915	281M1D40M3D36M3I35M1D42M12I45M3D6M10D40M4D215M1D14M2D17M17I117M1I2M
130	4356	0.556	1.844E-100	0	922	924	0	982	983	295M3D35M1D37M1D27M2D17M28D4M6D10M2D50M1D4M5D16M1D31M2D12M1D217M1D63M2I17M8D86M
84	4355	0.607	1.945E-100	47	922	924	0	928	929	339M1D28M37D52M4D7M1D23M1D31M8D12M1I177M1I80M1I13M1I22M5D88M
44	4353	0.518	2.165E-100	0	923	924	0	882	886	265M7D8M6I53M1I7M15I10M1I23M1D48M13I88M4I210M1D27M14I39M4D92M
49	4325	0.512	9.697E-100	0	923	924	0	858	862	266M10D4M9I53M1I7M15I10M1I23M1D27M10I11M30I26M5I44M4D213M1D24M14I39M4D92M
52	4314	0.505	1.748E-99	0	923	924	0	904	913	266M10D4M9I52M3I31M1I16M1D31M2D17M18I54M1D43M7D210M1D24M14I39M4D92M
59	4310	0.530	2.165E-99	6	923	924	7	981	982	288M3D33M1D40M1D17M2D46M36D23M4D45M7D9M9D208M5I2M4D30M1D19M2I9M1I23M2I27M3I80M2D6M
54	4308	0.514	2.410E-99	0	923	924	0	919	923	281M1D39M3D18M2I27M1D15M1I54M13I45M2D30M14D230M1D24M14I39M4D92M
51	4308	0.516	2.410E-99	0	921	924	0	925	932	281M1D42M3D15M6I23M1D28M1D42M13I29M7D12M12D54M7D210M1D24M14I39M4D90M
57	4306	0.521	2.682E-99	0	918	924	0	921	931	278M1D23M1I65M1D27M1D25M1D18M12I36M3D24M12D16M1D20M5D207M1D27M14I37M3D9M1D80M
113	4295	0.520	4.834E-99	0	918	924	0	905	915	268M8D4M7I56M7I24M1D28M1D43M12I41M7D11M5D14M3D9M4D228M1D21M3I3M14I126M
50	4281	0.512	1.023E-98	0	923	924	0	904	906	265M11D3M10I43M3D17M4I25M1D15M1I59M5I30M2D30M3I11M4I227M1D27M14I33M3D12M1D86M
56	4279	0.514	1.139E-98	0	923	924	0	927	931	266M10D4M9I44M1D18M2I16M1I22M1D55M13I13M1D10M5D10M2D9M4D22M7D31M7D210M1D21M3I2M11I40M4D92M
41	4263	0.514	2.682E-98	0	922	924	0	923	924	268M8D4M7I19M4I8M1D55M1I16M1D24M2D28M15D40M1I29M1I15M4I230M1D15M1I6M1I2M14I16M1I22M4D87M4D4M
77	4258	0.508	3.505E-98	0	921	924	0	916	925	277M1D44M3D44M2I70M9I9M6D7M1I8M1I53M2D19M7D211M1D28M16I33M4D90M
76	4256	0.514	3.902E-98	0	923	924	0	922	925	266M5D11M4I51M2I33M1D70M12I45M11D5M1D46M7D207M1D15M3I12M11I33M3D12M1D82M1D4M
48	4253	0.515	4.582E-98	0	922	924	0	898	899	266M12D4M11I10M1I9M1I39M3I2M2I14M1D27M3I18M4D27M10I30M1D275M1D20M4I12M13I25M2D12M3D85M
46	4247	0.500	6.318E-98	0	919	924	0	917	926	265M11D3M10I45M3D15M6I23M1D28M1D42M10I54M2D44M7D210M1D27M18I34M4D59M12D27M
71	4245	0.502	7.032E-98	1	919	924	13	926	934	266M9D4M8I88M1D15M1I54M13I44M4D18M13D27M1I212M1D27M14I39M4D88M
78	4244	0.510	7.419E-98	0	922	924	0	939	940	280M1D21M1I38M3I13M1D11M1D40M5D16M2I12M10I13M12D15M1D66M5D11M6D200M1D14M2I14M3I11M1I43M6D83M
69	4237	0.498	1.079E-97	0	923	924	0	920	924	266M9D5M8I66M11I11M1D17M1I52M12I19M1D19M3D13M14D19M3D26M7D207M1D17M6D9M20I34M4D92M
35	4231	0.502	1.488E-97	0	923	924	0	925	929	266M12D4M11I86M1D76M6I14M5D46M2D14M7D229M1D31M13I30M3D13M1D85M
42	4230	0.511	1.570E-97	0	922	924	0	932	933	279M1D12M3I16M1D30M4I12M3I46M3D32M10I2M12D26M1D23M5D17M2D32M4D205M1D45M6I34M6D86M
43	4229	0.509	1.656E-97	0	923	924	0	928	931	265M11D3M10I43M3D17M6I10M2D13M1D70M12I45M11D17M5D3M4D9M4D229M1D27M14I39M4D88M1D4M
13	4225	0.504	2.052E-97	0	923	924	0	890	894	266M10D4M9I42M3D17M9I19M1D27M1D29M3I12M13I23M2I14M3I263M1D24M14I30M4D101M
65	4214	0.531	3.698E-97	7	923	924	2	876	879	296M2D22M1D40M1D24M1D36M2I28M7D20M2D13M1D13M2D43M3D171M1I36M11I15M23I6M25I92M
116	4207	0.511	5.380E-97	0	923	924	0	892	893	268M8D4M7I46M6I9M1I14M1I26M3I52M12I24M3D42M2D237M1D22M4I2M13I29M1D32M1D70M
45	4189	0.499	1.410E-96	0	922	924	0	922	927	265M7D8M6I88M1D15M1I54M13I50M7D25M14D230M1D24M14I33M3D13M1D84M
23	4181	0.504	2.165E-96	0	922	924	0	934	935	279M1D22M1I51M7I47M5D6M1D17M2D12M6I12M3D15M1D29M5D23M2D19M4D3M1D206M1D51M1D30M1I86M
60	4171	0.503	3.698E-96	11	923	924	9	991	994	20M10D7M3D253M3D37M1I36M1D19M2D26M28D9M8D29M11D98M6D169M1I38M1D17M1I24M2D41M2I85M
83	4169	0.505	4.116E-96	7	918	924	32	942	947	258M12D5M11I20M3I6M2D29M3I4M3I18M1D19M2D24M7D20M8D10M7I28M1D29M4D31M1I216M1D24M11I4M6I35M6D87M
70	4143	0.497	1.656E-95	0	921	924	0	852	858	265M11D3M10I23M1I5M14D3M38I19M1D15M1I53M14I10M15I13M4I6M2I39M1I212M1D27M14I39M4D90M
66	4143	0.493	1.656E-95	0	923	924	0	921	923	82M1D198M1D21M1I34M5I10M10I46M5D16M2I11M14I45M1D42M23D218M1D42M6I34M6D79M2I6M
58	4139	0.506	2.052E-95	0	923	924	0	886	889	265M11D3M10I89M1D15M1I31M10I10M4I5M1I30M1I13M4I6M2I39M1I212M1D13M1I13M20I31M4D89M1D5M
82	4132	0.509	2.985E-95	2	918	924	27	942	947	5M1D259M12D4M11I16M1D42M3I4M2I19M1D19M2D18M6D25M9D11M7I28M1D26M1I251M1D19M16I16M1I27M6D87M
47	4085	0.503	3.697E-94	0	918	924	0	810	820	265M13D3M12I46M3D12M6I7M1I11M1D51M35I14M29I23M10I14M1I212M1D27M14I20M15I7M3I81M
55	3989	0.488	6.315E-92	0	923	924	0	889	893	112M1I168M1D82M1D7M2I25M1D34M10D5M8D43M5I15M3I138M1I48M1I39M21I6M3I2M1I17M9I7M7I85M1I36M
79	3769	0.487	8.250E-87	53	922	924	1	888	889	227M1D21M1I39M2I19M1D48M3D27M10I46M2I40M7D12M20D205M1D19M2I23M4I32M6D91M
117	3748	0.388	2.540E-86	0	923	924	2	995	1003	268M11D3M10I10M1I14M2I15M5D10M1I27M1D23M1I23M11D29M10I54M2D11M3D8M14D20M6D83M1D130M2D15M22D12M17D144M
128	3728	0.394	7.412E-86	0	923	924	0	875	876	2M1D266M6I5M9D21M8I23M23I11M10I41M2I12M20I60M1I14M9D14M2I89M1D124M1D13M3D40M1I108M1D8M
103	3724	0.496	9.182E-86	26	922	924	0	885	886	49M4I10M5I5M2I170M5I20M1D18M1D19M1I6M12I37M1I16M6D9M27D34M11D11M10I18M4I23M14I99M2D125M1D19M2I149M
92	3595	0.374	9.180E-83	5	921	924	1	1083	1084	264M2D9M2D32M2D39M5D8M5D12M11D35M3D10M7D20M1D13M6D27M1D43M10D12M10D15M25D85M2D136M53D26M7D26M12D20M1D81M1D4M
122	3490	0.353	2.539E-80	7	908	924	6	961	1001	261M2D48M6I20M26D7M1I86M13I5M2D35M7I13M5I32M4I79M1D127M2D11M4D6M17D20M18D19M11D16M5D71M2D10M
101	3436	0.369	4.575E-79	0	916	924	16	929	936	2M1I262M1I8M5I54M9D19M2D19M1D17M5D49M11I30M1D41M3I9M6D5M16I1M1D58M2D104M11D32M1D20M2I55M3I90M
8	3369	0.346	1.654E-77	4	923	924	6	1015	1016	262M26D16M12D70M4D36M3D5M5D6M1I37M10I5M7D23M1D3M3D28M9D39M2I83M2D127M1D11M13D41M14D30M1D78M2D7M
18	3333	0.315	1.137E-76	5	921	924	1	1247	1248	261M5D34M1D37M3D7M13D42M9D23M26D12M4D19M6I4M4D56M3D30M32D10M8D67M1I12M1D141M4D21M2D9M36D10M22D11M48D10M31D9M85D85M
126	3302	0.363	5.978E-76	6	917	924	10	806	808	97M2I164M9D2M10I19M7I26M37I6M7I41M25I22M1I3M17I17M25I12M7D133M1I37M2I27M5I4M2D16M1D67M7D36M1I2M1I40M
91	3238	0.346	1.840E-74	2	923	924	6	786	788	102M1D161M18D3M25I25M7I15M37I8M19I4M1I9M30I36M1I29M19I14M2I64M2I10M4D5M2I80M6I32M1I18M10I3M6I50M1D1M3I34M2D17M4D31M
114	3233	0.356	2.405E-74	5	916	924	5	923	929	215M1D50M5I15M2I108M7D10M3D24M9D6M7I30M1D11M3D27M1I93M2D85M12I3M5D8M5D35M1D15M6D45M7I18M2I78M
100	3230	0.339	2.825E-74	4	923	924	3	800	806	261M1D13M4I36M3I16M9I35M27I18M22I24M20I12M20I13M11I73M1D9M1D87M3I1M5D30M1D6M2D10M13I3M8I20M1I21M4D56M1D20M3D15M
98	3143	0.325	2.979E-72	2	923	924	10	774	776	104M1D160M10D6M4I7M10I12M51I12M35I5M40I42M5I26M1I90M2I8M1D8M1D74M1I9M6I30M1I18M5I22M10I29M2I2M3I32M2D22M4D28M
96	3140	0.343	3.499E-72	5	923	924	38	940	948	30M5I227M16D16M1I30M4I27M1I5M9I36M5I36M16D5M11D19M3D24M3D20M22I12M1I5M5D5M1D62M4I8M4D6M2I48M1I32M1I36M2I4M3D15M3D14M8I31M13I4M1I70M1I11M
97	3113	0.328	1.485E-71	3	923	924	24	784	786	103M1D159M16D8M19I13M51I18M27I35M14I23M1I14M9I6M24I13M5I3M2I61M3I8M1D8M1D84M6I30M1I18M2D12M12I18M10I56M1D16M2D31M
124	3108	0.340	1.941E-71	5	912	924	1	707	713	258M3D2M23D15M21I19M109I8M1D5M2I19M33I11M24I8M3I5M2I40M1D22M1I18M2D82M1I45M1I11M25I34M9I40M1D6M1I28M
7	3090	0.344	5.089E-71	2	923	924	5	821	857	103M1D173M13I17M10I14M24I41M5I20M8I7M11I5M3I32M4I25M12I6M7I5M2I39M2D43M3D46M2I17M1D14M3I7M3I23M1I30M9I50M1D38M2D38M2D12M
10	3081	0.334	8.240E-71	0	923	924	21	782	784	106M1D159M15D12M12I29M3I3M45I25M12I7M35I6M5I11M8I10M20I8M12I20M2I62M2I11M4D5M2I82M6I30M1I21M9I9M9I12M2D23M5I35M2D21M2D29M
1	3063	0.322	2.160E-70	0	923	924	0	778	787	265M5D26M43I10M11I10M50I22M11I14M4I5M26I13M19I18M1I26M1D13M2D37M1D6M1D49M2I16M2D14M1I9M7I47M8I20M1I27M1D8M3I30M1D6M2D9M7D6M8D2M3D22M8D7M
120	3059	0.335	2.676E-70	4	923	924	6	758	764	99M2I163M8D21M9I13M1I19M28I10M1I20M10I65M60I11M15I38M2D34M1D7M1D49M2I15M1D51M4I7M1I12M19I16M24I9M3I35M1I46M
87	3057	0.322	2.979E-70	1	923	924	3	750	770	104M1D162M1D9M8D37M2I15M45I6M30I10M28I15M28I9M37I9M2I39M2D42M2D47M2I17M1D11M2I5M5I27M2I21M4I5M10I11M3I38M3D34M2D43M5D7M
89	3054	0.327	3.498E-70	3	923	924	5	758	777	102M1D164M16I18M20I15M32I11M2I10M19I9M29I12M29I19M10I27M2I39M2D43M2D48M2I16M1D13M3I3M4I26M2I22M1D57M11I40M2D39M5D7M
40	3046	0.326	5.369E-70	3	923	924	4	757	776	102M1D171M41I16M5D5M32I14M15I1M6I29M22I6M25I19M14I8M6I11M3I39M2D43M2D46M2I18M1D13M3I3M4I24M2I25M1D56M11I40M2D39M5D7M
0	3036	0.330	9.171E-70	0	923	924	8	752	754	106M1D160M19D7M1I9M2I53M40I8M15I15M33I11M85I3M2I62M3I7M1D8M1D77M1D7M6I30M1I16M4D10M21I12M1I61M2D21M2D31M
95	3021	0.333	2.048E-69	5	923	924	1	715	720	97M2I163M9D4M130I14M2I5M27I21M5I16M1I26M9I19M6D4M2I37M2D27M1D11M1D52M2I16M1D50M4I7M1I11M9I24M15I5M8I4M2I2M3I35M1I38M1I7M
20	2981	0.315	1.744E-68	3	923	924	5	752	772	271M39I20M5D8M17I16M10I33M12I8M33I8M14I8M42I5M2I39M2D43M2D46M2I17M1D12M2I5M5I24M2I23M5I59M5I37M2D42M5D7M
88	2977	0.312	2.160E-68	2	923	924	4	750	770	271M10I6M27I22M32I16M16I13M5I13M16I10M21I26M37I4M2I39M2D36M3I3M5D49M2I12M1D15M2I6M5I23M2I21M1D10M6I50M5I40M2D39M5D7M
2	2975	0.336	2.404E-68	1	920	924	6	779	781	103M1I56M1I112M4I19M27I16M12I45M4I28M20I16M27I11M9I5M34I34M1D43M3D49M1D11M1D6M4D58M5D26M12I7M24I16M2D4M1I32M3D11M5D12M3D16M2D8M
37	2975	0.317	2.404E-68	4	923	924	2	810	829	11M2D144M1I105M16D6M22I8M25I11M35I27M16I8M10I6M10D35M1I51M2I18M5I37M2D37M1D5M1D49M2I15M1D14M1I15M2I22M3I14M10D11M11I29M20I38M2D48M
63	2969	0.322	3.315E-68	3	923	924	5	768	778	102M1D162M1D6M26I9M20I12M55I6M12I18M18I25M6I11M16I28M1I11M2I39M2D39M4D2M2I46M2I17M1D11M2I5M5I25M2I36M3I42M11I35M4D3M2I39M15D7M
125	2938	0.320	1.743E-67	3	920	924	25	812	813	268M3D21M11I31M21I13M16D33M7I19M20I19M27I24M14I13M8I61M13I124M1I13M1D20M5I14M2I14M20I77M1I4M
36	2914	0.316	6.303E-67	4	923	924	2	810	829	10M2D145M1I105M16D6M22I8M25I11M35I27M12I11M11I6M7D25M5I16M1I61M2I39M2D37M1D5M1D49M2I16M1D13M1I15M2I22M2I6M1I8M10D11M11I29M20I35M4D3M2I46M
14	2909	0.331	8.238E-67	0	919	924	80	885	886	110M25I3M4I2M1D70M1D51M10D2M2I13M7I30M3I18M8I9M11I27M2I4M9I13M1I13M12I51M2D39M2I6M2I75M1D6M1D128M1I9M6D10M17I8M15I3M16I2M1D81M
21	2803	0.358	2.404E-64	0	771	924	0	701	745	2M1I211M1D51M8D7M2D10M1D17M3D21M1D31M17I69M42I27M21I20M2I72M1D9M1D72M1I10M5D1M6I27M4I6M1D15M
123	2696	0.414	7.398E-62	44	732	924	0	713	715	222M1D41M9D28M1D39M7D30M6D27M3D85M5I177M1D15M2D20M
121	2537	0.325	3.687E-58	11	791	924	1	618	619	256M16D5M9I9M7I10M91I30M6I15M5I4M37I15M20I12M1I31M1D11M2D39M1D5M1D50M2I13M2D17M2I9M3I22M3I42M
12	2493	0.328	3.890E-57	4	810	924	1	673	675	261M10D79M8I5M43I5M8I15M21I8M15I6M14I16M20I12M1I6M2I27M1I12M2D30M1D7M1I3M2I45M2I15M1D13M2I39M9I10M4D21M3I20M
9	2370	0.287	2.820E-54	3	923	924	5	619	639	102M1D160M6D24M44I8M29I5M19I11M31I14M96I6M32I4M44I45M2I17M1D14M4I4M3I25M2I19M1I8M8I6M8I16M2D3M4I17M5D36M2D44M4D6M
11	2194	0.318	3.493E-50	0	776	924	0	581	596	42M32I201M2D25M20I16M14I31M13I4M2I13M2I7M7I11M7I3M99I25M1D15M2D35M1D6M1D49M2I15M2D24M5I22M3I17M2D10M
19	1816	0.205	2.156E-41	5	923	924	12	732	735	27M1D17M2D44M1I11M1I42M1D11M5D6M8D18M1I3M3D27M2D52M171I3M6D20M15I18M1D30M2I9M1D29M2D6M2D46M1I5M1D16M2D78M4D52M2D31M12I19M15I5M19I17M1D26M4I9M
90	1329	0.171	4.558E-30	7	916	924	7	693	697	25M1I15M5I52M1I40M5D17M1I21M1I29M12I3M1I34M33D9M81I9M40I11M15I7M10I18M16I13M12I4M16I10M15I36M3I8M2D6M1I5M5I6M2D10M10D35M1I1M5D7M3I19M2D22M11I15M4I6M2I19M14I30M13I12M1I4M1I10M1D12M1D11M1D14M1D19M
4	1314	0.185	1.018E-29	9	917	924	8	686	688	40M4I51M1I38M3D4M2D16M1I22M1I22M4D10M12I37M51I18M35I14M22I31M14I24M1D27M2I3M18I58M3I14M3D2M1D8M2I10M5D9M2I3M5D30M2D6M2D4M3I18M2D15M8I11M4I11M20I12M55I6M3I5M4D12M7I7M1D22M3D21M
129	1223	0.167	1.330E-27	12	910	924	0	646	656	5M2D14M1I11M35I3M2D2M1D21M1I41M5D17M1I18M1I33M13I36M9D14M156I25M11I18M25I24M1I16M8D32M3I8M2D6M1D8M1D14M3D7M1D33M1I1M5D10M3I16M2D19M11I19M6I25M13I13M2I5M4I27M1I7M9I3M1D16M1D6M1D13M1D15M
99	966	0.170	1.260E-21	5	632	924	17	449	450	8M1D1M1I16M1I13M5I54M1I38M3D4M1D14M1I23M1I24M2D12M12I34M164I21M3I24M1I41M8I20M4I2M5I12M1D3M1I9M2I2M1I9M4D2M2I5M2D19M4D5M
17	774	0.159	3.676E-17	9	835	924	3	900	985	21M2I26M3I14M1I4M1D26M1I38M2D3M1D15M2I6M11D17M1I18M12D8M8D3M7D7M4I30M20D7M27D16M16D21M13D40M4D35M8D59M12I24M2I70M5I5M6I8M2D6M6I13M13I7M1D13M9D13M37D15M60I15M2D38M8D68M
93	617	0.145	1.646E-13	11	654	924	13	801	803	34M7I41M1I11M1I39M3D3M4D15M2I4M1I13M2D29M4I6M2I6M20D32M3D7M6D14M21D67M106D20M1D49M3D24M6I24M26D13M2D31M2D15M1I13M4I19M4I3M5I10M17I23M1I7M2D16M
 