47	6433	1.00	0.000E+00	0	819	820	0	819	820	820M
43	5316	0.755	0.000E+00	0	816	820	0	928	931	345M3D73M12D7M27D14M47D27M1D258M22D93M
69	5265	0.740	0.000E+00	0	816	820	0	921	924	340M7I42M1I28M32D9M8D12M50D27M1D257M11D7M11D87M
50	5245	0.760	0.000E+00	0	810	820	0	899	906	344M3D43M1I27M18D24M46D26M1D259M22D87M
52	5206	0.748	0.000E+00	0	812	820	0	901	913	328M2I5M2I8M3D46M1D20M3D3M20D10M12D12M31D30M1D256M11D8M11D83M
51	5205	0.744	0.000E+00	0	819	820	0	930	932	347M1D45M1D21M21D13M17D13M49D27M1D258M22D93M1I2M
35	5201	0.754	0.000E+00	0	816	820	0	926	929	334M1D12M3D72M12D7M24D14M46D27M1D236M1D21M11D7M11D87M
56	5195	0.734	0.000E+00	0	809	820	0	921	931	325M2I15M3D50M1D26M12D7M27D14M48D25M1D260M22D86M
71	5191	0.733	0.000E+00	4	816	820	16	931	934	343M4D44M1I30M8D5M30D12M39D27M1D258M22D93M
46	5182	0.743	0.000E+00	0	819	820	0	924	926	347M1D45M1D19M16D13M8D15M49D26M1D229M4I25M11D4M11D58M12D32M1I2M
76	5179	0.750	0.000E+00	0	816	820	0	922	925	345M2D38M1I8M1D26M12D7M27D14M42D29M1D256M22D93M
113	5172	0.729	0.000E+00	0	816	820	0	911	915	345M1D3M4I39M1D27M12D7M27D8M3D6M39D27M1D227M3I28M18D93M
45	5165	0.736	0.000E+00	0	816	820	0	924	927	347M4D44M1I26M14D4M29D17M39D27M1D258M17D10M5D83M
109	5148	0.736	0.000E+00	0	810	820	0	911	915	345M3D47M1D21M5D7M17D6M17D12M43D22M2I249M1I12M18D87M
13	5137	0.746	0.000E+00	0	811	820	0	886	894	345M2I45M1D37M26D11M5D2M22D23M1D259M22D88M
116	5115	0.727	0.000E+00	0	815	820	0	892	893	350M5I26M3I34M12D7M27D14M28D27M1D231M3I24M19D22M1D70M
54	5108	0.741	0.000E+00	0	810	820	0	914	923	347M5D44M1I26M12D7M26D14M39D27M1D258M22D87M
49	5103	0.752	0.000E+00	0	810	820	0	853	862	328M2I12M12I37M1D27M12D3M2D16M4D7M2D19M14D261M22D87M
58	5078	0.755	0.000E+00	0	816	820	0	886	889	347M4D44M1I28M12D19M39D27M1D221M7I30M22D93M
70	5073	0.735	0.000E+00	0	816	820	0	855	858	307M14D2M35I47M1I26M12D12M9D4M8D1M9D31M1D258M22D93M
57	5065	0.724	0.000E+00	0	819	820	0	930	931	302M1I41M4D48M1D21M16D14M24D5M7D7M39D28M1I256M22D96M
41	5046	0.702	0.000E+00	0	815	820	0	920	924	292M3I38M1I10M3D48M1D35M37D12M48D27M1D229M3I26M22D92M
3	5042	0.725	0.000E+00	0	810	820	0	877	882	328M2I12M12I37M1D31M8D9M30D11M4D2M2D15M12D7M2D258M22D87M
44	4979	0.728	0.000E+00	0	810	820	0	877	886	328M2I5M2I5M10I39M1D31M8D9M30D6M4D7M2D18M13D3M1D257M11D5M11D84M
77	4924	0.707	0.000E+00	0	819	820	0	920	925	345M7D17M3I53M33D7M6D14M39D27M1D231M2I23M11D6M11D85M2I5M
48	4919	0.705	0.000E+00	0	810	820	0	894	899	302M2I48M1I34M3I21M9D9M30D26M13D5M9D8M8D6M1D235M3I20M19D7M4D81M
82	4880	0.691	0.000E+00	3	812	820	28	944	947	4M1D299M1D46M1I33M1D6M1D21M9D5M7D13M27D8M19D20M21D241M3I20M20D7M4D83M
83	4805	0.688	0.000E+00	0	812	820	24	944	947	7M1D295M2I6M1D35M2I38M1D7M1D21M9D5M7D12M27D9M19D12M16D8M8D8M1D231M3I21M20D12M4D79M
78	4617	0.649	0.000E+00	0	810	820	0	935	940	294M1I50M2D76M53D13M15D10M12D18M6D13M6D218M5D7M1D12M2D11M11D11M13D77M
42	4609	0.646	0.000E+00	0	810	820	0	928	933	294M2I50M4I57M53D23M16D13M21D8M4D17M2I236M4D6M4D12M20D6M4D81M
23	4559	0.639	0.000E+00	0	811	820	0	931	935	294M1I51M4I65M8D3M7D10M25D13M13D18M39D12M1D234M3D7M5D10M24D90M
130	4475	0.575	0.000E+00	0	810	820	0	978	983	275M1I21M3D56M5D33M2D18M33D16M51D24M34D17M2D7M1D237M9D3M5D15M11D6M13D82M
66	4449	0.614	7.037E-104	0	810	820	0	918	923	82M1D212M1I48M1I11M11I42M19D19M21D12M38D6M2D8M8D244M4D15M4D12M24D87M
55	4438	0.659	1.298E-103	0	810	820	0	884	893	112M1I231M4D24M2I22M1D16M3D18M4D5M28D8M43D12M6D17M1D95M1I48M1I44M32I33M11D8M11D49M1I31M
61	4282	0.519	6.095E-100	0	810	820	0	927	933	277M1I83M4D20M1D22M5D16M6D22M8D8M22D11M22D6M13D212M1I17M8D12M7D21M23D82M
62	4247	0.517	4.062E-99	0	810	820	0	925	931	277M1I64M4D2M1D16M1I20M1D22M5D9M53D11M3D7M2D36M13D212M1I18M24D11M3D22M9D81M
115	4243	0.518	5.045E-99	0	810	820	0	977	982	277M1I16M3D37M5D50M1D12M1D16M29D28M36D13M2D11M20D6M30D250M16D5M12D7M13D82M
131	4229	0.534	1.077E-98	0	810	820	0	890	896	277M1I83M4D20M1D57M1I21M24D8M13D210M1I23M2D28M39D81M
105	4222	0.505	1.574E-98	0	810	820	0	957	963	277M1I68M5D13M1I21M1D27M11D25M63D4M26D12M3D18M10D211M1I18M8D24M20D9M3D81M
15	4220	0.529	1.755E-98	0	813	820	36	982	983	274M1I35M1I53M1I23M2D17M4D9M10D21M30D8M8D16M24D10M22D169M1I39M1I29M15D16M23D90M
25	4201	0.503	4.913E-98	0	810	820	0	964	970	277M1I68M3D14M1I20M1D23M6D15M6D17M3D3M5D10M27D10M55D9M13D210M1I24M15D25M23D83M
53	4198	0.506	5.781E-98	0	810	820	0	958	964	275M2I7M1D58M4D2M1D16M1I20M1D28M19D17M3D12M33D10M20D6M22D14M10D210M1I17M5D12M10D15M15D6M8D82M
38	4193	0.506	7.580E-98	0	810	820	0	963	969	277M1I82M4D26M1D18M49D10M24D4M24D12M2D19M12D12M1D217M1I18M1D6M14D27M23D81M
59	4192	0.515	8.002E-98	0	815	820	0	979	982	6M1D269M1I29M3D48M5D34M2D24M10D11M66D9M50D15M5D194M1I83M24D92M
72	4185	0.521	1.169E-97	0	810	820	0	953	958	275M1I65M3D5M1D15M1I19M1D22M6D13M7D14M36D15M5D4M53D191M1I37M1I17M5D8M8D25M22D82M
75	4178	0.495	1.709E-97	0	810	820	0	964	970	277M1I89M4D15M1D41M10D7M2D11M43D7M23D10M9D10M26D210M1I20M8D10M6D6M1D15M23D81M
34	4177	0.500	1.804E-97	0	810	820	0	964	970	277M1I68M3D14M1I20M1D22M6D16M6D22M8D10M27D8M55D9M13D210M1I24M15D19M8D8M15D81M
31	4170	0.502	2.636E-97	0	810	820	0	964	970	277M1I68M3D14M1I20M1D28M6D10M6D17M3D3M5D12M27D8M55D9M13D210M1I24M15D26M23D82M
64	4168	0.497	2.938E-97	0	810	820	0	962	968	277M1I46M1I8M1I31M6D16M1D22M5D17M19D2M48D15M26D28M13D213M1I20M8D9M7D21M23D82M
118	4168	0.516	2.938E-97	0	810	820	0	973	978	273M5I4M4D44M1D9M2D11M1D15M1I19M1D22M30D31M33D1M27D8M22D6M7D187M1I20M2D21M1I18M15D33M26D81M
33	4167	0.497	3.102E-97	0	809	820	0	963	970	277M1I68M3D14M1I20M1D37M12D23M8D8M94D14M1D215M1I18M8D11M7D22M23D80M
107	4164	0.496	3.649E-97	0	809	820	0	962	969	277M1I83M2D22M1D29M6D7M6D14M2D11M41D4M25D12M22D6M13D212M1I29M15D17M14D5M8D80M
85	4162	0.502	4.067E-97	0	810	820	0	964	970	277M1I73M3D9M1I25M1D32M12D23M8D8M60D11M9D8M26D210M1I24M15D20M8D7M15D81M
29	4157	0.504	5.332E-97	0	810	820	0	964	970	277M1I68M3D14M1I20M1D23M6D15M6D17M3D3M5D10M27D10M55D9M13D210M1I24M15D27M23D81M
16	4153	0.523	6.623E-97	0	811	820	34	975	978	274M1I21M4I8M3D33M1D23M1I23M2D17M4D29M4D4M34D5M8D15M24D10M22D170M1I39M1I31M15D14M11D5M10D83M
26	4151	0.492	7.382E-97	0	810	820	0	964	970	277M1I90M2D13M1D27M8D13M4D12M72D13M5D17M26D215M1I24M15D26M23D82M
5	4149	0.500	8.227E-97	0	810	820	0	964	970	277M1I68M3D14M1I20M1D23M6D15M6D19M8D11M27D10M55D9M13D210M1I24M15D26M23D82M
79	4148	0.626	8.685E-97	52	810	820	0	884	889	242M1I50M2D68M18D18M22D9M31D10M18D18M2I5M6D218M4D19M4D11M11D6M13D82M
6	4144	0.501	1.079E-96	0	810	820	0	964	970	277M1I68M3D14M1I20M1D38M1D3M11D11M2D11M41D4M25D12M22D8M13D210M1I24M15D26M23D82M
86	4143	0.498	1.139E-96	0	810	820	0	964	970	277M1I68M3D14M1I20M1D37M12D15M1I4M9D13M27D8M55D9M13D210M1I17M5D13M10D14M8D7M15D81M
106	4143	0.503	1.139E-96	0	810	820	0	964	970	277M1I68M3D14M1I20M1D37M12D23M43D7M25D10M22D10M13D205M1I29M15D20M8D7M15D81M
27	4140	0.504	1.340E-96	0	810	820	0	964	970	277M1I68M3D14M1I20M1D23M5D17M7D15M3D3M5D10M27D10M55D9M13D210M1I20M4D14M7D6M4D10M23D82M
94	4129	0.509	2.432E-96	4	810	820	4	918	924	273M1I64M3D6M1D11M1I44M55D32M9D13M10D14M1D212M1I27M14D20M15D7M3D81M
111	4127	0.514	2.710E-96	0	810	820	0	932	938	277M1I64M4D39M1D22M5D3M59D13M5D30M12D12M1D217M1I17M7D12M7D21M23D82M
30	4125	0.494	3.020E-96	0	810	820	0	966	972	277M1I63M4D3M1D16M1I20M1D41M12D11M2D11M41D5M60D229M1I24M15D19M15D8M8D81M
112	4122	0.492	3.554E-96	0	810	820	0	965	971	277M1I63M4D3M1D16M1I21M1D26M20D9M68D20M13D12M12D16M1D210M1I53M38D82M
39	4118	0.502	4.414E-96	0	810	820	0	959	965	284M1I57M4D2M1D16M1I20M1D31M6D7M6D22M43D7M54D17M1D213M1I17M17D5M7D7M12D103M
28	4118	0.502	4.414E-96	0	810	820	0	965	971	277M1I68M3D35M1D37M12D15M1D9M42D6M59D17M1D213M1I24M5D6M10D14M15D8M8D80M
24	4116	0.501	4.919E-96	0	809	820	0	963	970	277M1I68M3D14M1I20M1D31M6D7M6D22M8D8M60D11M22D8M13D210M1I20M8D7M7D17M8D6M15D81M
108	4104	0.515	9.426E-96	0	810	820	0	922	928	277M1I48M3D22M1D11M1I51M1D7M9D7M10D24M57D14M1D215M1I17M7D3M11D19M9D12M6D81M
67	4102	0.506	1.050E-95	0	810	820	1	958	964	272M5I5M4D44M3D20M1D14M1I20M1D27M11D11M1D30M73D8M18D7M9D214M1I18M1I15M8D10M4D6M22D82M
119	4098	0.497	1.305E-95	0	810	820	0	962	968	277M1I64M4D41M1I28M6D7M6D22M43D7M58D17M1D213M1I29M14D22M23D81M
22	4093	0.489	1.711E-95	0	810	820	0	952	958	268M9I5M8D42M1I40M2D21M55D8M29D29M9D45M13D210M1I22M19D16M10D13M8D81M
127	4072	0.510	5.339E-95	0	810	820	43	1008	1013	275M1I50M1D16M2D4M1D14M1I20M1D22M10D45M78D10M31D182M1I37M1I18M12D18M1D15M22D81M
102	4029	0.486	5.489E-94	0	810	820	0	958	964	275M1I48M1I42M4D14M1D27M7D10M5D26M76D15M10D7M9D212M1I29M4D5M8D14M23D7M4D77M
68	3969	0.522	1.418E-92	2	810	820	7	896	901	9M10I7M2I245M1I66M4D4M1D15M1I19M1D24M12D37M9D17M34D181M1I37M1I18M7D10M6D17M23D87M
65	3963	0.519	1.963E-92	5	819	820	0	876	879	272M1I23M2D34M5D46M1D42M22D22M56D22M10D171M1I42M17I7M10I14M1I80M4I6M
73	3943	0.529	5.802E-92	23	810	820	2	928	933	250M5I4M4D44M1D12M2D9M1D14M1I19M1D25M6D6M7D13M15D9M28D13M10D21M34D168M1I40M2I24M2I7M18D14M12D3M11D82M
74	3903	0.507	5.070E-91	7	783	820	1	902	926	270M1I45M2D24M1D14M1I19M1D24M80D32M16D26M1D178M2I31M2I20M8D6M11D27M11D55M
60	3894	0.480	8.257E-91	5	809	820	1	985	994	10M2D16M10D7M3D227M12I1M11D27M3D23M3D58M2D30M10D5M4D14M24D5M8D3M13D5M49D4M14D17M6D169M1I56M1I23M8D12M24D79M
32	3728	0.494	6.664E-87	42	810	820	1	923	929	235M1I68M3D14M1I20M1D23M6D15M6D17M3D3M5D10M27D10M55D9M13D210M1I12M1I18M16D20M23D81M
104	3716	0.465	1.277E-86	0	809	820	0	931	938	44M32I201M1I68M3D14M1I20M1D37M12D23M8D8M94D16M1D213M1I20M8D9M7D22M23D80M
80	3715	0.498	1.348E-86	42	810	820	1	926	931	235M1I54M1D10M2D4M1D15M1I10M23D5M10D30M7D11M3D17M4D8M41D17M33D180M1I37M1I18M24D8M2D21M10D85M
128	3713	0.425	1.502E-86	5	811	820	6	870	876	265M2D50M4D25M2D24M5I41M3D29M1D9M16D91M1I8M2D164M34D95M
84	3695	0.494	3.985E-86	47	810	820	0	924	929	230M1I46M3D22M1D14M1I20M1D23M39D14M3D5M4D20M41D15M38D182M1I37M1I18M24D8M5D20M6D86M
117	3588	0.390	1.314E-83	0	807	820	0	987	1003	3M2D263M3D10M3I25M25D44M5D12M13D44M14D6M10D26M6D15M30D16M2D86M1D122M1D17M9D26M44D5M10D7M8D78M
92	3485	0.369	3.491E-81	5	810	820	1	1079	1084	275M3D21M9D2M14D10M36D26M4D15M20D22M30D24M23D28M21D28M7D96M2D126M1I10M47D30M8D5M16D5M34D82M
122	3402	0.368	3.136E-79	0	800	820	0	961	1001	4M1I261M7I6M8D8M4D13M12D20M30D24M5D14M2D10M5I29M1D11M4D20M10D23M9D7M2D6M4I79M1D116M1D23M4D9M55D8M3D9M13D13M12D61M2D10M
110	3362	0.463	2.740E-78	90	810	820	0	874	880	186M1I69M3D14M1I20M1D37M12D15M1I4M9D11M27D10M55D9M13D210M1I24M15D27M23D81M
101	3332	0.380	1.393E-77	5	813	820	20	934	936	261M7I23M29D21M10D8M11D26M5D93M10D25M4D7M4D62M2D99M11D63M5D18M1D14M21D82M
100	3314	0.378	3.694E-77	1	811	820	0	793	806	266M11I21M1D22M1I7M1I34M21I40M1I14M3I19M1I88M1D2M1D85M5I1M7D32M2D15M2D23M3D18M9D49M1D31M
8	3280	0.356	2.332E-76	0	809	820	0	1007	1016	3M2D264M4D9M3D7M2D19M52D10M25D60M36D4M11D23M1D155M2D137M49D39M11D80M
91	3277	0.386	2.744E-76	0	811	820	3	782	788	4M1D101M1D172M5D5M2I11M9I20M4I26M30I36M1I45M3I1M2I63M2I8M1D8M1D81M3I3M3I33M2I24M1D23M5D4M6D8M2D31M2D17M4D27M
126	3259	0.364	7.278E-76	0	809	820	4	806	808	102M2I162M2D12M4I28M5I45M15I15M22I19M5I21M6D16M7D129M1I37M2I27M4I18M4D5M3D17M16D17M17D37M2I41M
124	3255	0.399	9.039E-76	5	805	820	1	708	713	258M3D5M10D11M26I12M1I3M18I10M35I11M1I5M10D28M30I11M2I40M1D23M1I17M2D82M1I33M2I34M2I63M1D6M1I29M
103	3255	0.436	9.039E-76	26	809	820	0	880	886	49M4I8M5I7M2I167M8I6M2D20M2D22M4I32M6I23M12D9M11D33M61D35M6D83M2D141M3D7M16D6M3D26M8D81M
98	3243	0.383	1.732E-75	1	807	820	9	766	776	105M1D168M1D43M6I23M27I7M10I11M1D19M16I35M2I62M2I14M1D2M1D74M1I6M1I3M5I33M2I19M1I28M5D8M8D32M2D22M4D20M
97	3238	0.375	2.271E-75	1	805	820	22	774	786	105M1D160M3D17M1I45M1I5M9I8M40I12M1I17M7I32M1I9M2I61M3I14M1D2M1D84M6I33M2I57M12D34M1D16M2D21M
81	3233	0.481	2.978E-75	39	739	820	7	820	885	238M1I83M4D19M1D43M10D10M41D9M1D6M21D6M15D12M23D212M1I18M1I42M
18	3223	0.314	5.120E-75	5	808	820	1	1242	1248	270M4D18M2D14M1I10M3D46M12D65M11D24M2D16M146D67M1I15M1D126M1I13M139D6M105D18M16D93M
120	3195	0.387	2.335E-74	0	810	820	2	753	764	104M2I171M7I9M15I31M5I24M9I63M4D25M7I35M2D44M1D2M1D47M2I18M1D50M4I4M2I32M14I40M1I44M
0	3188	0.384	3.412E-74	0	805	820	8	742	754	106M1D166M6D18M5I34M1I5M44I23M4I6M16I18M16I9M2I63M3I12M1D2M1D77M1D4M1I3M5I33M2I16M2D6M7D34M5D30M2D21M2D21M
10	3179	0.375	5.557E-74	0	805	820	19	772	784	4M2D102M1D160M3D15M3I33M5I13M10I16M1I5M18I35M9I13M17I12M2I62M2I14M3D1M1I84M6I37M2I15M1I28M5D8M7D32M2D21M2D19M
114	3140	0.374	4.600E-73	0	812	820	0	927	929	220M1D45M10I8M4D35M1D59M2D9M4D22M5D9M4D17M10D11M28D8M14D9M23D70M2D87M5I16M3D49M11D17M10D25M8D82M
20	3110	0.374	2.338E-72	0	804	820	0	736	772	5M2D260M10I8M1I6M6D11M5D11M1I12M19I8M47I18M18I35M2I39M2D36M3D5M1I47M2I18M1D10M2I6M5I26M3I25M1I15M1I21M24D32M2D38M
40	3098	0.363	4.480E-72	0	809	820	1	746	776	104M1D163M17I11M8D7M3D11M8I19M4I6M39I4M5I18M3I10M2I17M11I8M2I1M2I39M2D37M3D4M1I47M2I18M1D14M7I28M3I22M7D35M15D41M2D40M
95	3084	0.380	9.566E-72	5	807	820	1	708	720	97M2I172M7I31M5I21M6I13M30I7M39I34M5D4M2I32M2D44M2D49M2I18M1D51M6I15M2I18M3I51M1I41M
7	3078	0.360	1.324E-71	0	810	820	0	814	857	3M3D100M1D173M3I26M2I17M5I66M8I31M2I34M2I39M2D43M3D46M2I18M1D11M2I10M4I32M2I20M11D12M1D19M12D34M2D45M
87	3059	0.358	3.708E-71	4	808	820	6	738	770	97M1D168M8D30M5I16M22I11M39I21M25I23M1I8M2I39M2D42M2D47M2I18M1D15M7I23M3I47M5D15M13D36M2D43M
96	3044	0.331	8.359E-71	3	807	820	36	933	948	32M5I227M4D30M4D22M2D24M2D35M13D30M59D20M2D41M2D4M1D63M4I14M2D49M1I32M1I58M7D6M6D107M
88	3039	0.374	1.096E-70	3	804	820	5	734	770	262M10I8M1I6M40I12M26I14M5I3M1I17M2I9M3I34M1D14M2I39M2D37M3D4M1I49M2I12M1D19M7I27M3I19M1I20M1D15M22D43M2D35M
1	3038	0.356	1.157E-70	0	819	820	0	773	787	267M6I48M5I19M2I6M44I22M25I26M1I26M1D13M2D40M1D3M1D49M2I16M2D14M2I9M1D12M4I13M1I6M3I36M15D15M6D31M1D4M2D9M7D6M8D2M3D21M1I11M
89	3031	0.366	1.691E-70	0	809	820	0	747	777	5M2D99M1D164M10I8M3D17M2D8M9I20M4I3M10I17M13I3M19I32M18I8M2I1M2I39M2D37M3D4M1I49M2I16M1D14M7I28M3I20M9D43M13D35M2D40M
63	3029	0.357	1.885E-70	4	809	820	6	747	778	97M1D167M9I27M5D10M2I30M62I22M9I27M1D4M2I39M2D43M2D46M2I18M1D15M7I23M3I30M13D14M5D54M2D44M
2	3007	0.371	6.208E-70	3	811	820	8	776	781	103M1I54M1I111M5I22M3I22M5I21M3I52M16I5M5I10M17I8M6I35M1D43M3D49M1D11M1D6M4D65M4D9M6I19M3D50M3D11M5D12M3D23M
125	2986	0.345	1.937E-69	2	804	820	24	805	813	265M2D29M12I8M1I24M3I9M16D11M9I31M3I26M3D35M5I63M13I130M2I22M4D22M2D80M
37	2978	0.341	2.989E-69	2	809	820	0	802	829	13M2D144M1I105M2D16M3I12M11I27M3I21M26D9M6I24M2I31M1D15M12I9M5I40M2D40M1D2M1D49M2I16M1D13M1I11M2I23M4I18M8D38M3D38M2D36M2I4M
14	2972	0.364	4.137E-69	3	809	820	83	883	886	104M25I7M3I72M1D61M2I45M2I27M1D16M1I11M6D21M1D27M17D38M12D6M2I75M1D5M1D127M2I30M10I11M1D77M
36	2947	0.350	1.604E-68	2	809	820	0	802	829	12M2D145M1I105M2D16M3I12M11I27M3I15M5I10M17D5M2I24M4I35M2I29M2I41M2D40M1D2M1D49M2I16M1D13M1I11M2I23M4I20M1I13M4D8M7D14M1D35M4D4M2I33M2I4M
21	2781	0.376	1.294E-64	3	706	820	2	719	745	211M1D51M3I11M3D13M13D52M7D20M1I3M4I1M2I21M3I154M2D72M1I10M4D2M5I27M4I22M7D11M
123	2605	0.439	1.796E-60	44	655	820	0	713	715	222M3D27M6D4M11D44M1D29M1I10M19D13M5D8M4D9M19D23M1I17M20D17M13D152M1D21M2D14M
121	2596	0.352	2.925E-60	11	712	820	1	618	619	255M6D38M16I30M10D3M4I9M44I23M36I3M1D25M1D11M2D44M2D50M2I16M2D14M2I9M3I22M4I25M3D14M
12	2565	0.364	1.569E-59	4	738	820	1	673	675	263M3I20M2I37M9I15M22I20M3I34M4I34M2I28M1I6M2D35M1D7M1I4M2I45M2I17M1D13M5I5M1I31M6I15M2I7M1I33M
9	2387	0.315	2.427E-55	4	809	820	6	609	639	97M1D168M17I4M58I6M23I24M5I14M39I3M18D9M88I41M2I18M1D15M7I27M3I21M1I18M1D7M9D10M9D37M2D44M
11	2276	0.356	9.944E-53	0	701	820	0	580	596	40M27I2M5I234M3I10M5I13M2I12M38I26M20I8M13I10M4I25M1D10M2D41M1D5M1D49M2I16M2D14M2I8M3I23M4I28M
19	1977	0.251	1.083E-45	5	810	820	12	724	735	26M1D19M2D43M1I9M1I44M1D11M5D6M8D18M3D5M1I25M2D51M5D14M1D12M39I24M50I12M5I21M4I9M7I8M4I12M2D6M2D46M1I15M1I4M4D81M4D36M2D5M3I7M1I21M1I6M2I19M1D2M5I2M4I23M1D8M1I6M6I13M
90	1486	0.190	3.897E-34	0	805	820	0	690	697	31M1I12M5I56M1I39M5D18M1I21M1I21M1D6M13I4M1I35M12D8M8D8M52I15M6I11M17I33M17I8M18I9M5I33M2I5M1I3M2D10M1D22M5D41M2D2M2D6M3I19M2D18M14I21M1I7M3I13M2I31M7D7M1I4M1I10M1D12M1D11M1D14M1D16M
4	1396	0.182	5.117E-32	5	816	820	4	687	688	43M4I53M1I38M3D5M2D14M1I22M1I20M1D3M3D9M12I39M18I29M20I27M3I5M17I17M2I15M4I25M1I16M2I12M3D25M3I13M3D3M1D8M2I7M1D4M4D9M6D11M1D8M4I7M6D3M2I8M3I18M2D14M1I7M7I6M4I7M2I13M47I3M2D11M3I3M2I13M3D25M3D3M6I19M
129	1236	0.174	2.983E-28	10	802	820	0	646	656	21M1I11M35I3M2D4M1D20M1I39M3D5M2D13M1I18M1I24M1D6M13I4M1I35M27D24M12I15M7I17M14I8M97I19M4D27M3I12M2D6M1D8M1D10M3D11M1D33M1D2M3D9M3I16M2D18M7I10M8I19M3I26M10D31M7I5M1D16M1D6M1D13M1D15M
99	1035	0.205	1.605E-23	5	555	820	17	449	450	26M1I15M5I50M1I41M3D3M1D14M1I23M1I36M10I34M5D28M10I20M13I10M25I4M9I21M29I6M9I5M18I38M3I6M2D12M2D12M4D12M
17	774	0.190	2.229E-17	9	489	820	3	554	985	21M2I26M3I14M1I4M1D31M1I33M3D24M9D19M1I18M12D7M1D16M10D31M2I16M14D19M15D44M4D64M4D53M8D31M
93	615	0.147	1.231E-13	11	489	820	13	589	803	34M2I9M5I32M1I12M1I38M3D3M4D15M2I4M1I13M2D29M4I6M2I6M20D31M2I8M2D66M5I27M4I18M101D77M5I17M
 17	5638	1.00	0.000E+00	0	984	985	0	984	985	985M
19	829	0.223	3.120E-19	3	391	985	16	396	735	22M3D13M6D16M1I9M1D6M1I12M1I49M2I33M4D15M3D24M11I9M4I19M6I28M1D108M
58	817	0.192	6.091E-19	3	585	985	9	516	889	22M2D25M3D14M1D4M1I25M1D39M2I3M1I14M2D7M11I17M1D18M12I7M1I16M10I31M2D8M9I17M13I3M17I64M2I20M1I50M7D3M6I9M2I7M6I66M
13	817	0.204	6.091E-19	3	562	985	9	520	894	21M2D26M3D14M1D4M1I25M1D39M2I3M1I21M9I19M1D18M12I7M3I5M1D11M9I30M2D8M9I23M5I28M1I71M5I81M2I47M
70	807	0.217	1.064E-18	3	510	985	9	483	858	22M2D25M3D14M1D4M1I25M1D37M3I26M9I19M1D18M12I7M1I16M10I31M2D8M9I17M7I17M16D28M7I22M5I32M2D16M2D29M1D31M
4	803	0.226	1.329E-18	0	433	985	5	392	688	27M2D28M1I8M1D4M1I63M1D4M1D23M10I38M11I11M20I34M2D6M15I57M5D73M
41	803	0.184	1.329E-18	3	605	985	9	553	924	22M2D25M3D14M1D4M1I26M1D38M2I3M1I21M9I19M1D18M12I7M1I16M10I31M2D8M9I40M7I19M10I23M6I22M4I59M2I63M4D29M2D22M
46	803	0.199	1.329E-18	3	617	985	9	543	926	22M2D25M3D14M1D4M1I25M1D39M2I3M1I21M9I19M1D18M12I7M1I16M10I31M2D8M9I23M5I12M12I5M13I26M2I62M2I53M1D26M9I24M1I25M2I16M
83	803	0.188	1.329E-18	0	642	985	31	576	947	27M2D22M3I3M6D9M1D4M1I25M1D39M2I3M1I21M9I19M1D18M12I7M3I5M1D11M9I30M2D8M9I17M7I16M12I4M20I76M15I68M1I9M4I30M1I8M2I53M
56	802	0.202	1.405E-18	3	587	985	9	550	931	21M2D26M3D14M1D4M1I25M1D39M2I3M1I21M9I19M1D18M12I7M1I16M10I31M2D8M9I32M3D59M6I54M2I41M5D36M8I50M
49	801	0.202	1.486E-18	3	522	985	9	482	862	22M2D25M3D14M1D4M1I25M1D39M2I3M1I21M9I19M1D18M12I7M1I16M10I31M2D8M9I23M5I37M2I40M3D83M7I26M
48	800	0.200	1.571E-18	3	618	985	9	529	899	22M2D25M3D14M1D4M1I25M1D39M2I3M1I21M9I19M1D18M12I7M3I5M1D11M9I30M2D8M9I23M5I4M4I6M10I8M3I3M9I16M8I28M20I96M2D39M3I34M
52	796	0.199	1.964E-18	3	581	985	9	527	913	21M2D26M3D14M1D4M1I25M1D39M2I3M1I21M9I19M1D18M12I7M3I5M1D11M9I30M2D8M9I19M1D67M6I59M2I19M4I13M3I18M10I12M1I49M
121	795	0.225	2.076E-18	5	358	985	1	324	619	19M2D26M3D14M1D4M1I31M1D33M3I24M9I19M1D18M12I8M5I2M3D11M9I30M2D4M3I27M2I14M1D26M
82	794	0.194	2.195E-18	0	618	985	32	577	947	24M2D25M3I3M6D9M1D4M1I25M1D39M3I24M9I19M1D18M12I7M3I5M1D11M9I30M2D8M9I17M7I18M9I5M3I24M17I58M5I81M1D61M2D14M
3	792	0.203	2.454E-18	3	563	985	9	512	882	22M2D25M3D14M1D4M1I25M1D39M2I3M1I21M9I19M1D18M12I7M1I16M10I31M2D8M9I23M5I28M5I30M8I52M2I23M1I37M1I49M
116	788	0.215	3.067E-18	3	577	985	9	527	893	22M2D11M5D6M1I11M1I9M1D4M1I25M1D39M3I24M9I18M1D19M12I7M1I16M10I31M2D8M9I23M5I28M7I3M2I36M7D16M4I27M4I34M3I6M3D40M1D9M7I24M
44	787	0.208	3.243E-18	3	563	985	9	512	886	22M2D25M3D14M1D4M1I25M1D39M2I3M1I21M9I19M1D18M12I7M1I16M10I29M2D9M14I52M5I23M8I59M2I23M1I33M1D26M2I26M
54	787	0.196	3.243E-18	3	592	985	9	550	923	22M2D25M3D14M1D4M1I25M1D39M2I3M1I21M9I19M1D18M12I7M1I16M10I31M2D8M9I10M3D37M2D9M2D35M6I39M8I70M6I73M
99	785	0.201	3.626E-18	3	388	985	21	364	450	24M1D9M1I17M1I10M1D3M1I63M1D21M1D7M11I26M4I11M9I8M16I9M4I25M2D83M1I22M
113	785	0.191	3.626E-18	3	577	985	9	547	915	22M2D25M3D14M1D4M1I25M1D37M3I26M9I19M1D18M12I7M1I16M10I31M2D8M9I23M5I28M2I42M9D81M1I15M2I79M
71	785	0.182	3.626E-18	3	612	985	21	560	934	22M2D25M3D14M1D4M1I25M1D39M2I3M1I21M9I19M1D18M12I7M3I5M1D11M9I30M2D8M9I17M13I3M17I64M2I20M1I51M2D2M4I119M
95	784	0.207	3.833E-18	3	420	985	5	373	720	22M2D25M3D14M1D4M1I25M1I38M3I24M9I19M1D19M11I8M2I10M1I5M9I30M2D8M10I48M3I12M7I18M3I20M2D9M
51	783	0.185	4.053E-18	3	613	985	9	549	932	22M2D25M3D14M1D4M1I25M1D39M2I3M1I14M2D7M11I17M1D18M12I7M1I16M10I31M2D8M9I23M5I12M12I5M13I26M2I62M2I27M2I46M1I24M2D52M
39	781	0.186	4.531E-18	3	632	985	9	581	965	21M2D25M3D15M1D4M1I26M1D36M3I20M2D6M11I17M1D18M12I8M8I3M7I7M4D30M2D5M14I17M1D25M12I6M4I28M3I44M7I14M1I28M7I43M18D10M2I82M
30	781	0.189	4.531E-18	3	642	985	9	585	972	21M2D25M3D15M1D4M1I26M1D36M3I20M2D6M11I17M1D18M12I8M8I3M7I7M4D27M4I3M8I26M1D23M12I6M4I9M3I63M7I14M1I20M4I51M15D15M2I21M3I11M3I52M
120	780	0.192	4.791E-18	3	487	985	11	428	764	21M2D26M3D14M1D4M1I23M1I40M1I4M2I19M9I20M1D18M11I9M2I13M10I32M2D8M9I8M1I44M22I66M13I12M6D22M
77	780	0.185	4.791E-18	3	617	985	9	546	925	22M2D25M3D14M1D4M1I25M1D39M2I3M1I21M9I19M1D18M12I7M3I5M1D11M9I28M20I2M8D37M12I5M13I20M2I98M8I34M1I64M1I20M
45	780	0.182	4.791E-18	3	630	985	9	552	927	22M2D25M3D14M1D4M1I25M1D39M2I3M1I21M9I19M1D18M12I7M1I16M10I31M2D8M9I17M13I3M17I64M2I15M9D10M10I35M16I13M1D96M1I19M
47	779	0.203	5.066E-18	3	493	985	9	467	820	21M2D26M3D14M1D4M1I31M1D33M3I24M9I19M1D18M12I7M1I16M10I31M2D7M8I12M2D27M1D55M6D40M4I12M3I43M
50	779	0.195	5.066E-18	3	632	985	9	534	906	22M2D11M5D6M1I9M1I11M1D4M1I25M1D37M3I26M9I19M1D18M12I7M3I5M1D11M9I30M2D8M9I23M5I12M25I22M8I60M6I7M7I13M6I17M10I90M2I20M
66	776	0.195	5.988E-18	3	636	985	9	545	923	22M2D11M1I11M1I6M5D9M1D34M1D33M3I19M2D7M11I17M1D16M12I9M3I5M1D11M9I28M20I2M8D12M4I20M36I37M1I46M2I43M5I27M4I32M6I59M
90	774	0.197	6.694E-18	3	388	985	9	363	697	20M1D14M3D8M5I14M1D7M1I64M2D20M1D4M11I35M15I9M10I2M11I30M2D2M7D20M7D31M2I51M
76	774	0.194	6.694E-18	3	665	985	9	548	925	22M2D11M1I7M1D6M3D14M1D4M1I25M1D39M2I3M1I21M9I19M1D18M12I7M3I5M1D11M9I30M2D7M11I24M3I7M39I38M5I5M26I23M2D46M5I49M1I10M3I51M1I7M5I17M
33	774	0.196	6.694E-18	3	617	985	9	584	970	21M2D26M3D14M1D4M1I26M1D36M3I20M2D6M11I16M1D17M12I10M8I3M7I7M4D30M2D5M14I19M1D23M5D25M5D38M1D78M3D34M6I14M1I30M1I33M6I10M
127	771	0.173	7.912E-18	3	673	985	52	632	1013	22M2D30M3D9M1D4M1I26M1D38M3I24M9I19M1D18M12I8M8I3M7I7M4D32M2D2M19I31M21I104M2I27M4I16M1D27M5I71M14I48M
91	770	0.200	8.366E-18	3	448	985	13	424	788	21M2D12M1I8M4D49M2D37M3I26M9I19M1D15M13I2M1D7M4I8M2D7M9I30M2D19M2I38M3I43M3I34M1I23M
43	770	0.195	8.366E-18	3	637	985	9	558	931	22M2D25M3D14M1D4M1I25M1D39M2I3M1I21M9I19M1D18M12I7M1I16M10I29M2D10M9I17M13I3M17I52M3I26M8D38M6I15M4I11M1D27M8I32M7I30M1I28M
112	770	0.175	8.366E-18	3	643	985	9	584	971	22M2D25M3D14M1D4M1I26M1D36M3I20M2D6M11I17M1D18M12I8M8I3M7I7M4D30M2D4M19I36M7I12M3I74M10I14M1I23M4I21M4D27M7D32M1I19M3I30M2I21M
55	769	0.185	8.846E-18	3	610	985	9	553	893	22M2D25M3D14M1D4M1I64M2I3M1I21M9I19M1D18M12I7M3I5M1D11M9I28M2D8M14I37M12I5M13I15M7I52M2I24M2I53M13D37M1D49M
35	769	0.196	8.846E-18	3	579	985	9	554	929	22M2D25M3D14M1D4M1I26M1D38M2I3M1I21M9I19M1D18M12I7M3I5M1D11M9I30M2D7M6I40M1D28M2D35M5D53M3I84M4I37M
105	769	0.177	8.846E-18	3	647	985	9	582	963	21M2D26M3D14M1D4M1I26M1D36M2I5M1I14M2D7M11I17M1D18M12I7M5I8M6I37M2D4M19I36M7I12M3I58M4D20M14I6M1I50M1I27M2D34M2I39M4I30M
53	769	0.168	8.846E-18	3	632	985	9	578	964	21M2D26M3D14M1D4M1I26M1D36M2I5M1I15M2D6M11I17M1D16M8I3M3I8M2I13M10I30M2D6M18I14M1I28M30I58M9D53M7I45M8D30M5D62M
102	767	0.185	9.889E-18	3	644	985	9	571	964	21M2D26M2D5M1D9M1D4M1I26M1D36M3I23M2D3M11I17M1D18M12I7M3I6M1D10M9I28M2D4M19I21M2I26M22I27M4I29M7D25M1I57M2I7M1I30M4I10M5I68M
38	767	0.193	9.889E-18	3	644	985	9	578	969	21M2D26M2D5M1D9M1D4M1I26M1D36M3I20M2D6M11I17M1D18M12I8M8I3M7I7M4D30M2D5M14I19M1D23M12I6M4I9M3I62M7I15M1I9M6I33M8I25M13D27M6I48M1D22M
6	766	0.184	1.046E-17	3	648	985	9	583	970	22M2D27M2D3M1D9M1D4M1I26M1D38M2I3M1I15M2D6M11I17M1D16M12I10M8I3M7I7M4D30M2D4M19I43M6I7M9I70M7I14M1I23M4I25M4D27M1D68M4I37M
67	765	0.178	1.106E-17	3	642	985	10	583	964	25M2D22M3D14M1D4M1I26M1D36M3I19M2D7M11I17M1D18M12I7M1I15M10I30M2D4M19I51M10I62M4I8M7I14M1I23M4I36M1D14M6D18M1D32M3I52M
57	764	0.190	1.169E-17	3	630	985	9	556	931	21M2D26M3D14M1D4M1I25M1D39M2I3M1I21M9I19M1D18M12I7M3I5M1D11M9I28M20I2M8D39M26I46M2I37M1D79M8I32M3I36M2I18M
118	764	0.175	1.169E-17	3	665	985	9	588	978	21M2D26M3D14M1D4M1I26M1D38M2I3M1I21M9I19M1D18M12I7M1I18M10I27M2D5M14I24M1D18M27I29M8I31M8D23M2I27M4I38M4I31M4I15M2I15M2I14M1D48M
21	763	0.184	1.236E-17	3	516	985	8	486	745	20M2D13M1I8M4D19M1D4M1I26M1D38M3I24M9I19M1D18M12I24M10I31M2D7M14I34M1D64M1I16M3D9M1D89M
65	763	0.176	1.236E-17	3	592	985	4	553	879	25M2D22M3D14M1D4M1I26M1D36M3I26M9I19M1D18M11I9M2I13M10I30M20I2M8D16M1D29M7D20M1I98M11D2M6I20M2I17M6I14M4I55M
119	762	0.188	1.307E-17	3	642	985	9	583	968	22M2D25M3D14M1D4M1I26M1D36M3I26M9I19M1D18M12I8M8I3M7I7M4D30M2D5M14I19M1D23M12I6M4I28M3I43M9I13M1I26M6I34M6I9M13D27M5D26M3I45M
27	762	0.182	1.307E-17	3	650	985	9	585	970	21M2D26M3D14M1D4M1I26M1D36M3I20M2D6M11I17M1D16M12I9M3I3M1D13M9I28M2D4M19I43M6I7M9I70M7I14M1I9M6I66M7D66M4I39M
75	762	0.171	1.307E-17	3	638	985	9	580	970	21M2D26M3D14M1D4M1I26M1D38M2I3M1I15M2D6M11I17M1D18M12I8M8I3M7I7M4D32M2D2M19I31M21I72M8D11M7I14M1I77M5D8M4I28M1D61M
126	759	0.213	1.545E-17	3	427	985	13	408	808	24M2D23M2I3M5D9M1D4M1I24M1I39M2I3M1I21M9I19M1D17M8I2M4I7M5I7M6I39M2D2M4D6M10I9M2D100M3D18M
10	758	0.193	1.633E-17	3	429	985	30	428	784	21M2D28M2D3M1D9M1D4M1I21M2D43M3I24M9I17M1D19M12I8M1I15M10I32M2D5M4I22M7D50M5I28M1I32M
125	758	0.196	1.633E-17	3	496	985	31	483	813	22M2D11M4D18M1I9M1D4M1I26M1D38M2I3M1I14M2D7M11I16M1D19M12I8M9I3M6I7M4D32M2D5M9I13M11I3M2I46M4I10M15D7M6I24M1D42M1D32M
34	757	0.187	1.727E-17	3	644	985	9	579	970	21M2D26M3D14M1D4M1I31M1D31M3I20M2D6M11I17M1D16M12I10M8I3M7I7M4D30M2D6M18I14M1I27M6I7M9I52M6D12M13I14M1I79M1D68M4I33M
115	756	0.183	1.826E-17	3	644	985	9	588	982	21M2D26M3D14M1D4M1I26M1D38M2I3M1I21M9I19M1D16M12I9M1I15M10I32M2D3M18I15M1I19M18I77M3D26M1I25M1D28M2I23M1I9M5D48M4I44M
0	755	0.207	1.930E-17	3	392	985	17	392	754	21M2D26M3D14M1D4M1I21M2D43M3I21M2D3M11I15M1D13M1I4M12I2M1D7M1I18M10I30M5D26M1D24M4D27M1D12M2D20M
111	754	0.178	2.041E-17	3	642	985	9	553	938	22M2D25M3D14M1D4M1I26M1D36M3I19M2D7M11I17M1D18M12I8M8I3M7I7M4D30M2D5M14I19M1D23M36I12M10I25M1D74M8I31M6I58M3D41M
86	754	0.177	2.041E-17	3	650	985	9	585	970	22M2D25M3D14M1D4M1I26M1D36M3I20M2D6M11I17M1D16M12I10M8I3M7I7M4D30M2D4M19I44M30I12M10I25M1D17M10D54M2D14M4D28M1D70M4I39M
16	754	0.191	2.041E-17	3	617	985	43	597	978	22M2D11M1I13M4D14M1D4M1I26M1D38M2I3M1I12M2D9M11I17M1D18M12I8M8I3M7I7M4D32M2D3M14I19M1D22M37I12M3I9M1D35M8D67M3D71M3D9M5D20M1I13M
78	753	0.188	2.158E-17	3	624	985	9	565	940	22M2D25M3D14M1D4M1I26M1D38M1I3M2I18M2D3M11I17M1D16M12I9M3I5M1D11M9I28M20I2M1D10M2I15M4I22M2I41M5I39M8I9M1I105M4D59M
31	753	0.177	2.158E-17	3	648	985	9	583	970	21M2D26M3D14M1D4M1I26M1D36M2I5M1I15M2D6M11I17M1D16M12I10M8I3M7I7M4D30M2D4M19I43M6I7M9I22M8I29M8D11M7I14M1I77M1D70M4I37M
124	751	0.199	2.413E-17	3	385	985	5	373	713	22M2D25M3D14M1D4M1I31M1D33M3I24M9I19M1D18M12I7M3I5M1D11M9I28M5D8M7D2M2I8M3I24M2I20M13D4M4I28M
98	751	0.205	2.413E-17	3	428	985	17	405	776	21M2D31M3D9M1D4M1I21M2D43M3I24M9I19M1D17M12I8M1I15M10I32M2D5M4I32M5I20M1D16M4I60M
109	751	0.190	2.413E-17	3	629	985	9	551	915	22M2D11M5D6M1I11M1I9M1D4M1I25M1D39M2I3M1I21M9I19M1D18M12I7M1I16M10I31M2D2M2D4M16I35M12I5M13I90M2I25M12I19M2I23M1I67M2I17M
69	751	0.190	2.413E-17	3	573	985	9	544	924	22M2D15M4D12M1I11M1D4M1I25M1D39M3I24M9I19M1D18M12I7M3I5M1D11M9I30M2D8M9I23M5I67M1I55M2D50M1D21M3D52M
74	750	0.198	2.551E-17	0	621	985	0	560	926	28M2D8M1I9M2I7M6D9M1D4M1I26M1D36M3I20M2D6M11I17M1D18M12I8M8I3M7I7M4D30M2D4M12I4M2I18M9I10M4I22M6I48M3D7M4I24M1I23M1I6M11I24M1D15M13D5M2D57M4I20M
72	750	0.183	2.551E-17	3	641	985	9	577	958	21M2D26M3D14M1D4M1I26M1D38M2I3M1I21M9I19M1D18M12I8M8I3M7I7M4D32M2D2M19I31M21I17M3I26M4I29M7D25M2I27M4I31M3I5M11D44M6I60M
15	749	0.189	2.697E-17	3	619	985	45	599	983	22M2D24M3D15M1D4M1I26M1D38M2I3M1I14M2D7M11I17M1D18M12I8M8I3M7I7M4D32M2D3M14I19M1D22M37I12M3I44M8D35M2I40M2I18M10D20M1I20M3D9M1D36M
106	746	0.175	3.188E-17	3	638	985	9	580	970	21M2D12M1I11M1I6M5D9M1D4M1I26M1D36M2I5M1I15M2D6M11I16M1D17M12I10M8I3M7I7M4D30M2D4M19I36M32I10M3I17M3I7M1I29M10D56M2D11M8I25M13D61M3D36M
63	745	0.190	3.371E-17	3	426	985	11	388	778	22M2D11M1I9M4D18M1D4M1I21M1D10M1D33M3I24M9I19M1D9M4I3M4I7M4I6M1I15M10I32M2D6M20I5M5I22M2D30M2D56M
97	743	0.195	3.769E-17	3	445	985	30	431	786	21M2D21M3D19M1D4M1I21M2D43M3I24M9I18M1D17M12I9M3I5M1D11M9I28M5D18M10I13M1I19M5I18M4I32M2D15M1I29M
108	743	0.181	3.769E-17	3	574	985	9	548	928	21M2D26M3D14M1D4M1I26M1D36M3I20M2D6M11I17M1D18M12I8M8I3M7I7M4D27M4I3M8I26M1D25M3D24M1I34M1D28M2D35M9D52M2I27M5I23M
92	743	0.187	3.769E-17	3	684	985	5	631	1084	22M2D12M2D18M1D9M1D4M1I26M1D36M3I19M2D7M11I17M1D19M11I8M2I13M10I32M2D5M12I9M1D33M2I3M1D18M2I29M1I43M5I81M2D22M1I33M7I32M2I40M1I21M
64	742	0.176	3.985E-17	3	642	985	9	582	968	21M2D26M3D14M1D4M1I26M1D36M3I20M2D6M11I16M1D19M12I7M3I15M8I30M2D5M14I19M1D23M36I58M9D45M7I54M7D23M1I5M4D17M3I52M
94	741	0.161	4.213E-17	3	595	985	9	544	924	21M2D26M3D14M1D4M1I26M1D36M3I20M2D6M11I17M1D18M12I8M8I3M7I7M4D30M2D4M19I36M7I9M14I40M1I49M1I38M11D97M
22	741	0.178	4.213E-17	3	612	985	9	573	958	21M2D26M3D14M1D4M1I26M1D36M3I23M2D3M11I17M1D18M12I8M8I3M7I7M4D30M2D4M19I31M21I17M3I50M1D34M1I44M2I16M24D16M4D32M1I22M1I18M
36	740	0.182	4.455E-17	3	457	985	7	455	829	5M2D17M2D24M2D6M1D38M1D38M3I19M1D7M11I17M1D17M8I2M4I6M1I15M10I73M2I43M27D63M3I14M1I8M
42	740	0.195	4.455E-17	3	613	985	9	560	933	22M2D11M5D6M1I9M1I11M1D4M1I26M1D38M2I3M1I21M9I19M1D16M12I9M1I16M10I31M2D2M19I3M10D33M2D33M1I113M7I6M2I35M2I6M1I25M13I30M
37	739	0.188	4.710E-17	3	458	985	7	452	829	6M2D18M2D23M2D5M1D40M1D36M3I22M1D4M11I17M1D18M12I7M1I15M10I73M2I40M27D7M6I16M2I62M
107	738	0.181	4.980E-17	3	644	985	9	579	969	22M2D24M3D15M1D4M1I26M1D36M3I20M2D6M11I17M1D18M12I8M8I3M7I7M4D27M4I9M13I36M7I17M4I59M4I10M7I12M1I28M7I10M4I15M3I19M15D67M4I27M
61	736	0.167	5.567E-17	3	612	985	9	547	933	22M2D25M3D14M1D4M1I26M1D38M2I3M1I21M9I18M1D19M12I8M8I3M7I7M4D30M2D5M14I19M1D23M36I59M9D37M1I63M4I71M
122	735	0.182	5.886E-17	0	601	985	5	541	1001	25M2D25M3D14M1D4M1I26M1D38M3I24M9I19M1D18M12I8M5I6M3D7M9I30M2D4M16I51M19I23M26D70M3I12M15I58M1I8M4I8M7I20M
23	734	0.178	6.224E-17	3	655	985	9	554	935	22M2D25M3D14M1D4M1I26M1D38M2I3M1I12M2D9M11I17M1D18M12I7M1I16M10I31M2D2M19I15M3I18M32I63M16I39M4I11M1D21M1I27M1D73M8I21M
130	734	0.177	6.224E-17	3	657	985	9	596	983	22M2D20M3D19M1D4M1I26M1D38M2I3M1I21M9I19M1D18M12I7M1I15M10I32M2D2M19I45M18I13M1I54M3D37M4I25M1I41M4I54M1I27M4D29M
131	731	0.186	7.357E-17	3	567	985	9	502	896	21M2D26M3D14M1D4M1I26M1D36M3I20M2D6M11I16M1D19M12I8M8I3M7I7M4D30M2D6M18I14M1I20M7I12M3I29M3I45M7I14M1I20M5I23M8I9M2I18M10D22M
62	731	0.183	7.357E-17	3	581	985	9	540	931	21M2D26M3D14M1D4M1I26M1D36M3I20M2D6M11I16M1D19M12I8M8I3M7I7M4D30M2D5M14I19M1D23M12I6M4I28M3I44M7I14M1I36M19D85M
7	730	0.168	7.779E-17	3	480	985	12	452	857	21M2D12M1I5M4D22M1D4M1I25M2D39M3I24M9I19M1D19M11I8M2I13M10I32M2D5M15I120M2D16M1D42M
29	729	0.173	8.225E-17	3	650	985	9	585	970	22M2D25M3D14M1D4M1I31M1D31M2I5M1I15M2D6M11I17M1D16M12I10M8I3M7I7M4D32M2D2M19I36M32I10M3I15M5I40M11D97M7D66M4I39M
25	728	0.171	8.696E-17	3	644	985	9	579	970	21M2D26M3D14M1D4M1I26M1D38M2I3M1I15M2D6M11I17M1D16M12I10M8I3M7I7M4D30M2D4M19I36M32I10M3I15M5I40M11D97M7D66M4I33M
26	727	0.171	9.195E-17	3	650	985	9	585	970	21M2D26M3D14M1D4M1I26M1D38M2I3M1I15M2D6M11I17M1D16M12I10M8I3M7I7M4D30M2D4M19I36M32I10M3I15M5I40M11D97M7D66M4I39M
28	727	0.179	9.195E-17	3	650	985	9	586	971	21M2D26M2D5M1D9M1D4M1I26M1D36M3I20M2D6M11I17M1D16M12I9M3I15M8I30M2D4M19I43M6I7M4I45M1I26M10I14M1I9M6I66M7D66M4I39M
2	726	0.194	9.722E-17	2	444	985	13	406	781	23M2D11M1I5M5D10M1I11M1D4M1I62M3I25M10I19M1D18M12I7M3I5M1D11M9I28M2D4M19I71M2D44M4I22M
1	726	0.212	9.722E-17	3	416	985	9	379	787	21M2D12M1I9M4D18M1D4M1I26M1D36M3I26M9I18M1D10M4I3M4I7M4I7M8I4M6I8M3D31M2D3M14I25M1I34M1D41M3I13M
59	725	0.176	1.028E-16	3	677	985	10	604	982	22M2D11M1I13M4D14M1D4M1I26M1D38M2I3M1I14M2D7M11I17M1D18M12I8M8I3M7I7M4D32M2D4M18I14M1I22M8I7M10I26M7I16M2I20M11D40M7I23M2I49M7I16M3I93M
128	724	0.197	1.087E-16	3	500	985	10	490	876	21M2D26M3D14M1D4M1I25M1D43M3I20M9I18M1D10M4I3M4I7M4I6M3I5M1D11M9I25M4I11M5D11M1I30M1I99M2D30M2I19M12D15M
5	723	0.170	1.149E-16	3	648	985	9	583	970	21M2D26M3D14M1D4M1I26M1D36M2I5M1I15M2D6M11I17M1D16M12I9M1I15M10I30M2D4M19I36M32I10M3I15M5I40M11D97M7D66M4I37M
40	720	0.197	1.358E-16	3	400	985	10	386	776	21M2D12M3D28M1D4M1I26M2D38M3I24M9I19M1D17M8I2M3I8M2I13M10I32M2D4M13I12D14M8D35M1D24M1I17M3I7M
8	719	0.183	1.436E-16	3	622	985	11	607	1016	22M2D25M3D14M1D4M1I31M1D34M3I23M9I19M1D18M12I7M3I5M1D11M9I30M2D4M3D3M8I7M3D5M5D8M3D46M3I7M2I14M2I30M1D89M4D67M1I44M
89	714	0.189	1.898E-16	3	434	985	11	391	777	21M2D12M3D28M1D4M1I26M2D38M3I24M9I19M1D17M8I2M3I8M2I5M1I10M9I30M2D2M19I10M6I58M1I56M
9	713	0.196	2.007E-16	3	352	985	11	319	639	21M2D12M1I9M4D18M1D4M1I25M2D39M3I24M9I19M1D10M1I3M7I6M4I6M1I15M10I31M2D6M16I49M
87	712	0.205	2.122E-16	3	390	985	11	385	770	21M2D12M1I9M4D18M1D4M1I20M1I4M3D39M3I24M9I19M1D18M12I7M1I15M10I31M2D7M5D1M6I18M9D19M8D30M4I24M
100	710	0.207	2.372E-16	3	489	985	8	435	806	20M2D13M1I8M4D50M1D36M3I26M9I19M1D11M1I2M7I6M4I6M3I5M1D11M9I30M2D3M19I6M10I24M2D21M4I13M2D21M3I8M1I74M
117	708	0.187	2.652E-16	3	611	985	11	572	1003	21M2D12M1I5M5D10M1I11M1D4M1I26M1D36M3I26M9I18M1D19M12I7M3I4M12I7M4D27M4I5M3D24M4D27M9D27M6I20M3I50M1I37M2D36M11I8M12I63M
18	707	0.143	2.804E-16	3	955	985	5	1041	1248	22M2D11M1I8M4D19M1D4M1I22M1D42M3I24M9I19M1D16M12I10M5I7M9I5M3D29M2D4M20I104M5I46M1I22M11I25M4I3M1D13M2I38M7I45M7I25M1I13M4D6M3D26M1D4M19D6M48D14M7D3M74D24M32I15M12D39M18D38M12D31M1D41M
12	706	0.200	2.964E-16	3	470	985	6	417	675	22M2D11M1I8M4D19M1D4M1I21M1D41M3I26M9I19M1D16M12I9M3I5M1D11M9I30M2D5M13I26M4I10M9I36M6I18M1I47M3D13M
88	705	0.209	3.134E-16	3	417	985	11	377	770	21M2D12M1I9M4D18M1D4M1I26M1D38M3I24M9I19M1D9M4I3M4I7M4I6M1I15M10I32M2D4M13I3M2I23M3D4M5I52M5I24M
24	704	0.160	3.314E-16	3	632	985	9	584	970	22M2D25M3D14M1D4M1I26M1D38M2I3M1I18M2D3M11I17M1D16M12I10M8I3M7I7M4D32M2D2M19I44M30I60M7D94M10D42M4D59M
20	700	0.195	4.142E-16	3	409	985	11	378	772	21M2D12M5D4M1I9M1I13M1D4M1I26M1D38M3I24M9I19M1D18M12I7M1I7M1I10M9I30M2D4M18I12M6D10M8D10M10I38M1D25M
85	696	0.175	5.176E-16	3	648	985	9	583	970	22M2D15M4D12M1I11M1D4M1I26M1D36M3I20M2D6M11I17M1D18M12I8M8I3M7I7M4D30M2D4M19I36M32I10M3I15M5I41M11D96M11D4M4I58M4I37M
68	695	0.151	5.473E-16	0	565	985	13	519	901	6M12I32M2D5M1D9M1D4M1I26M1D36M3I26M9I19M1D18M12I8M8I3M7I7M4D32M2D2M19I29M1I179M1D53M
101	695	0.193	5.473E-16	3	553	985	24	541	936	21M2D12M6I13M9D9M1D4M1I25M1D39M3I24M9I19M1D18M11I9M3I15M9I28M20I2M9D21M2D21M5D21M6D32M2D21M1D59M8I20M2I46M
60	691	0.157	6.840E-16	5	666	985	9	607	994	18M12D3M5D5M2I17M3D14M1D4M1I26M1D38M2I3M1I21M9I19M1D18M12I7M1I15M10I32M2D4M18I35M9I6M10I25M3I41M4D26M1I19M1D28M11I40M3I105M
114	680	0.191	1.263E-15	3	603	985	9	554	929	22M2D25M3D14M1D4M1I25M1D39M2I3M1I21M9I19M1D10M1I4M7I5M4I26M10I28M2D3M18I7M3D13M1D24M2I7M3I28M7I15M1I26M7D29M2I75M7I38M1I15M
96	659	0.163	4.072E-15	3	553	985	42	576	948	26M1I10M2D10M1I13M1D4M1I31M1D31M3I26M9I19M1D18M12I7M1I16M10I32M1D38M7I13M3I8M5I16M3D42M3I19M4I33M35D79M
73	649	0.180	7.110E-15	19	636	985	6	548	933	31M2D5M1D9M1D4M1I26M1D36M3I20M2D6M11I17M1D9M4I4M4I6M4I7M8I3M7I7M4D32M2D3M14I23M6I37M4I27M9I30M9I42M4I20M1I26M5D12M5I82M
93	625	0.157	2.710E-14	5	688	985	13	782	803	17M2D13M1D5M7I8M2D7M3D3M3I13M1I51M2D6M2D17M2I3M10I18M3D17M12I6M6D16M3I45M3I8M3I25M3D34M1D42M108D33M1I98M9D26M2D26M7I16M3I12M2I44M1I17M
81	618	0.178	4.003E-14	31	644	985	7	545	885	24M3D9M1D4M1I26M1D36M3I26M9I19M1D18M12I8M8I3M7I7M4D30M2D4M19I36M7I12M3I11M3I62M7I15M1I9M2I97M6I46M1D24M
104	599	0.178	1.154E-13	3	617	985	9	552	938	21M2D13M29I29M1D36M3I20M2D6M11I17M1D16M12I10M8I3M7I7M4D30M2D5M14I19M1D23M5D25M5D29M5D80M1I40M6I14M1I33M1I30M6I10M
80	580	0.166	3.329E-13	34	673	985	0	549	931	14M1I6M5D9M1D4M1I26M1D38M2I3M1I21M9I19M1D18M12I7M5I8M6I39M2D2M19I29M25I7M10I39M2I31M9D18M2D70M4I24M5I55M9I42M
32	561	0.162	9.601E-13	34	644	985	0	538	929	11M4D19M1D4M1I26M1D36M2I5M1I15M2D6M11I17M1D18M12I8M8I3M7I7M4D32M2D2M19I44M30I61M7D45M4I21M8I28M13D63M4I33M
129	557	0.193	1.200E-12	5	358	985	1	302	656	22M1D9M30I6M1D64M2D23M10I34M13I4M2I8M10I2M11I30M2D2M5D4M17D34M3I11M1I21M
79	554	0.164	1.418E-12	41	616	985	1	514	889	13M1I9M1D8M1I22M1D38M1I3M2I21M9I19M1D18M12I7M3I5M1D11M9I28M20I3M8D60M7I14M1D104M7I51M3I67M
84	548	0.173	1.982E-12	41	673	985	6	548	929	11M1I11M1D8M1I27M1D33M2I3M1I21M9I19M1D18M12I7M1I15M10I32M2D4M17I12M2I17M21I118M2I13M4I16M1D23M5I16M4I68M6I13M1D11M1D19M
11	543	0.172	2.619E-12	3	413	985	9	342	596	21M3D3M1I5M27I2M1I9M1I34M1D26M2D2M5I20M9I19M1D18M12I8M5I2M3D11M9I30M2D5M4I63M15I44M
123	483	0.170	7.425E-11	44	621	985	2	515	715	10M9D10M1D4M1I26M1D36M3I26M9I19M1D18M12I7M1I16M10I37M16I8M2D14M1I36M6I64M3I45M6I17M2I10M13D49M21I35M
14	481	0.161	8.301E-11	3	541	985	89	552	886	21M2D12M1I5M5D13M1I8M1D4M1I23M5D5M35I21M2D7M11I16M1D20M11I2M1I9M1I13M9I44M9I49M3I8M2I62M2D29M1D17M1I10M6I23M2I24M
103	479	0.192	9.280E-11	20	596	985	0	506	886	5M2D25M3D13M3I6M4I5M2I3M5I7M4D33M3I19M2D7M11I17M1D18M12I7M1I15M10I33M15I5M2D13M2I23M12I10M8I9M3D54M17I27M3I26M1D19M22D18M2I50M
110	439	0.178	8.628E-10	79	644	985	0	489	880	16M1D38M2I3M1I15M2D6M11I17M1D16M12I10M8I3M7I7M4D27M4I3M16I2M3D44M6I7M9I70M7I14M1I9M6I66M7D66M4I33M
 49	6488	1.00	0.000E+00	0	861	862	0	861	862	862M
3	6179	0.953	0.000E+00	0	857	862	0	881	882	424M24D434M
44	6132	0.942	0.000E+00	0	861	862	0	885	886	426M24D436M
52	5794	0.859	0.000E+00	0	861	862	0	907	913	338M13D88M21D37M1D24M11D375M
56	5701	0.803	0.000E+00	0	861	862	0	930	931	333M2D5M13D92M25D7M4D6M1D24M13D17M11D378M
51	5645	0.797	0.000E+00	0	861	862	0	931	932	327M2D6M2D5M11D83M24D16M4D6M1D12M1D10M13D19M11D374M1D4M
13	5625	0.813	0.000E+00	0	861	862	0	893	894	324M2D9M2D3M8D64M3I21M15D14M2I25M7D19M3D378M
50	5602	0.811	0.000E+00	0	859	862	0	905	906	327M2D12M15D38M2I41M4D17M4D6M1D12M1D6M10D24M11D375M
46	5600	0.792	0.000E+00	0	859	862	0	925	926	327M2D6M2D5M11D82M10D17M4D6M1D12M1D10M13D19M11D233M4I107M12D27M3D5M
54	5563	0.796	0.000E+00	0	861	862	0	922	923	327M2D6M2D5M15D35M2I49M24D14M2I15M1D11M10D21M11D375M
43	5513	0.786	0.000E+00	0	861	862	0	930	931	327M2D6M2D5M13D39M1I49M25D10M4D6M1D12M1D6M11D24M11D377M
76	5510	0.786	0.000E+00	0	861	862	0	924	925	327M2D6M2D5M12D28M1I60M25D10M4D6M1D12M1D10M6D24M11D373M
71	5505	0.789	0.000E+00	4	861	862	16	933	934	323M2D6M2D5M14D35M2I51M24D12M2I15M1D11M10D21M11D375M
70	5489	0.795	0.000E+00	0	861	862	0	857	858	311M10D2M16I10M1I33M2I49M17I14M1D11M10D21M11D375M
41	5474	0.754	0.000E+00	0	861	862	0	923	924	292M3I32M2D9M14D67M1I24M24D10M4D5M1D12M1D7M20D25M3D229M3I143M
45	5470	0.791	0.000E+00	0	861	862	0	926	927	327M2D6M2D5M14D35M2I46M28D6M1D11M2I15M1D11M10D19M11D377M
35	5465	0.770	0.000E+00	0	861	862	0	928	929	327M2D4M3D7M13D35M1I46M11D4M11D14M2D18M1D9M13D19M11D235M1D143M
69	5448	0.777	0.000E+00	0	861	862	0	923	924	327M2D6M5D43M2I46M26D12M5D7M1D12M1D12M13D17M11D378M
113	5340	0.758	0.000E+00	0	859	862	0	914	915	327M2D8M9D89M25D20M1D11M1D10M7D4M3D16M11D231M3I46M4I85M3D6M
58	5338	0.795	0.000E+00	0	861	862	0	888	889	327M2D6M2D5M14D35M2I34M4D4M6I19M2I15M1D11M10D21M11D221M7I147M
77	5338	0.771	0.000E+00	0	860	862	0	920	925	327M2D12M16D31M1I49M17D8M8D8M4D8M1D12M1D5M3D26M11D229M2I143M
109	5336	0.771	0.000E+00	0	854	862	0	912	915	327M2D3M2D8M13D83M25D17M5D5M1D12M1D10M6D22M8D244M1I36M4I83M
116	5259	0.751	0.000E+00	0	858	862	0	892	893	331M4D7M5D34M4I48M25D19M1I16M3D5M4D17M3D234M3I31M1D15M4I20M1D70M
57	5259	0.750	0.000E+00	0	861	862	0	929	931	303M1I24M4D10M14D74M1D10M25D17M4D4M1D12M1D10M10D22M9D375M
48	5220	0.741	0.000E+00	0	857	862	0	898	899	303M2I23M1D11M12D31M4I28M4D20M21D17M1D16M1D26M9D236M4I3M1D39M1D95M
83	5161	0.735	0.000E+00	7	857	862	32	946	947	296M2I5M1D17M2D6M2D6M8D31M1D32M4D20M25D14M4D8M1D11M1D10M8D17M10D235M1D6M4I37M2D94M
82	5114	0.723	0.000E+00	5	857	862	30	946	947	2M1D299M1D21M2D6M2D6M9D31M1D32M4D25M25D9M4D7M1D12M1D6M14D255M3I45M2D94M
47	5106	0.755	0.000E+00	0	853	862	0	810	820	328M2D11M12D38M1I27M12I3M2I14M3I8M13I11M6I7M2D261M22I87M
78	4878	0.680	0.000E+00	0	857	862	0	939	940	294M1I34M15D9M1D33M1I23M1I7M4D29M23D4M4D8M1D12M3D8M6D11M12D21M6D215M3D20M5D42M2D85M
42	4832	0.674	0.000E+00	0	857	862	0	932	933	268M5I8M5D13M2I33M1D17M9D22M1I32M3D26M23D9M4D8M1D13M14D13M1D12M7D8M2I4M7D221M1D10M3D6M4D31M2D94M
66	4765	0.655	0.000E+00	0	857	862	0	922	923	82M1D212M1I32M2D41M1I26M1I6M4D25M23D9M4D8M4D3M7D11M1D18M10D4M1D9M1D228M4D16M4D31M2D94M
23	4743	0.669	0.000E+00	0	857	862	0	934	935	294M1I34M1D13M9D36M1I16M1I7M4D24M23D9M4D8M2D24M13D12M11D9M1D4M2D219M1D7M5D14M2D31M2D94M
55	4738	0.693	0.000E+00	0	861	862	0	892	893	112M1I214M2D5M2D6M14D16M2I80M25D9M3I8M1D9M26D15M2D103M1I49M1I44M32I112M1I39M
130	4676	0.613	0.000E+00	0	857	862	0	982	983	275M1I21M3D30M2D13M17D34M1D21M10D5M1D10M6D14M25D15M6D4M19D12M6D20M1D11M13D240M9D7M5D31M2D94M
111	4432	0.534	2.937E-99	0	858	862	0	937	938	275M2I3M1D53M19D17M1I44M18D9M20D11M6D29M7D25M1I13M2I214M1I16M12D9M2D29M1D105M
30	4429	0.518	3.433E-99	0	858	862	0	971	972	275M2I3M1D59M19D11M1I45M20D6M24D9M23D9M2D16M1I24M3D13M1D15M9D210M1I24M15D42M1D93M
131	4416	0.538	6.749E-99	0	858	862	0	895	896	266M5I9M4D47M1D10M1D3M17D10M1I62M8I4M6I13M3I23M21D16M2I211M1I17M1I38M12D17M8D86M
39	4401	0.521	1.472E-98	0	858	862	0	964	965	275M2I3M1D53M19D17M1I44M8D12M8D27M45D13M3D18M3D9M1D10M8D215M1I29M14D130M
33	4396	0.515	1.910E-98	0	858	862	0	969	970	275M2I3M1D59M17D11M1I44M52D2M30D23M1I36M2D26M2I214M1I15M13D10M2D25M1D109M
112	4392	0.515	2.351E-98	0	858	862	0	970	971	275M2I3M1D59M17D11M1D45M20D7M24D7M17D38M7D42M12D210M1I13M14D24M1D18M1D104M
115	4388	0.545	2.895E-98	0	857	862	0	981	982	275M1I18M3D37M2D9M17D40M1D16M10D18M3D9M2D11M29D11M1D9M23D5M2D29M13D230M6D6M10D39M3D95M
67	4383	0.528	3.754E-98	5	858	862	6	963	964	260M5I10M4D51M1D9M8D11M8D48M36D6M6D6M19D4M14D36M3D6M4D25M4I213M1I14M1I19M11D22M1D103M
61	4382	0.524	3.955E-98	0	858	862	0	932	933	266M5I9M4D47M1D32M17D36M30D15M3D6M9D41M2D28M2I212M1I17M13D8M2D39M1D95M
118	4377	0.528	5.129E-98	0	857	862	0	977	978	265M5I10M4D71M17D63M18D9M28D11M5D8M2I41M36D172M1I20M2D21M1I32M15D13M3D17M1D96M
62	4356	0.539	1.529E-97	0	858	862	0	930	931	275M2I3M1D53M19D17M1I43M5D6M5D10M17D37M3D31M1D9M11D212M1I32M14D127M
119	4340	0.513	3.513E-97	0	858	862	0	967	968	275M2I3M1D60M8D11M10D19M2I23M8D7M36D7M25D27M1I41M1D7M11D214M1I29M14D24M1D106M
94	4334	0.509	4.800E-97	0	858	862	0	923	924	266M10I4M9D53M1D7M15D10M1D23M1I27M10D11M30D24M5D46M4I213M1I16M14D47M4I92M
28	4331	0.519	5.610E-97	0	858	862	0	970	971	275M2I3M1D59M17D56M11D26M39D11M12D10M7D12M3D13M1D17M8D215M1I24M15D29M1D106M
64	4330	0.508	5.909E-97	0	858	862	0	967	968	266M5I9M4D47M1D32M17D36M10D15M23D10M16D12M1D8M14D16M1D30M12D213M1I16M13D9M2D41M1D93M
6	4330	0.522	5.909E-97	0	858	862	0	969	970	275M2I3M1D59M17D11M1I43M24D8M20D7M11D5M14D46M3D7M1D22M8D210M1I24M15D28M1D107M
85	4329	0.520	6.225E-97	0	858	862	0	969	970	275M2I3M1D59M17D11M1I69M2I22M47D37M8D3M16D5M12D210M1I24M15D29M1D106M
79	4327	0.650	6.907E-97	53	857	862	1	888	889	241M1I34M15D9M1D30M1I33M3D25M23D9M4D8M1D11M1D11M21D30M6D220M3D15M5D41M2D86M
27	4323	0.517	8.504E-97	0	858	862	0	969	970	275M2I3M1D59M17D11M1I44M24D7M20D11M25D47M3D7M1D19M8D213M1I17M1I13M16D35M1D93M
72	4322	0.522	8.958E-97	0	857	862	0	957	958	266M5I9M4D51M1D9M17D10M1I46M19D28M15D54M39D182M1I37M1I17M14D11M1I14M1I23M1D91M
38	4322	0.515	8.958E-97	0	858	862	0	968	969	275M2I3M1D53M1D26M17D36M9D33M3D6M31D16M4D10M18D12M3D16M10D211M1I17M6D3M9D42M1D97M
31	4321	0.511	9.436E-97	0	858	862	0	969	970	275M2I3M1D44M1I34M17D36M24D7M20D27M1D51M25D9M11D210M1I12M5D7M10D34M1D106M
127	4319	0.527	1.047E-96	0	857	862	43	1012	1013	266M5I9M4D53M1D9M6D9M10D40M3D22M15D11M27D54M1I7M41D175M1I37M1I17M4D3M6D13M3D10M1I27M1D87M
86	4315	0.514	1.289E-96	0	858	862	0	969	970	275M2I3M1D44M1I34M17D36M24D7M20D7M11D5M14D46M3D7M1D19M8D213M1I17M15D36M1D106M
108	4314	0.522	1.358E-96	0	858	862	0	927	928	275M2I3M1D51M1D9M15D10M1D16M1I30M9D13M20D13M10D20M9D39M4I213M1I16M14D47M3I93M
29	4314	0.517	1.358E-96	0	858	862	0	969	970	275M2I3M1D52M17D18M1I44M31D15M3D6M16D16M28D19M5D32M2I214M1I24M15D29M1D106M
53	4311	0.506	1.587E-96	0	858	862	0	963	964	267M9I7M8D47M1D29M17D36M8D7M36D10M8D27M12D11M4D19M7D16M2I212M1I16M13D9M2D40M1D94M
105	4306	0.518	2.059E-96	0	860	862	0	962	963	268M2I9M1D54M19D17M1I40M35D10M8D14M6D21M14D14M4D38M12D211M1I24M8D26M1D104M2I5M
25	4300	0.512	2.813E-96	0	858	862	0	969	970	275M2I3M1D44M1I34M17D36M8D12M8D27M29D46M25D7M11D212M1I24M15D29M1D106M
24	4296	0.507	3.463E-96	0	858	862	0	969	970	275M2I3M1D53M1D22M3D6M12D30M31D19M3D7M16D62M20D8M11D212M1I15M3D4M5D8M7D26M1D106M
75	4296	0.504	3.463E-96	0	858	862	0	969	970	275M2I3M1D53M1D26M17D32M36D5M8D15M13D18M10D49M14D8M2I211M1I16M5D12M3D2M7D34M1D95M
59	4291	0.516	4.491E-96	0	860	862	0	981	982	6M1D259M10I5M9D14M3D32M19D43M1D36M2D5M11D26M1I31M35D19M50D174M1I98M1D7M1D94M
5	4288	0.516	5.249E-96	0	858	862	0	969	970	275M2I3M1D44M1I34M17D32M45D8M1I9M19D5M6D46M3D7M1D19M8D213M1I24M15D29M1D106M
107	4286	0.503	5.825E-96	0	858	862	0	968	969	268M2I10M1D53M1D26M15D42M44D8M25D51M3D6M5D21M4D212M1I13M5D15M2D4M7D34M1D93M
106	4282	0.514	7.172E-96	0	858	862	0	969	970	275M2I3M1D44M1I34M17D46M16D29M29D46M25D9M11D210M1I17M4D8M11D28M1D106M
15	4279	0.528	8.383E-96	2	857	862	38	982	983	272M1I35M1I14M8D25M5D32M1D9M8D19M3D10M8D10M25D15M3D12M12D33M5D169M1I39M1I16M8D5M7D37M2D15M1I81M1I2M
26	4274	0.512	1.087E-95	0	858	862	0	969	970	275M2I3M1D44M1I34M17D36M8D12M8D27M29D46M25D7M11D212M1I24M15D29M1D106M
34	4263	0.513	1.926E-95	0	858	862	0	969	970	275M2I3M1D44M1I34M17D27M33D14M11D9M11D5M14D46M3D7M1D10M10D9M2I211M1I16M9D5M6D32M1D106M
16	4230	0.534	1.072E-94	5	856	862	39	977	978	269M1I35M1I16M5D24M9D31M1D9M28D9M2D25M12D20M5D5M10D28M1D10M4D171M1I39M1I25M15D43M1I88M
22	4209	0.509	3.194E-94	0	858	862	0	957	958	268M9I5M8D50M1D8M2D11M12D34M26D9M3D11M6D4M27D58M1D17M8D215M1I17M14D38M1D104M
68	4190	0.535	8.579E-94	1	857	862	6	900	901	10M10I7M2I236M5I9M4D52M2D8M17D10M1I39M14D21M2D27M3D9M4D36M2I174M1I39M1I17M1I6M8D4M6D39M1D91M
73	4156	0.527	5.028E-93	23	857	862	2	932	933	243M5I9M4D53M2I11M9D5M10D80M37D12M18D16M1I29M12D168M1I40M2I17M5D16M11D33M1D92M
65	4119	0.522	3.444E-92	7	860	862	2	878	879	268M2I3M1D21M2D25M19D84M21D14M1D8M6D29M15D28M11D170M1I38M50I113M
102	4108	0.485	6.102E-92	0	858	862	0	963	964	268M5I9M4D49M1D9M9D19M7D45M11D6M5D10M2D18M19D12M5D23M2D9M29D217M1I32M11D4M5D20M1D103M
60	4048	0.483	1.382E-90	5	860	862	1	993	994	10M2D16M8D6M5D228M10I5M9D17M3D43M17D40M1D20M27D6M9D18M21D32M17D18M13D16M7D169M1I56M7D58M2D87M
74	3982	0.515	4.277E-89	7	846	862	1	924	926	268M2I3M1D53M17D17M1I40M5D16M13D15M45D240M2I31M2I26M5D24M2D11M1D75M2D14M
80	3926	0.504	7.869E-88	42	857	862	1	930	931	234M1I55M1D8M17D9M22D53M11D16M3D6M8D53M23D6M18D176M1I39M1I17M8D14M5D36M1D91M
104	3878	0.487	9.550E-87	0	858	862	0	937	938	44M32I199M2I3M1D59M17D11M1I44M8D12M8D27M29D47M8D3M28D211M2D3M3I23M15D30M1D105M
32	3850	0.507	4.096E-86	42	858	862	1	928	929	233M2I3M1D44M1I34M9D4M8D32M24D7M20D7M19D5M6D46M3D7M1D10M10D9M2I207M2D3M3I23M15D28M1D107M
117	3850	0.407	4.096E-86	0	861	862	2	998	1003	266M1D13M1I24M25D18M6D33M9D54M3D8M2D14M21D21M1D8M15D28M2D86M1D126M1D12M5D39M9D6M29D16M6D89M
84	3848	0.503	4.545E-86	47	857	862	0	928	929	229M1I74M17D40M2D4M17D28M10D26M16D29M2I6M48D175M1I37M1I17M7D11M6D15M1I23M1D91M
128	3786	0.423	1.142E-84	0	859	862	0	875	876	5M1D262M6D11M4I18M10I10M1D83M3I7M1I11M6I48M16D6M3D81M1I7M2D162M10D22M2D102M
92	3656	0.378	9.861E-82	5	857	862	1	1083	1084	275M3D17M23D16M3D7M2D8M1D26M11D14M18D7M16D12M39D19M7D23M6D59M17D85M2D126M1I8M36D29M2D6M25D13M18D14M2D88M
122	3590	0.375	3.052E-80	7	861	862	6	972	1001	263M3I7M4D7M4D13M5D28M39D45M1D40M3D39M1D38M4I79M1D117M1D22M4D14M11D18M6D6M3D14M26D9M15D66M5I18M
110	3508	0.489	2.170E-78	90	858	862	0	879	880	191M1I57M17D11M1I44M24D7M20D8M11D4M14D13M3D40M1D17M8D211M2D3M3I23M15D42M1D93M
103	3480	0.471	9.309E-78	26	856	862	0	885	886	49M4I10M5I5M2I164M7I9M1D12M2D46M3D12M1D22M2I53M4D21M33D17M4D14M8D8M8D82M2D141M6D33M2D109M1D4M
101	3414	0.379	2.881E-76	0	851	862	16	929	936	2M1I267M7I33M4D15M3D10M19D41M1D17M8D21M1D65M9D6M12D6M5I63M2D100M11D54M2I10M2I17M2I29M11D77M
126	3407	0.369	4.146E-76	6	852	862	10	806	808	96M2I162M1D13M3I28M16I8M39I55M12I10M1I26M5D13M8D133M1I37M2I27M4I18M1D45M11D16M6D37M2I41M
8	3384	0.366	1.371E-75	4	859	862	6	1015	1016	263M2D85M2D21M18D8M17D34M2D15M9D6M9D19M45D15M13D20M4I82M2D136M15D20M5D32M1D9M17D75M1D12M
18	3365	0.329	3.683E-75	5	855	862	1	1246	1248	270M4D18M2D14M1I32M1D9M2D32M3D19M25D7M36D5M4D4M18D13M2D27M4D5M6D29M52D67M1I15M1D123M1I15M4D13M227D10M1D38M6D83M
91	3343	0.385	1.156E-74	4	859	862	8	787	788	101M1D170M4D6M1I13M12I8M14I37M1I12M5I49M25I13M11I9M2I63M2I8M1D8M1D82M6I38M2I11M3I51M2I5M3I34M2D17M4D32M
100	3340	0.363	1.351E-74	4	861	862	3	805	806	261M11I20M17I17M10I57M1I32M19I9M1I113M1D2M1D81M2D4M5I2M5D31M2D29M4I6M4I78M1D34M5D10M
81	3316	0.489	4.708E-74	39	772	862	7	821	885	236M2I3M1D59M19D11M1I45M24D14M8D10M15D12M15D17M3D29M1D9M11D212M1I17M12I44M
98	3305	0.365	8.342E-74	1	861	862	9	775	776	105M1D173M1D9M2I22M8I24M9I17M2I12M6I12M4I14M46I13M2I10M2I63M2I14M1D2M1D74M1I9M6I35M2I10M4I19M4I23M2I46M2D22M4D22M2I7M
124	3283	0.387	2.619E-73	5	848	862	1	708	713	258M3D5M10D11M26I12M12I12M26I7M12I10M8D12M51I27M3I2M2I40M1D24M1I16M2D82M1I32M2I32M15I18M9I48M1D6M1I29M
97	3221	0.359	6.583E-72	1	861	862	22	785	786	105M1D160M2D54M16I10M1I29M17I20M39I20M9I74M3I14M1D2M1D84M6I35M2I14M1D8M8I20M3I58M1D16M2D25M2I7M
114	3204	0.374	1.594E-71	5	851	862	5	923	929	215M1D45M10I8M4D59M4D6M8D40M6D9M9D9M8D33M2D31M4D27M29D56M2D87M5I11M3D72M1I45M8D78M
95	3191	0.366	3.133E-71	5	861	862	1	718	720	97M2I172M7I10M35I6M2I29M31I19M35I40M6D5M1I32M2D44M2D51M2I16M1D49M4I5M2I13M19I27M5I9M3I32M1I38M1I13M
10	3185	0.356	4.281E-71	0	861	862	21	783	784	106M1D160M3D14M2D10M7I15M8I16M15I37M18I7M26I5M5I30M7I5M2I63M2I14M3D1M1I84M6I36M2I15M4I18M1I30M6I33M2D21M2D23M2I7M
0	3177	0.370	6.489E-71	0	861	862	8	753	754	106M1D173M6D9M59I33M10I13M3I6M29I30M5I11M1I3M2I64M3I12M1D2M1D77M1D7M6I35M2I12M3D10M7I43M4I30M2D21M2D25M2I7M
120	3162	0.383	1.416E-70	0	861	862	2	761	764	104M2I171M7I8M15I12M11I5M19I30M1D16M1D14M4I19M4I7M1I14M3D28M4I33M2D39M1D7M1D47M2I18M1D49M4I6M2I31M35I8M1I32M1I52M
7	3156	0.375	1.934E-70	0	861	862	2	822	857	5M1D98M1D162M10I28M6I37M5I15M2I12M1I12M1I37M3I24M1I17M12I3M2I39M2D43M3D46M2I17M1D21M6I33M2I67M2D40M2D53M
1	3124	0.352	1.021E-69	0	861	862	0	776	787	267M6I33M28I9M38I24M1I20M17I11M7I14M6I10M1I26M1D13M2D40M1D3M1D49M2I16M2D14M1I33M8I79M1I32M1D4M2D5M7D10M8D2M3D18M3D14M
96	3124	0.330	1.021E-69	5	859	862	38	942	948	30M5I236M6D50M1D23M2D33M13D20M49D43M4I45M1D63M4I14M2D49M1I32M1I63M9I130M
40	3120	0.368	1.258E-69	0	861	862	1	759	776	104M1D162M14I11M7D9M5D10M23I7M9I19M6I9M23I5M1D5M22I7M5I4M2I18M10I7M2I39M2D37M3D4M1I47M2I18M1D13M3I2M4I24M3I123M2D39M4D10M
89	3111	0.364	2.008E-69	3	861	862	5	760	777	101M1D161M10I29M39I22M2I8M11I30M22I7M5I4M2I20M10I5M2I39M2D37M3D4M1I49M2I16M1D13M3I2M4I27M3I120M2D39M4D10M
87	3105	0.354	2.744E-69	1	861	862	3	753	770	100M1D168M8D22M5I24M25I40M12I7M56I11M15I5M2I39M2D42M2D47M2I17M1D16M7I27M3I21M1I19M2I35M1I37M2D43M5D10M
20	3064	0.355	2.314E-68	4	861	862	6	749	772	263M9I9M68I3M6D10M4D31M9I6M3I9M23I38M4I2M2I39M2D36M3D5M1I47M2I17M1D18M7I22M3I55M1D26M1I38M2D42M1I9M
63	3062	0.355	2.567E-68	3	860	862	5	775	778	98M1D168M9I26M39I21M4I45M1I16M31I6M13I11M2I39M2D43M2D46M2I17M1D16M7I24M3I24M1I19M2I35M1I37M2D43M20D9M
2	3059	0.367	3.001E-68	1	858	862	6	780	781	105M1I54M1I104M5I46M2D5M2D12M1I38M1I17M5I17M69I7M4I38M1D41M3D49M1D11M1D6M4D65M4D8M28I11M1I10M4D48M3D11M5D12M3D27M
88	3048	0.350	5.317E-68	3	861	862	5	752	770	262M10I8M1I6M17I18M7I34M5I12M4I20M61I18M3I2M2I39M2D37M3D4M1I49M2I12M1D19M7I24M3I55M1D26M1I41M2D39M4D10M
37	3023	0.336	1.951E-67	2	861	862	0	813	829	13M2D144M1I105M4D14M5I12M11I8M5I28M4I13M25D36M3I4M5I11M19I4M2I8M3I16M2I10M4I40M2D40M1D2M1D49M2I16M1D13M1I11M2I22M4I21M2D3M12I13M1I67M2D51M
14	3019	0.357	2.402E-67	3	854	862	83	885	886	106M25I4M4I2M1D70M1D65M2I23M13D49M1I30M3D52M4I129M1D5M1D126M2I14M23I19M5I2M3I87M
125	2993	0.335	9.286E-67	5	855	862	27	812	813	262M2D26M9I30M2D12M16D54M1I11M1I13M31I28M5I2M6I60M7I3M6I128M2I10M3D8M6D1M17I9M1I19M7I74M1I7M
36	2974	0.343	2.494E-66	2	858	862	0	810	829	12M2D145M1I105M4D14M5I12M11I8M5I25M1I18M23D33M4I12M11I11M6I13M10I10M4I4M2I7M2I39M2D40M1D2M1D49M2I16M1D13M1I11M2I22M4I21M4D1M14I13M1I64M4D4M2I32M1D7M1I5M
21	2746	0.378	3.519E-61	0	718	862	0	703	745	2M1I211M1D76M10I40M1D39M4I16M2D30M1D39M1D23M2I81M2D72M1I10M4D2M5I27M4I24M
123	2699	0.441	4.054E-60	44	676	862	0	713	715	249M9D34M8D28M1D19M4D9M2D8M4D33M24D10M3D9M11D23M2D24M10D152M1D21M2D14M
121	2625	0.348	1.902E-58	11	733	862	1	618	619	255M6D48M14I18M6I2M14D10M32I1M3D17M76I1M2D4M1I22M1D11M2D44M2D50M2I16M2D14M2I9M3I21M4I18M3D22M
12	2583	0.354	1.689E-57	4	764	862	1	674	675	263M3I20M4I52M2I23M2I8M4I39M42I12M7I6M2I28M1I6M2D35M1D9M3I47M2I17M1D13M5I5M1I33M6I8M7I46M
9	2376	0.307	7.996E-53	3	861	862	5	623	639	98M1D168M9I12M41I15M27I21M158I6M15D6M13I44M2I17M1D14M2I4M5I25M3I48M5I20M1D43M2D43M5D10M
11	2243	0.342	8.066E-50	0	722	862	0	580	596	42M32I205M3I61M30I17M22I8M41I13M7I10M3I24M1D10M2D41M1D5M1D49M2I16M2D14M2I8M3I22M4I29M
19	1979	0.227	7.399E-44	5	859	862	12	730	735	26M1D18M2D44M1I9M1I44M1D11M5D6M8D18M1I3M3D27M2D51M5D20M43I18M1I50M76I12M9I13M2D6M2D47M1I13M1D5M2D82M4D37M1I13M13I18M8I23M1D9M14I23M1D8M1I6M6I19M
90	1434	0.180	1.507E-31	0	854	862	0	696	697	33M1I14M5I52M1I37M3D7M2D13M1I21M1I24M12I8M1I35M16D11M6D8M46I12M14I25M4I16M57I21M8I4M9I31M3I3M2D10M1D22M5D41M2D2M2D6M3I18M2D19M14I25M4I4M18I41M3I9M1D3M2D5M1I10M1D12M1D10M1D15M1D22M
4	1340	0.185	2.000E-29	9	852	862	8	687	688	40M4I52M1I37M3D6M2D14M1I22M1I22M4D10M12I38M9I11M40I15M5I7M5I41M4I20M1I9M3I17M8I23M3I1M2I6M5I28M3I11M3D2M1D8M2I11M5D8M1D5M2D31M4D8M3I16M2D14M9I6M3I16M2I13M6I4M61I12M3I2M2I14M3D25M3D11M1D10M
129	1292	0.174	2.427E-28	10	845	862	0	646	656	23M1I9M35I3M2D4M1D20M1I37M3D7M2D13M1I18M1I27M12I8M1I35M27D24M30I34M8I14M105I9M3D4M7I26M1I8M2I4M2D6M1D8M1D10M3D11M1D33M1D2M3D9M3I16M2D20M7I7M11I22M1D7M2I9M5I24M1I19M3I7M4I4M4I16M1D6M1D13M1D15M
99	1002	0.191	8.606E-22	5	577	862	17	448	450	28M1I11M5I52M1I40M3D4M1D14M1I23M1I36M10I34M7D13M27I7M18I10M1I52M73I13M8I6M4I2M5I27M3I9M3D4M1D7M2D23M
17	821	0.167	1.054E-17	9	851	862	3	763	985	22M2I25M3I14M1I4M1D25M1I39M2D3M1D21M9D19M1I18M12D7M1D16M10D31M2I8M9D8M5D45M5D27M15D44M1I33M4D51M1D10M3I20M4I3M5I13M14I4M2I17M26I5M13I4M27I9M5I3M28I12M1D37M2I17M4D22M14I2M5I7M4I6M1D29M
93	609	0.146	6.468E-13	11	854	862	13	802	803	34M7I41M1I12M1I38M3D3M4D15M2I4M1I13M2D29M4I6M2I6M20D31M2I8M2D19M15I21M2I21M1D29M2I20M100D13M3I31M1D41M6I9M1D6M4D9M11I3M20I21M6I3M37I5M21I3M3I7M38I10M4D8M2I16M14D34M2D24M17I5M9I34M
 89	6193	1.00	0.000E+00	0	776	777	0	776	777	777M
40	5630	0.936	0.000E+00	1	776	777	0	775	776	776M
20	4997	0.743	0.000E+00	0	776	777	0	771	772	104M1I167M2D46M7I38M3I15M2D8M1D370M1D18M
88	4984	0.752	0.000E+00	0	776	777	0	769	770	104M1I178M1I39M1D9M8I23M3I18M4D375M1D18M
63	4576	0.659	0.000E+00	0	776	777	0	777	778	282M1D35M3I42M1D28M5D265M4I93M1I9M2D15M
87	4524	0.650	0.000E+00	0	776	777	0	769	770	281M7D1M6I31M1D23M1I40M5I267M4I93M1I16M2D8M
7	4160	0.555	2.100E-98	0	773	777	1	847	857	269M7D13M4I35M1D8M33D29M17D33M6D80M1D87M1D31M1D34M2D12M1D16M1I95M5D11M3D16M
9	3594	0.570	6.682E-85	0	776	777	0	638	639	287M2I34M107I6M10I3M9D24I178M4I99M1I14M1D8M
1	3413	0.429	1.390E-80	4	768	777	2	785	787	104M1I161M4D27M4I19M2I22M4I6M3I38M8D22M1D129M1D10M7D3M3I5M2I26M1I11M3I25M2D70M1D9M7D9M7D3M4D43M
91	3357	0.401	3.012E-79	1	755	777	3	787	788	268M21D10M2D67M9D45M4D41M2I22M2I67M1D2M1D16M1I16M1D26M1D31M7I46M1I52M4D19M1I13M
37	3324	0.386	1.846E-78	6	774	777	2	822	829	11M2D89M1I55M1I106M22D50M33D13M3D25M3D11M5D22M3D171M4D31M1I23M10I34M1I85M5I10M4I10M
98	3302	0.400	6.180E-78	0	755	777	7	775	776	4M1I263M10D32M1I19M3D37M5D33M6D42M2I22M2I66M2D18M2I2M1D7M1D3M1I29M1D33M3I27M7I67M4D19M1I13M
36	3278	0.382	2.310E-77	5	773	777	1	821	829	11M2D93M1I52M1I106M22D50M33D13M3D38M1D17M10D174M4D31M1I17M9I6M1I34M1I85M5I10M4I9M
0	3265	0.403	4.717E-77	0	755	777	7	753	754	4M1I265M18D5M19I25M2I70M3D41M2I24M3I64M2D17M2I2M1D8M1D3M1D29M1D20M5D7M2I14M5I21M6I62M2D19M1I13M
95	3239	0.394	1.968E-76	6	761	777	0	719	720	98M3I163M9D6M1I50M6I32M5I16M10I11D75M2I7M2D77M3D2M4D32M3I22M15I11M12I49M3I40M5I11M
120	3231	0.391	3.053E-76	0	763	777	0	763	764	105M3I160M10D33M2D55M2D12M29D101M1D8M1I80M7D34M3I12M21I15M15I45M3I40M5I13M
124	3219	0.424	5.903E-76	6	745	777	0	710	713	100M1I159M3D13M15D14M15I25M10D7M21I72M1I24M1I68M2D17M1I13M6D30M1D26M12I10M12I56M1I9M1I31M
97	3214	0.395	7.769E-76	5	760	777	24	785	786	264M18D29M3I29M1D28M4D33M3D41M2I23M3I65M2D17M2I2M1D13M1D27M1D43M2I20M6I11M2I37M1I16M2D22M6I9M
100	3175	0.382	6.618E-75	6	763	777	3	805	806	98M1I163M1D4M5D20M29D42M1D57M8D41M2I91M2D18M1I11M4D6M5D28M3D6M2D12M2I7M1I23M6I24M1D36M2I11M1D22M1D7M3I13M
10	3171	0.401	8.245E-75	3	755	777	22	783	784	266M24D72M1I25M1D19M4I42M2I22M2I67M2D17M2I2M1D15M1D26M1D32M3I28M8I67M2D17M1I13M
70	3137	0.365	5.337E-74	0	757	777	0	857	858	5M2I99M1I162M25D14M23D7M18D30M8D10M2D6M5D11M16D46M2D39M2I37M3I4M1D49M2D16M1I14M7D28M3D120M2I40M1I9M
128	3131	0.347	7.421E-74	5	746	777	4	867	876	104M1I159M29D42M3D11M11D25M1I46M63D39M2I33M1D9M2I48M2D16M1I14M7D28M4D7M1I41M8D4M1D12M3D52M2I42M
62	3124	0.329	1.090E-73	0	758	777	0	930	931	5M2I100M1I164M25D14M16D18M1D25M49D20M31D17M3D7M13D11M7D10M17D38M2I37M3I4M1D49M2D16M1I14M7D36M2D11M7D15M8D40M1I45M2I38M5I8M
49	3119	0.364	1.435E-73	5	760	777	3	861	862	101M1I162M25D53M5D9M9D12M15D9M8D5M22D7M5D4M2D20M10D5M2D39M2I37M3I4M1D49M2D16M1I13M3D2M4D27M3D120M2I39M4I10M
3	3114	0.354	1.888E-73	0	756	777	0	881	882	5M2I99M1I162M25D23M24D26M21D25M4D6M2D7M5D6M34D27M10D4M2D39M2I37M3I4M1D49M2D16M1I14M7D28M3D120M2I39M4I6M
52	3105	0.347	3.095E-73	5	763	777	3	912	913	101M1I161M10D30M41D14M18D13M14D23M3D6M28D3M4D10M17D5M1D4M3D18M10D38M2I37M3I4M1D49M2D16M1I14M7D28M3D120M2I34M1I7M1I13M
54	3105	0.351	3.095E-73	7	760	777	5	922	923	99M1I162M25D14M49D9M18D28M8D10M2D3M6D9M5D11M32D27M17D13M2D39M2I37M3I4M1D49M2D16M1I14M7D28M3D120M2I40M4I9M
67	3099	0.324	4.304E-73	0	758	777	0	963	964	6M1I100M1I164M25D14M5D7M6D12M32D17M26D15M60D15M1I30M1D8M41D2M2D39M2I35M1D7M3I46M2D18M1I12M2D5M5D34M2D10M13D38M2I56M3D2M5I39M5I7M
41	3095	0.345	5.361E-73	5	747	777	3	914	924	101M1I162M52D17M23D21M8D25M20D10M45D5M7D9M3D15M8D22M2D39M2I37M3I4M1D49M2D16M1I13M3D2M4D27M3D19M1D16M4I81M2I40M
115	3091	0.312	6.679E-73	0	756	777	0	981	982	5M2I99M1I162M7D4M21D18M21D11M5D13M18D10M7D6M7D27M1D6M11D12M1D18M109D38M2I38M3I4M1D48M2D16M1I13M3D2M4D27M3D20M19D95M3D2M5I40M4I5M
109	3089	0.343	7.454E-73	5	747	777	3	910	915	101M1I165M7D24M5I17M49D27M29D24M15D4M67D16M2D4M2D39M2I37M3I4M1D49M2D16M1I13M3D2M4D27M3D19M1I27M4I69M2I40M
61	3088	0.326	7.875E-73	0	746	777	0	925	933	5M2I99M1I164M2D15M4D22M20D29M26D10M19D9M16D23M66D15M9D38M2I39M4I3M2D47M2D16M1I10M2D6M5D35M2D9M13D38M3D64M2I39M
105	3088	0.315	7.875E-73	0	746	777	0	955	963	5M2I99M1I163M1D2M25D12M20D18M34D40M2D11M34D9M46D11M13D13M7D8M17D38M2I37M3I4M1D47M2D18M1I14M7D37M2D12M4D37M5D62M2I39M
13	3085	0.354	9.286E-73	5	760	777	3	893	894	101M1I162M25D14M63D24M30D21M3D26M6D11M6D28M2D39M2I37M3I4M1D49M2D16M1I14M7D28M3D47M4I7M2I7M4D16M2D37M2I39M4I10M
78	3085	0.334	9.286E-73	5	759	777	3	939	940	101M1I186M1D22M22D23M40D7M4D30M30D3M67D15M11D39M2I37M3I4M1D49M2D16M1I13M7D29M3D41M10D75M2I42M7I7M
56	3084	0.338	9.810E-73	5	760	777	3	930	931	101M1I162M25D14M23D32M23D11M6D50M76D4M10D9M7D4M2D39M2I37M3I4M1D49M2D16M1I14M7D28M3D21M1D16M1I82M2I39M4I10M
44	3083	0.356	1.036E-72	5	760	777	3	885	886	101M1I162M7D28M29D8M16D12M18D26M4D6M2D7M5D6M34D27M10D4M2D39M2I37M3I4M1D49M2D16M1I13M3D3M4D26M3D120M2I39M4I10M
26	3082	0.317	1.095E-72	0	756	777	0	966	970	5M2I99M1I165M26D12M20D13M3D18M23D21M8D9M6D31M50D8M46D6M15D3M2D39M2I39M4I3M2D47M2D16M1I13M3D2M4D27M2D19M15D22M3D32M2I45M2I37M6I6M
131	3081	0.333	1.157E-72	0	747	777	0	889	896	5M2I99M1I161M5D5M1D35M36D28M10D11M19D9M16D24M26D13M9D39M2I37M3I4M1D49M2D16M1I14M7D37M2D10M13D17M1I42M7D41M2I40M
71	3080	0.339	1.222E-72	9	747	777	19	924	934	97M1I162M25D14M45D47M3D16M6D5M6D11M27D15M27D13M22D3M2D39M2I37M3I4M1D49M2D16M1I14M7D28M3D116M2I44M
72	3078	0.334	1.364E-72	7	746	777	5	951	958	99M1I163M25D19M20D12M5D12M23D16M43D19M15D15M14D16M25D7M6D8M16D38M2I36M3I5M1D46M2D21M1I11M6D29M2D19M7D5M5D38M1D58M2I39M
29	3077	0.318	1.441E-72	0	759	777	0	969	970	5M2I99M1I165M16D8M25D24M8D14M17D7M43D25M8D7M10D21M48D6M7D6M15D3M2D39M2I39M4I3M2D47M2D16M1I13M3D2M4D27M2D19M8D61M8D40M2I37M6I9M
6	3072	0.317	1.897E-72	0	759	777	0	969	970	5M2I99M1I165M26D12M20D13M3D18M23D21M7D18M38D5M10D19M29D17M43D37M2I39M4I3M2D47M2D16M1I13M3D2M4D27M2D19M15D26M3D28M2I45M2I37M6I9M
31	3072	0.314	1.897E-72	7	759	777	5	969	970	99M1I165M16D8M25D24M8D11M23D35M14D26M50D8M46D7M15D2M2D39M2I39M4I3M2D47M2D16M1I13M3D2M4D27M2D20M15D21M3D32M2I45M2I37M6I9M
113	3071	0.354	2.004E-72	5	746	777	3	903	915	101M1I162M25D13M43D19M6D11M22D23M32D11M10D8M4D8M1D18M10D9M7D5M2D38M2I37M3I4M1D49M2D16M1I13M3D2M4D27M3D36M3I8M4I7M2I23M2D37M2I39M
94	3071	0.335	2.004E-72	5	746	777	3	916	924	102M1I164M16D18M20D15M32D11M2D10M19D23M22D11M5D11M9D5M25D18M9D38M2I36M3I5M1D49M2D16M1I13M3D3M4D26M2D22M1I57M11D40M2I39M
107	3071	0.307	2.004E-72	7	758	777	5	968	969	100M1I163M16D8M43D19M19D16M23D10M5D30M48D26M36D13M9D39M2I39M4I3M2D47M2D16M1I13M3D3M4D26M2D18M13D56M2D46M2I39M5I7M
50	3068	0.354	2.363E-72	7	746	777	5	897	906	99M1I162M25D15M44D38M16D24M20D3M23D11M7D4M8D12M4D17M2D39M2I37M3I4M1D47M2D18M1I14M7D28M3D120M2I39M
45	3068	0.347	2.363E-72	5	757	777	3	926	927	101M1I162M25D14M48D9M18D28M8D10M2D4M6D8M5D20M5D15M27D13M22D3M2D39M2I37M3I4M1D49M2D16M1I14M7D28M3D52M1I31M1D36M2I34M1I15M
48	3064	0.355	2.943E-72	5	755	777	3	898	899	101M1I162M12D5M8D23M11D8M32D18M33D14M8D16M8D10M21D19M8D8M3D3M2D39M2I38M3I3M1D47M2D18M1I13M3D2M4D30M3D17M4D5M1D8M5I19M2I61M2I40M3I5M
25	3064	0.312	2.943E-72	0	759	777	0	969	970	5M2I99M1I165M26D12M20D13M3D18M23D21M8D17M6D12M41D13M29D16M43D38M2I37M3I4M1D49M2D16M1I13M3D2M4D27M2D19M8D19M4D12M6D23M2I45M2I37M6I9M
16	3064	0.339	2.943E-72	0	746	777	32	972	978	106M1I162M67D6M20D7M12D14M6D25M1I6M14D13M13D16M8D9M31D14M1D14M7D38M2I38M3I3M1D45M1D4M1D16M1I10M2D5M4D31M2D16M11D38M2I23M5D37M2I39M
111	3063	0.329	3.109E-72	7	760	777	5	937	938	100M1I164M16D17M33D21M20D8M18D7M5D24M26D5M13D19M13D13M7D5M15D2M2D39M2I39M4I3M2D47M2D16M1I10M2D4M5D37M2D12M12D35M3D64M2I39M7I7M
116	3056	0.349	4.567E-72	5	746	777	3	885	893	101M1I162M25D14M32D16M14D10M9D15M2D33M20D15M30D17M8D5M2D38M2I38M3I3M1D49M2D16M1I19M7D23M3D68M4I8M2I14M1D19M6I1M4D39M
126	3054	0.356	5.098E-72	0	745	777	2	804	808	105M3I164M15D7M3D52M12D49M7D12M9D40M2I37M1D5M3I48M1D12M1I14M4D7M1D26M1I18M1D33M6D21M2D6M8D4M1D32M4I40M
34	3054	0.315	5.098E-72	0	744	777	0	960	970	5M2I99M1I165M26D12M20D13M63D53M8D9M10D19M9D6M46D10M17D38M2I37M3I4M1D49M2D16M1I13M3D2M4D27M2D19M8D19M4D12M4D70M2I37M
69	3053	0.340	5.386E-72	5	760	777	3	923	924	101M1I162M21D14M59D37M5D10M5D3M20D6M50D28M1I8M4D17M2D39M2I37M3I4M1D49M2D16M1I13M3D2M4D27M3D23M4D11M4I82M2I39M4I10M
35	3053	0.347	5.386E-72	6	746	777	4	918	929	100M1I161M12D30M55D14M7D9M28D11M6D13M40D3M16D19M1I8M4D17M2D39M2I37M3I4M1D49M2D16M1I14M7D28M3D19M1I6M2D94M2I39M
119	3051	0.319	6.011E-72	6	758	777	4	967	968	101M1I164M25D12M21D24M20D10M2D7M41D15M39D16M33D34M15D3M2D39M2I37M3I4M1D49M2D16M1I13M3D2M4D36M2D10M8D15M7D86M2I39M5I7M
38	3048	0.311	7.088E-72	0	758	777	0	967	969	5M2I100M1I164M26D12M20D18M5D14M23D26M74D18M13D13M13D11M7D10M17D38M2I39M4I3M2D47M2D16M1I13M3D3M4D35M2D10M2D64M14D37M2I37M6I8M
22	3046	0.309	7.911E-72	0	759	777	0	957	958	5M2I100M1I164M25D12M21D11M39D12M16D50M50D18M31D18M6D39M2I37M3I4M1D49M2D16M1I14M7D36M2D12M12D31M3D69M2I37M6I9M
15	3046	0.329	7.911E-72	7	746	777	41	977	983	99M1I165M25D14M3D23M7D23M18D23M39D4M28D21M2D4M31D8M26D40M2I38M3I3M1D49M2D16M1I10M2D6M4D30M2D15M11D54M2D6M3D41M2I39M
77	3045	0.334	8.358E-72	5	746	777	3	911	925	101M1I165M7D25M12D5M5D40M3D11M13D14M10D23M113D3M2D39M2I37M3I4M1D47M2D18M1I13M3D2M4D35M3D13M1D14M3I82M2I39M
53	3045	0.325	8.358E-72	0	759	777	0	963	964	5M2I100M1I164M26D12M24D4M16D11M13D8M13D15M3D11M1D3M54D24M13D15M26D19M4D38M2I39M4I3M2D47M2D16M1I13M3D3M4D34M2D10M13D18M1I13M1I7M5D62M2I37M6I9M
86	3045	0.322	8.358E-72	7	760	777	5	969	970	99M1I165M26D12M20D13M3D18M23D12M21D10M10D13M14D9M10D19M68D11M2D4M2D39M2I37M3I4M1D49M2D16M1I13M3D2M4D27M2D19M8D19M4D12M1D6M5D17M2I45M2I37M6I3M1I6M
106	3043	0.324	9.328E-72	0	760	777	0	969	970	5M2I99M1I165M16D8M25D15M8D18M23D15M37D31M18D19M9D6M46D11M17D37M2I41M1D1M3I48M2D16M1I13M3D2M4D27M2D19M8D19M4D12M1D6M5D17M2I45M2I37M6I3M1I6M
130	3043	0.329	9.328E-72	7	745	777	5	975	983	99M1I162M28D22M1D28M17D10M8D16M6D9M7D6M41D13M57D14M29D6M18D39M2I37M3I4M1D49M2D15M1I14M3D3M4D26M3D19M4D11M12D90M2I38M
39	3041	0.317	1.041E-71	7	758	777	5	964	965	100M1I164M25D12M25D4M16D25M6D43M16D20M91D18M17D38M2I37M3I4M1D49M2D16M1I14M7D36M2D11M8D19M5D6M1I11M3D18M1I45M2I38M5I8M
23	3040	0.347	1.100E-71	5	745	777	3	927	935	101M1I164M7D3M7D14M31D9M16D23M2D7M7D7M13D10M3D5M11D10M54D10M10D24M9D39M2I37M3I4M1D49M2D16M1I10M2D6M5D28M5D4M2I10M8D31M3D11M1I59M2I38M
24	3040	0.323	1.100E-71	7	760	777	5	969	970	99M1I165M16D8M25D15M8D23M17D7M27D11M16D14M2D11M36D12M46D4M2D12M2D4M2D39M2I39M4I3M2D47M2D16M1I13M3D2M4D27M2D18M13D38M5D17M2I45M2I37M6I4M1I5M
27	3038	0.319	1.228E-71	0	759	777	0	969	970	5M2I99M1I165M26D12M20D13M3D21M17D7M43D25M8D7M10D21M29D17M43D37M2I39M4I3M2D47M2D16M1I13M3D2M4D27M2D19M7D11M1D11M10D32M2I45M2I37M6I9M
43	3037	0.339	1.297E-71	5	758	777	3	930	931	101M1I162M21D18M53D14M5D8M22D24M6D6M3D18M3D22M35D11M22D3M2D39M2I37M3I4M1D49M2D16M1I13M3D2M4D27M3D20M2D23M1D16M3I58M2I34M1I7M1I8M
33	3037	0.315	1.297E-71	0	760	777	0	969	970	5M2I97M1I167M16D8M25D15M8D42M1D10M8D30M137D12M2D4M2D39M2I37M3I4M1D49M2D16M1I13M3D2M4D27M2D19M7D7M1D12M10D35M2I45M2I37M6I4M1I5M
85	3037	0.315	1.297E-71	0	760	777	0	969	970	5M2I100M1I164M26D12M20D15M9D14M17D23M8D17M6D26M70D16M43D37M2I37M3I4M1D49M2D16M1I13M3D2M4D27M2D19M8D19M4D12M1D6M5D17M2I45M2I37M6I3M1I6M
76	3035	0.336	1.448E-71	0	760	777	0	924	925	5M2I99M1I162M14D48M57D6M29D9M6D11M6D37M45D14M9D38M2I37M3I4M1D45M1D4M1D16M1I13M3D2M4D27M3D120M2I39M4I10M
75	3035	0.308	1.448E-71	0	759	777	0	969	970	5M2I99M1I165M26D12M20D18M8D11M20D24M14D30M67D14M31D15M13D36M2I39M4I3M2D47M2D16M1I13M7D37M2D11M8D20M4D11M1D6M3D64M2I37M6I9M
30	3028	0.309	2.126E-71	0	758	777	0	971	972	5M2I100M1I164M26D12M20D15M35D11M11D6M16D38M5D3M47D29M23D8M18D38M2I39M4I3M2D47M2D16M1I14M7D28M2D19M13D32M3D69M2I38M5I8M
5	3027	0.323	2.246E-71	0	759	777	0	969	970	5M2I99M1I165M26D12M20D13M3D21M17D7M27D10M67D5M7D26M7D5M1D13M7D7M15D2M2D39M2I39M4I3M2D47M2D16M1I13M3D2M4D27M2D19M15D22M3D32M2I45M2I37M6I9M
28	3026	0.319	2.373E-71	0	760	777	0	970	971	5M2I99M1I165M26D12M20D13M3D18M24D13M21D7M12D24M22D19M68D11M2D4M2D39M2I39M4I3M2D47M2D16M1I13M3D2M4D27M2D19M8D19M4D12M1D6M5D17M2I45M2I39M7I7M
82	3025	0.343	2.507E-71	1	745	777	26	939	947	7M1I97M1I161M11D28M36D19M55D15M2D2M8D17M41D11M2D24M8D3M1D6M3D39M2I37M3I4M1D49M2D16M1I13M3D2M4D30M3D16M1I100M2I38M
59	3024	0.309	2.649E-71	7	747	777	5	973	982	2M1D97M1I166M28D17M12D28M32D11M21D7M3D9M1I6M22D7M17D28M77D6M11D39M2I43M2I46M2D18M1I12M6D32M3D19M1D13M1D86M2I40M
57	3022	0.339	2.957E-71	1	747	777	0	920	931	5M1I99M1I161M7D40M6D7M7D29M51D3M2D1M7D9M8D5M27D18M49D9M5D5M2D38M2I37M3I4M1D49M2D16M1I13M3D2M4D27M3D21M2D6M2D8M4I13M1I29M1D34M2I44M
42	3019	0.341	3.486E-71	0	753	777	0	932	933	5M2I99M1I164M17D31M8D7M17D29M14D7M4D24M8D8M6D6M3D11M91D38M2I37M3I4M1D49M2D16M1I13M7D29M3D18M8D9M2D93M2I34M1I11M
51	3016	0.347	4.111E-71	7	746	777	5	920	932	99M1I162M25D14M45D9M18D3M2D37M16D12M61D21M1I23M4D4M2D39M2I37M3I4M1D45M1D4M1D16M1I14M7D28M3D120M2I39M
112	3016	0.311	4.111E-71	6	759	777	4	970	971	101M1I164M6D36M36D23M12D18M4D37M125D8M17D38M2I39M4I3M2D47M2D16M1I13M3D2M4D35M2D11M7D35M9D66M2I37M6I9M
46	3012	0.343	5.121E-71	5	746	777	3	914	926	101M1I162M25D14M42D42M18D18M68D22M1I10M1D14M3D3M2D39M2I37M3I4M1D45M1D4M1D16M1I14M7D28M3D17M1I17M3I78M2I19M12D24M
108	3012	0.319	5.121E-71	0	760	777	0	927	928	5M2I100M1I164M16D27M24D5M8D9M20D18M20D20M11D18M28D7M26D17M8D3M1D36M2I39M4I3M2D47M2D16M1I10M2D5M5D34M2D12M9D61M2D40M2I39M7I7M
47	3008	0.362	6.379E-71	0	747	777	0	809	820	5M2I99M1I162M25D11M32D30M9D21M1D17M4D2M3D11M3D16M1D16M4D39M2I37M3I4M1D49M2D16M1I14M7D28M3D22M7I17M15I59M2I40M
64	3007	0.310	6.740E-71	0	760	777	0	967	968	5M2I99M1I165M26D12M20D19M5D12M21D12M22D10M62D6M10D5M11D15M1D13M15D13M2D4M2D39M2I39M4I3M2D47M2D16M1I14M7D36M2D13M1D59M15D40M2I39M7I7M
127	2995	0.320	1.303E-70	0	746	777	41	1006	1013	106M1I163M25D48M42D7M42D24M1D5M42D19M30D13M19D5M1D2M2D38M2I39M3I3M1D45M1D4M1D18M1I11M6D29M2D41M6D39M7D40M2I39M
118	2993	0.311	1.454E-70	6	755	777	4	977	978	101M1I161M60D29M18D11M13D7M19D4M46D29M3D19M11D18M18D5M14D2M2D39M2I38M3I3M1D47M2D17M1I14M6D21M2D8M2D19M7D14M7D14M3D17M2D56M2I40M3I5M
102	2986	0.319	2.136E-70	0	746	777	0	956	964	5M2I100M1I164M25D11M25D30M21D10M23D14M37D22M27D7M9D14M12D13M13D39M2I33M3I8M1D47M2D18M1I14M7D36M2D11M7D64M10D32M3D2M5I39M
58	2985	0.343	2.257E-70	5	760	777	3	888	889	101M1I162M28D12M45D11M18D41M20D21M7D31M3D9M16D38M2I37M3I4M1D49M2D16M1I14M7D28M3D14M1D16M8I82M2I40M4I9M
66	2984	0.341	2.384E-70	1	755	777	0	922	923	5M1I77M1D22M1I186M1D21M34D24M14D7M4D17M13D7M42D17M30D9M19D37M2I38M3I3M1D49M2D16M1I13M7D29M3D18M8D23M3D16M1I62M2I34M1I7M2I4M
117	2983	0.320	2.519E-70	0	768	777	0	1001	1003	106M1I162M30D18M15D11M7D12M4D6M9D14M33D29M15D10M2D11M64D10M6D3M2D40M2I34M1D8M2I48M2D16M1I13M3D3M4D30M4D15M12D28M6D32M31D39M2I40M5I8M4I6M
83	2972	0.353	4.609E-70	7	749	777	29	942	947	2M1D97M1I162M12D4M18D28M33D19M36D10M2D2M52D26M2D23M8D10M3D2M2D39M2I37M3I4M1D49M2D16M1I14M7D28M3D19M1I11M2I16M3D8M1I62M2I34M1I7M
8	2969	0.308	5.435E-70	0	760	777	0	1015	1016	106M1I162M40D32M26D16M16D17M8D10M10D3M50D31M46D13M15D6M5D36M2I22M2I3M3I14M5D48M2D16M1I13M3D3M4D23M3D22M17D8M12D4M6D49M3D40M2I38M5I10M
122	2952	0.323	1.383E-69	9	760	777	6	972	1001	97M1I162M22D11M10D19M54D18M14D18M20D4M8D37M1D19M24D37M2I38M3I5M2D47M2D16M1I14M7D31M4D16M9D24M21D7M2D20M19D4M14D42M2I25M3D4M7I6M5I10M
96	2948	0.327	1.723E-69	2	745	777	30	933	948	4M3D28M2I3M3I64M1I162M19D30M2I44M4D17M3D9M17D5M5D8M104D10M21D39M2I21M4I64M1D18M3I1M2D11M10D12M4I16M3D47M10I9M1D49M2I40M
68	2902	0.326	2.156E-68	24	758	777	17	900	901	6M2I74M1I163M25D25M1D23M44D13M31D12M20D25M1D2M11D13M4D10M4D39M2I38M3I3M1D45M1D4M1D18M1I10M6D39M2D10M8D4M4D36M2D61M2I39M6I6M
74	2897	0.310	2.837E-68	9	721	777	1	902	926	97M1I162M26D11M15D18M36D34M9D18M65D44M30D38M2I43M2I48M2D12M1I16M5D39M1D10M1I16M7D18M2D66M2I14M
101	2896	0.309	2.997E-68	2	746	777	15	929	936	107M1I159M9D30M41D9M2D3M16D4M2D26M19D11M11D41M22D4M26D36M2I26M2D9M3I6M1D46M2D20M1I11M15D2M3D30M2I3M5D11M2D62M3D37M2I41M
73	2878	0.318	8.056E-68	25	746	777	2	926	933	84M1I162M16D18M74D7M12D6M4D5M3D26M36D17M3D10M13D22M6D11M18D38M2I43M2I45M2D19M1I12M6D30M3D6M2I11M14D38M3D63M2I39M
60	2878	0.284	8.056E-68	13	758	777	9	993	994	20M10D7M3D66M1I206M1D34M5D2M37D17M78D2M2D11M22D15M72D38M2I43M2I46M2D18M1I12M6D32M3D19M1D3M1D58M6D2M1D36M2I40M3I8M
92	2870	0.283	1.250E-67	6	744	777	0	1075	1084	100M1I162M13D7M5D25M97D36M28D12M66D4M2D6M9D36M29D37M2I42M2I2M2D45M2D18M1I13M7D36M2D10M65D17M3D26M15D56M2I41M
2	2855	0.342	2.850E-67	0	746	777	3	773	781	106M1I2M1I54M1I107M12D9M1I74M5D35M6D42M1I36M3I6M4D48M3D7M1D6M2D6M1D12M7D31M7D22M3D21M24I9M4I39M1D7M5D12M3D20M
12	2843	0.425	5.509E-67	6	654	777	1	674	675	100M1I162M20D76M7D17M6D15M2D14M2D30M1I43M1D6M3I3M2I80M1D27M3I17M4I45M
65	2828	0.305	1.256E-66	9	755	777	2	878	879	97M1I163M27D16M17D18M1D25M8D14M16D12M32D4M26D20M32D15M18D38M2I43M2I46M2D17M1I14M6D35M19I6M3I18M25I43M2I48M
55	2810	0.327	3.376E-66	0	760	777	0	892	893	5M2I99M1I8M1I155M1D2M56D16M21D18M2D11M6D25M5D11M67D17M3D22M9D39M2I37M3I4M1D10M1I38M2D8M1I7M1I14M7D11M17I6M5I2M1I5M2D14M5I19M1I18M2I42M2I9M1I24M1I7M3I8M
121	2803	0.436	4.958E-66	12	632	777	0	618	619	94M1I163M16D14M4I12M18I29M11D16M4D14M17I3M7D21M1D128M1D10M3I6M5D29M1I12M2I4M1I19M
18	2748	0.274	1.017E-64	6	746	777	0	1242	1248	103M1I159M26D20M16D21M16D17M5D6M25D14M27D5M31D10M36D28M1D5M78D37M2I23M1D2M2I10M3I4M2D47M2D18M1I13M3D2M4D34M2D24M14D13M75D10M132D26M17D34M1I6M1I39M
114	2741	0.298	1.494E-64	2	746	777	0	923	929	107M1I108M1D54M10D27M10D14M2D20M19D6M44D6M27D17M32D21M5D12M18D38M2I25M2D17M2I48M2D15M6I8M4D3M6D30M3D80M6D1M1D34M2I41M
125	2731	0.326	2.588E-64	6	745	777	26	808	813	100M1I162M25D12M5D27M29D10M4D35M1D43M6D36M2I24M15I52M2D19M1I16M7D25M1D19M10I12M4D9M1I14M8I10M1I36M2I38M
79	2722	0.336	4.243E-64	55	756	777	1	888	889	51M1I165M17D18M29D7M18D7M3D16M2D5M7D10M13D10M14D17M61D31M12D39M2I37M3I4M1D49M2D16M1I13M7D29M3D19M6D14M4D83M2I38M1I7M3I4M
32	2698	0.300	1.586E-63	44	759	777	1	928	929	62M1I165M26D12M20D13M3D27M9D42M69D12M29D16M43D38M2I39M4I3M2D47M2D16M1I14M7D38M2D10M15D21M3D32M2I45M2I37M6I9M
104	2698	0.297	1.586E-63	0	746	777	0	930	938	5M2I39M32I28M1I165M16D8M25D15M8D32M9D50M5D17M136D38M2I37M3I4M1D47M2D17M1I14M3D2M4D37M2D9M8D19M10D35M2I45M2I39M
80	2666	0.313	9.198E-63	44	758	777	1	930	931	62M1I163M25D24M10D10M15D11M23D13M36D19M1D7M42D19M29D16M22D5M2D38M2I40M1D2M3I44M1D4M1D15M1I13M6D30M2D19M8D4M8D36M2I59M2I37M6I8M
84	2642	0.315	3.437E-62	49	743	777	0	919	929	57M1I162M25D26M1D15M42D8M41D31M1D5M4D4M15D7M5D8M47D11M15D10M14D38M2I37M3I4M1D47M2D14M1I17M6D38M2D32M2D24M4D15M7D40M2I36M
14	2631	0.327	6.290E-62	5	747	777	83	883	886	104M26I7M3I72M1D52M10D5M7D3M36D16M27D7M3D29M4D13M25D90M2I93M2D18M1I10M5D3M2D28M1D19M13I17M4I5M14I44M2I43M
21	2588	0.377	6.675E-61	3	608	777	0	703	745	103M1I110M1D52M8D3M9D33M19D8M7D22M1I20M3D5M32D30M15D41M2I37M1D6M1I46M2D19M1I7M1I5M6D29M1I18M3D4M
11	2504	0.450	6.736E-59	6	627	777	4	589	596	38M32I30M1I162M5D4M3D10M10I20M2I21M1I51M3D7M1I22M1D53M2I4M2D69M1D11M2D38M1I11M3I18M
103	2487	0.292	1.714E-58	28	755	777	0	885	886	49M4I8M5I10M3I162M1D30M28D6M23D14M3D31M40D9M52D15M8D19M3D39M2I93M2D12M1I16M5D6M2D32M3D20M1I51M9D40M2I40M3I5M
110	2377	0.280	7.214E-56	92	760	777	0	879	880	14M1I165M16D8M25D15M8D42M1D10M8D39M124D8M17D38M2I37M3I4M1D47M2D18M1I14M7D38M2D9M8D60M8D41M2I39M7I7M
81	2377	0.286	7.214E-56	41	776	777	7	878	885	66M1I164M26D12M20D13M3D16M25D14M19D5M31D6M23D17M13D18M13D11M7D10M17D38M2I39M4I3M2D47M2D16M1I10M2D5M5D37M2D12M18I26M2I15M52I26M6D30M
123	2047	0.323	5.380E-48	46	572	777	0	713	715	60M1I162M1D5M16D13M48D18M11D24M16D16M1I23M21D27M69D36M2I43M2I46M2D31M9D17M
19	1829	0.237	8.541E-43	6	742	777	11	724	735	28M1D14M2I2M4D43M1I9M2I44M1D11M5D4M8D20M1I3M3D28M2D7M3I7M3D33M16D6M7I15M14I27M1I14M3I5M8I7M1I11M1I6M2I11M2D6M2D19M2I29M1I8M3I4M2D6M2D42M2D16M1I12M2D9M9D21M1D8M8I17M4I18M2I35M1I8M1D8M20I11M1I16M
90	1486	0.187	1.301E-34	0	746	777	0	692	697	7M2I25M1I16M5I51M2I40M5D17M1I21M1I24M1I4M11I4M1I34M34D30M21I8M3I13M18I28M5I38M5I7M2D6M1I10M3D6M3I8M5D38M4D8M1I15M1D28M2I8M2I8M2I23M13I23M9I21M1D10M1D12M2D3M3I10M1D30M
4	1485	0.198	1.374E-34	6	744	777	3	683	688	47M4I48M2I39M3D6M2D14M1I21M1I23M4D10M12I34M4D32M1I20M13D25M2I53M1D3M3D28M5I11M3D2M1D8M2I8M4I7M5D7M5D32M4D7M1I14M1D16M2I7M7I17M4D5M70I4M4D9M4D13M7I10M1I19M3D18M
129	1316	0.189	1.479E-30	14	743	777	0	653	656	5M2D14M1I18M31I2M1I19M2I42M5D17M1I21M1I24M1I4M12I61M20D7M3I16M6I20M26I25M2I31M3I5M2I7M2D6M1D11M1D17M1I6M3D31M4D9M1I16M1D25M8I25M2I14M8I51M9I5M1D18M1I5M1D13M1D8M4D10M
99	1101	0.220	1.991E-25	7	481	777	17	448	450	26M1I17M5I49M2I40M3D3M1D14M1I23M1I38M10I32M18D29M18I27M12I25M14I38M5I9M3D4M1D6M1D11M3I9M2D3M
17	709	0.151	4.474E-16	11	775	777	3	631	985	21M2I12M3I28M1I4M1D26M2I38M3D24M9D19M1I17M8D2M3D8M2D5M1D10M9D30M2I3M25D67M1D68M1I7M13I11M16I16M2D10M66I7M6I6M25I28M8I53M1D2M21I3M14I12M18I20M2I7M
93	657	0.192	7.784E-15	13	381	777	13	392	803	34M2I9M5I43M3I40M7D14M3I20M2D28M10D5M8D9M4I32M2I3M5D4M5D48M4I41M3I13M
 