124	5858	1.00	0.000E+00	0	712	713	0	712	713	713M
0	3538	0.484	2.828E-82	0	712	713	12	746	754	104M1D163M4I58M8I11M1I21M10D6M11D42M1I23M2I94M1D6M5I50M6D6M5D13M1D19M4D32M1D12M1D7M2D25M
91	3476	0.475	8.090E-81	0	712	713	8	780	788	103M1D163M7I19M3D15M3D8M6D22M15D22M10D14M14D43M1I26M1I99M5I49M7D22M6D13M4D6M1I30M1D11M1D8M4D25M
98	3448	0.471	3.679E-80	0	712	713	12	768	776	103M1D157M1D8M22D7M11I26M1D26M2D18M7D18M9D44M1I24M1I92M1I7M5I50M6D6M4D13M1D16M4D4M1I30M1D11M1D8M4D25M
97	3406	0.460	3.568E-79	0	712	713	25	778	786	103M1D163M9I24M3D24M13D8M1D15M1D19M22D54M1I22M2I100M5I53M11D16M1D18M2D45M1D8M2D24M
95	3401	0.463	4.675E-79	0	712	713	0	710	720	98M2I160M1D4M8D11M12I42M8I19M1I24M18D33M1D30M1D66M2I17M1D14M1D36M4I15M2I38M1I29M2I10M1D33M
87	3394	0.448	6.828E-79	0	710	713	6	737	770	96M1D164M2I13M3I46M1I3M9I12M11D17M4D10M4D42M1D24M1D68M2I15M1D18M6I27M1I17M1D19M9D18M10D39M1D8M1D31M
63	3389	0.439	8.948E-79	0	710	713	6	745	778	97M1D163M2I13M15I16M7D23M1D35M17D12M4D41M1D25M1D68M2I15M1D18M6I27M1I17M1D9M11D24M8D43M1D8M1D31M
128	3380	0.392	1.456E-78	0	711	713	5	867	876	260M2I12M3I8M8D18M18D6M7D28M33D11M30D19M14D12M8D37M1I25M1D12M1I88M1D32M6D6M4I24M21D11M15D53M1I6M1D32M
100	3378	0.431	1.622E-78	0	710	713	3	789	806	259M3I3M8D10M12I1M17D13M5D4M17D18M17D6M8I17M1D6M2D16M8D38M1I27M1D99M2D5M3I2M4D26M2D10M2D12M6D17M3D15M4D4M3D38M1I5M2D32M
10	3359	0.447	4.534E-78	0	712	713	25	777	784	103M1D163M9I26M6D13M10D16M7I16M10D14M18D51M1I21M1I104M5I53M5D16M8D50M1D12M1D9M2D20M1D3M
40	3351	0.457	6.989E-78	0	710	713	5	744	776	100M1D160M2I27M9D16M2D24M6I12M5D9M1I18M1D43M1D24M1D68M2I17M1D16M6I27M1I26M12D4M4D23M8D39M1D9M1D31M
1	3350	0.443	7.377E-78	0	710	713	4	762	787	275M12I12M1D10M4D5M2D16M2I21M6D27M8D23M1D13M1D25M1D69M2I18M2D20M4I23M1D2M3I24M15D31M8D31M2D11M6D9M13D23M
20	3329	0.449	2.297E-77	0	710	713	6	739	772	259M3I6M2D9M1D6M3I8M4D1M3D34M8I24M7D57M1D24M1D68M2I15M1D17M6I28M1I23M8D16M2D14M14D39M1D9M1D31M
88	3306	0.442	7.971E-77	0	710	713	6	737	770	262M2D14M5I7M9D41M9I36M4D44M1D24M1D68M2I16M1D17M6I27M1I22M18D31M6D39M1D9M1D31M
120	3305	0.435	8.414E-77	0	712	713	6	752	764	99M2I158M3I2M10I22M5D10M4D23M8I10M7D17M56D50M1D28M1D68M2I16M1D15M1D37M4I12M6I24M3I8M3I27M2I11M1D33M
7	3293	0.417	1.610E-76	1	710	713	8	811	857	98M1D176M12I18M9D20M6D4M8I21M8D9M65D51M1D24M1D18M1D50M2I17M1D13M5I62M2D10M12D16M12D34M1D11M1D31M
70	3285	0.406	2.482E-76	1	708	713	5	844	858	259M2D4M4D11M24D29M8D4M7D11M9D10M8I13M30D8M10D4M18D16M3D40M1I24M1D16M2I82M1D32M2D34M11D12M5D10M8D42M1I6M1D29M
48	3258	0.365	1.069E-75	1	712	713	5	893	899	259M16I11M27D14M13D10M38D18M8I8M39D3M13D22M46D8M2D38M1I24M1D18M2I82M1D32M2D27M8D31M14D40M1I6M1D33M
49	3248	0.395	1.837E-75	1	712	713	5	852	862	258M3I4M9I12M25D13M12D12M26D7M12D10M8I12M18D26M36D3M2D40M1I24M1D16M2I82M1D32M2D26M15D15M3D10M6D47M1I6M1D33M
117	3232	0.344	4.364E-75	1	712	713	7	989	1003	260M11I15M15D13M39D5M69D11M17D6M11D15M5D32M11D10M39D38M1I24M1D15M1I85M1D31M3D28M5D11M25D13M43D47M1I7M1D32M
47	3231	0.410	4.607E-75	1	708	713	5	805	820	258M3I4M9I12M25D13M1D3M18D10M2D17M1I4M15D12M7D5M1D3M6D7M26D17M2D39M1I23M1D17M2I82M1D33M2D23M2D74M1I6M1D29M
89	3225	0.442	6.373E-75	0	710	713	6	745	777	100M1D160M2I13M12I16M11D20M12D6M5I2M5D10M1I71M1D24M1D68M2I17M1D13M6I30M1I17M14D14M2D23M6D4M2D34M1D9M1D31M
3	3219	0.376	8.817E-75	1	712	713	5	876	882	258M3I5M10I11M26D28M26D17M4I8M35D20M52D10M11D3M2D40M1I24M1D16M2I82M1D32M2D34M11D24M13D40M1I6M1D33M
41	3217	0.374	9.824E-75	1	708	713	5	910	924	259M2D4M4D14M9I8M21D8M90D14M4D11M7D25M36D8M1I8M16D8M6D40M1I24M1D16M2I82M1D32M2D21M3I9M2D8M16D13M6D44M1I6M1D29M
37	3211	0.388	1.359E-74	1	712	713	3	805	829	10M2D144M1I104M1D8M7I54M29D10M9D6M41D29M4D43M1D25M1D68M2I16M1D26M2I23M1I3M1I12M1D11M3D4M1D10M6D17M2D30M1D14M1D24M1D7M
113	3210	0.367	1.435E-74	1	712	713	5	904	915	261M6D13M12I20M2D17M35D5M3I11M24D21M13D15M105D39M1I24M1D16M2I82M1D32M2D27M8D16M7D15M2D40M1I6M1D33M
131	3206	0.375	1.781E-74	1	708	713	5	885	896	258M3I5M7D3M16D51M17D8M4I6M11D9M21D27M42D4M23D39M1I23M1D17M2I82M1D32M1D23M28D13M5D23M10D39M1I6M1D29M
62	3200	0.365	2.464E-74	1	712	713	5	924	931	258M3I10M23D15M29D18M29D9M16D15M19D11M4D33M31D6M22D39M1I23M1D17M2I82M1D32M1D22M27D5M2D15M3D17M6D39M1I6M1D33M
56	3198	0.363	2.745E-74	1	712	713	5	921	931	258M3I4M9I12M25D13M95D5M8D22M10D10M25D17M19D14M3D8M5D2M2D40M1I24M1D16M2I82M1D33M4D4M2I20M11D20M5D7M8D44M1I6M1D33M
69	3197	0.363	2.898E-74	1	708	713	5	910	924	259M16I19M37D7M24D11M15D15M48D2M7I8M43D9M22D25M7D39M1I23M1D17M2I82M1D33M4D5M2I19M11D31M13D40M1I6M1D29M
52	3195	0.379	3.229E-74	1	712	713	5	898	913	258M3I4M9I12M25D13M1D3M30D20M67D6M6D22M16D17M16D11M8D39M1I24M1D16M2I82M1D32M2D35M18D23M6D40M1I6M1D33M
44	3194	0.381	3.409E-74	1	712	713	5	876	886	258M3I6M27D8M11I29M38D3M12D10M8I11M15D9M27D18M36D3M2D40M1I24M1D16M2I78M2D6M1I30M2D33M11D24M13D40M1I6M1D33M
16	3192	0.358	3.798E-74	0	708	713	38	969	978	259M3I2M1I10M12I18M10D17M38D7M1I9M29D12M81D15M42D13M3D39M1I22M1D18M2I117M1D19M11D9M15D8M7D18M5D41M1I6M1D29M
116	3188	0.379	4.716E-74	1	712	713	5	886	893	259M2D4M4D11M12I8M27D8M43D11M37D15M12D18M8D7M8D6M14D19M7D39M1I24M1D16M2I78M2D6M1I28M2D25M12D16M2D16M4D21M1D21M1I6M1D33M
42	3187	0.369	4.978E-74	1	712	713	5	927	933	258M3I2M19D8M5D4M10I9M8D12M39D9M105D13M8I10M2D9M14D20M5D40M1I24M1D18M2I85M1D29M2D26M19D18M15D54M1I6M1D33M
109	3185	0.367	5.546E-74	1	708	713	5	906	915	262M16D10M9D2M12I8M8D7M11D10M40D21M4I8M87D27M16D6M3D40M1I24M1D16M2I82M1D32M2D26M10D32M9D40M1I6M1D29M
112	3184	0.348	5.855E-74	1	712	713	5	964	971	258M3I2M18D9M51D4M6D1M4I8M59D26M1D13M15D12M11D39M54D38M1I22M1D18M2I82M1D32M1D22M31D20M2D15M7D41M1I6M1D33M
50	3182	0.385	6.524E-74	1	712	713	5	898	906	259M2D4M4D5M19D6M12I8M8D7M11D6M37D11M9D10M5I5M16D8M24D22M41D9M3D40M1I24M1D16M2I82M1D32M2D32M11D26M13D40M1I6M1D33M
39	3178	0.353	8.099E-74	1	712	713	5	958	965	258M3I5M7D3M16D17M29D18M23D21M44D3M23D8M12D36M51D5M2D40M1I23M1D17M2I82M1D32M1D22M27D4M2D16M3D17M6D39M1I6M1D33M
36	3174	0.375	1.006E-73	0	712	713	2	805	829	10M2D145M1I104M1D8M7I54M29D10M9D4M45D74M1D25M1D68M2I16M1D26M2I25M2I14M2D22M9D19M2D31M1D13M1D24M1D7M
54	3172	0.378	1.120E-73	1	712	713	5	913	923	259M2D4M2D5M21D6M12I12M8D4M11D5M39D7M46D11M2D4M7I3M43D19M14D19M3D40M1I24M1D16M2I82M1D32M2D24M15D22M1D10M8D42M1I6M1D33M
111	3172	0.358	1.120E-73	1	707	713	5	926	938	258M3I5M7D3M43D2M46D6M9I34M11D15M15D17M54D12M10D13M2D40M1I23M1D17M2I82M1D32M1D24M10D2M19D16M3D15M7D41M1I6M1D28M
61	3170	0.358	1.248E-73	1	708	713	5	922	933	258M3I5M7D3M16D51M17D9M4I6M11D8M21D12M33D17M4D3M68D38M1I22M1D18M2I82M1D32M1D24M30D35M10D39M1I6M1D29M
15	3169	0.347	1.318E-73	0	708	713	40	974	983	259M3I2M1I10M12I18M10D14M29D3M8D7M103D12M8D26M21D7M22D4M2D40M1I22M1D18M2I117M1D19M3D2M23D15M13D21M1D38M1I6M1D29M
126	3168	0.368	1.391E-73	2	712	713	10	806	808	96M2I159M3I2M3I4M8I15M5D36M4I10M2D23M31D11M34D40M1I25M1D15M2I49M1I31M1D5M2I32M2I21M34D29M8D38M3I7M1D32M
13	3166	0.373	1.550E-73	1	712	713	5	884	894	258M3I4M9I12M25D12M98D17M8D3M3D7M14D3M8I17M10D22M3D2M2D40M1I23M1D17M2I82M1D32M2D36M11D13M13D49M1I6M1D33M
51	3160	0.363	2.144E-73	1	712	713	5	921	932	259M16I11M29D8M8D12M44D20M13D2M8I13M21D7M26D12M56D7M5D2M2D40M1I24M1D16M2I82M1D32M2D23M1I8M16D5M1D19M8D42M1I6M1D33M
46	3156	0.362	2.662E-73	1	712	713	5	915	926	259M2D4M4D4M19D7M12I8M8D12M44D20M13D2M8I13M26D2M7D18M61D8M2D40M1I24M1D16M2I82M1D32M2D28M7D18M5D10M8D42M1I6M1D8M12D25M
85	3154	0.350	2.967E-73	1	712	713	5	963	970	258M3I5M7D4M62D6M20D11M39D13M10D15M3D14M3D22M12D28M54D38M1I24M1D16M2I82M1D32M1D24M30D18M3D17M7D39M1I6M1D33M
82	3153	0.359	3.131E-73	1	712	713	30	941	947	2M1D257M2D4M4D14M9I36M12D2M112D4M8I9M25D11M25D12M10D9M2D41M1I21M1D18M2I82M1D33M2D32M23D65M1I7M1D32M
119	3153	0.361	3.131E-73	1	708	713	5	957	968	258M3I5M7D3M16D17M29D20M73D9M2D12M10D9M7D3M8D10M39D3M6D21M10D4M2D40M1I23M1D17M2I82M1D32M1D22M27D4M2D16M3D17M7D39M1I6M1D29M
94	3152	0.348	3.305E-73	1	708	713	5	913	924	258M3I10M54D4M11I11M5D9M25D18M34D12M3D4M5D6M13D14M33D18M9D39M1I22M1D18M2I82M1D45M1D11M25D35M9D39M1I6M1D29M
71	3152	0.379	3.305E-73	3	708	713	19	920	934	257M2D4M4D5M19D6M12I8M8D8M11D5M38D7M46D11M2D6M5D9M17D17M10D4M18D16M3D40M1I24M1D16M2I82M1D32M2D34M11D12M5D10M8D42M1I6M1D29M
76	3150	0.370	3.683E-73	1	708	713	5	911	925	259M2D4M2D5M20D7M11I7M14D34M5D15M31D11M13D18M28D9M70D37M1I24M1D16M2I82M1D32M2D34M11D24M13D40M1I6M1D29M
45	3150	0.369	3.683E-73	1	712	713	5	917	927	259M2D4M2D5M21D6M12I8M8D8M11D5M38D11M9D10M8I13M45D20M27D5M31D3M2D40M1I24M1D16M2I82M1D32M2D34M11D24M13D40M1I6M1D33M
22	3139	0.344	6.678E-73	1	712	713	5	951	958	258M3I2M18D9M148D2M21D11M2D14M10D30M7I42M7D39M1I22M1D18M2I82M1D32M1D21M8D26M24D12M7D39M1I6M1D33M
25	3137	0.343	7.441E-73	1	712	713	5	963	970	258M3I11M94D5M9I25M40D4M4D14M15D11M8D9M4D30M54D38M1I23M1D17M2I82M1D32M1D25M19D7M7D7M4D3M3D15M7D41M1I6M1D33M
30	3137	0.335	7.441E-73	1	712	713	5	965	972	258M3I5M7D3M15D5M12I8M13D26M17D8M106D12M11D39M55D38M1I23M1D17M2I82M1D32M1D33M39D26M1D39M1I6M1D33M
6	3136	0.342	7.854E-73	1	712	713	5	963	970	258M3I6M11D7M13I36M40D5M106D19M1D6M11D26M54D38M1I23M1D17M2I82M1D32M1D24M30D20M3D13M7D41M1I6M1D33M
38	3135	0.348	8.291E-73	1	712	713	5	962	969	258M3I2M18D9M78D6M5I20M20D10M22D15M7D35M16D9M31D6M22D39M1I23M1D17M2I78M2D7M1I28M1D21M16D5M14D33M10D39M1I6M1D33M
107	3131	0.354	1.029E-72	1	708	713	5	958	969	258M3I2M18D9M76D6M5I19M22D14M22D12M11D12M22D19M7D4M28D14M9D40M1I23M1D17M2I86M1D28M1D22M18D9M8D8M5D20M8D39M1I6M1D29M
108	3129	0.348	1.147E-72	1	708	713	5	917	928	258M3I13M12I3M10D34M41D5M69D5M1D7M49D39M15D34M1I27M1D17M2I86M1D28M1D22M25D21M7D15M3D40M1I6M1D29M
115	3129	0.346	1.147E-72	1	712	713	5	976	982	258M3I6M30D7M12I11M1D5M27D14M46D20M51D24M44D18M32D37M1I24M1D18M2I82M1D31M2D25M14D19M20D17M9D38M1I6M1D33M
23	3128	0.373	1.211E-72	1	712	713	5	929	935	260M16D11M6D4M10I9M8D8M48D9M53D5M43D12M6D23M7D4M1D60M1I25M1D17M2I85M1D29M2D22M2I10M7D10M29D54M1I6M1D33M
105	3127	0.345	1.278E-72	1	708	713	5	952	963	258M3I2M18D9M78D5M7I3M41D46M11D30M23D15M46D38M1I24M1D17M2I82M1D32M1D24M15D4M4D9M5D22M9D39M1I6M1D29M
35	3124	0.358	1.503E-72	1	712	713	5	919	929	258M3I4M9I12M25D8M8D8M35D10M42D16M7I21M23D14M61D7M2D40M1I23M1D17M2I82M1D31M2D27M12D32M13D40M1I6M1D33M
24	3124	0.347	1.503E-72	1	712	713	5	963	970	258M3I2M18D9M76D5M7I9M32D12M10D26M11D44M68D2M2D40M1I23M1D17M2I82M1D32M1D24M30D18M3D15M7D41M1I6M1D33M
33	3123	0.330	1.587E-72	1	712	713	5	963	970	258M3I6M113D7M11I5M19D17M8D22M6I11M17D16M16D17M54D38M1I22M1D18M2I82M1D32M1D24M30D35M10D39M1I6M1D33M
78	3122	0.364	1.675E-72	1	712	713	5	934	940	257M3I3M19D8M7D4M11I8M8D12M45D9M4D13M8I15M35D18M10D5M77D41M1I24M1D18M2I86M1D28M2D31M19D29M15D38M1I6M1D33M
5	3115	0.345	2.446E-72	1	712	713	5	963	970	258M3I11M94D13M34D15M10D15M3D23M1I24M68D14M2D40M1I23M1D17M2I82M1D32M1D25M19D7M7D13M6D15M8D38M1I6M1D33M
130	3115	0.352	2.446E-72	1	710	713	5	975	983	258M3I2M9D4M2D7M12I12M2D22M42D14M60D39M120D42M1I24M1D18M2I85M1D29M2D24M14D6M11D16M5D11M10D41M1I6M1D31M
96	3112	0.370	2.877E-72	0	710	713	37	933	948	31M5I224M13D15M13I18M5D4M26D9M39D5M30D6M16D7M35D19M16D23M12D37M1I24M3I67M1I65M2D22M14D39M1D32M1I9M1D31M
26	3111	0.346	3.037E-72	1	712	713	5	963	970	258M3I11M94D13M8D6M19D16M4D8M4D18M11D18M16D28M54D38M1I23M1D17M2I82M1D32M1D24M30D18M3D15M7D41M1I6M1D33M
43	3110	0.372	3.205E-72	1	712	713	5	921	931	259M6D15M87D3M7I9M21D5M11D12M3D23M3D13M11D8M15D21M28D2M2D40M1I24M1D16M2I82M1D32M2D24M5D9M10D10M3D12M6D43M1I6M1D33M
75	3110	0.340	3.205E-72	1	712	713	5	963	970	258M3I11M96D5M7I3M21D7M11D11M7D10M3D14M15D12M1D12M10D19M51D5M2D40M1I22M1D18M2I82M1D32M1D22M2D10M24D27M14D39M1I6M1D33M
57	3109	0.367	3.384E-72	1	708	713	5	916	931	258M3I2M19D9M13D2M9I19M52D24M8D2M7I4M11D16M37D20M49D3M9D39M1I24M1D16M2I82M1D33M2D25M11D32M13D40M1I6M1D29M
27	3109	0.343	3.384E-72	1	712	713	5	963	970	258M3I2M18D9M76D2M9I28M40D4M4D13M15D12M8D9M4D30M54D38M1I22M1D18M2I82M1D32M1D25M19D6M11D26M10D41M1I6M1D33M
29	3108	0.351	3.572E-72	1	712	713	5	963	970	258M3I2M18D9M76D5M7I3M41D13M10D15M3D14M1I32M39D10M29D5M2D40M1I22M1D18M2I82M1D32M1D28M26D17M6D14M8D39M1I6M1D33M
28	3108	0.349	3.572E-72	1	708	713	5	960	971	258M3I6M26D8M11I12M1D5M5D12M84D5M25D8M15D12M8D11M4D28M54D38M1I23M1D17M2I82M1D32M1D25M19D7M7D7M4D3M3D17M7D39M1I6M1D29M
72	3107	0.344	3.770E-72	1	707	713	5	947	958	258M3I4M11D9M13I33M41D9M95D8M2D9M13D2M38D5M6D25M10D39M1I22M1D18M2I114M1D22M9D6M11D15M17D55M1I6M1D28M
31	3107	0.335	3.770E-72	1	712	713	5	963	970	258M3I6M11D7M13I41M39D6M58D27M5D12M108D4M2D40M1I22M1D18M2I82M1D32M1D28M26D15M7D14M7D41M1I6M1D33M
66	3106	0.366	3.980E-72	1	712	713	5	917	923	77M1D181M3I2M19D8M5D4M9I10M8D8M40D5M32D7M64D11M12D3M6I6M3D75M1I24M1D18M2I85M1D28M2D27M19D18M15D54M1I6M1D33M
86	3105	0.342	4.201E-72	1	712	713	5	963	970	258M3I11M94D5M9I32M44D17M15D7M16D36M50D39M1I24M1D16M2I82M1D32M1D24M30D18M3D17M7D39M1I6M1D33M
83	3103	0.364	4.681E-72	3	712	713	32	941	947	257M2D4M4D5M16D7M11I8M9D8M85D9M23D17M8I26M54D15M2D37M1I25M1D18M2I82M1D35M1D6M1D15M12D13M13D6M2I53M1I6M1D33M
67	3101	0.336	5.216E-72	1	708	713	6	953	964	267M23D8M11I12M1D17M61D11M41D3M25D17M21D22M33D4M9D5M2D40M1I22M1D18M2I86M1D27M2D7M1I18M26D15M2D17M7D41M1I6M1D29M
106	3098	0.343	6.135E-72	1	712	713	5	963	970	258M3I11M94D5M9I25M40D4M4D13M15D12M8D11M4D28M54D38M1I24M1D16M2I82M1D32M1D24M30D18M3D17M7D39M1I6M1D33M
58	3097	0.387	6.475E-72	1	712	713	5	879	889	259M2D4M4D5M18D7M11I8M8D8M11D5M38D11M9D12M11D15M11D25M35D8M9D39M1I24M1D16M2I82M1D32M2D17M8D29M1D9M8D43M1I6M1D33M
53	3094	0.341	7.616E-72	1	712	713	5	957	964	258M3I11M96D5M7I5M41D20M5D19M7D35M23D15M39D39M1I22M1D18M2I82M1D32M1D22M8D11M1D19M19D5M12D41M1I6M1D33M
64	3091	0.341	8.958E-72	1	708	713	5	957	968	258M3I4M18D7M78D5M7I18M23D9M18D20M11D20M29D10M7D6M16D12M15D38M1I23M1D17M2I82M1D32M1D24M30D35M10D39M1I6M1D29M
77	3085	0.371	1.239E-71	1	712	713	5	912	925	258M3I2M19D12M11I11M9D5M18D15M40D10M28D24M18D10M14D13M39D3M2D40M1I24M1D16M2I82M1D31M2D33M9D11M7D11M6D44M1I6M1D33M
34	3084	0.349	1.308E-71	1	712	713	5	963	970	258M3I11M94D13M34D15M5D28M11D14M16D36M50D39M1I24M1D16M2I82M1D32M1D25M19D7M7D7M4D3M3D17M7D39M1I6M1D33M
118	3076	0.349	2.016E-71	1	708	713	5	968	978	268M8D6M84D3M7I9M39D8M6D22M3D5M12D18M12D16M25D4M16D9M12D2M2D40M1I22M1D18M2I100M2D14M1D34M2I17M4D7M41D38M1I6M1D29M
8	3075	0.341	2.129E-71	0	711	713	6	1006	1016	260M10D4M8D10M1D3M10I18M10D24M5I11M77D5M8D16M11D6M9D6M105D39M1I22M1I9M2D93M1D30M3D8M1I24M16D9M32D19M14D39M1I6M1D32M
127	3068	0.339	3.108E-71	0	708	713	47	1003	1013	259M3I8M11D5M13I36M138D7M38D10M7D9M5D17M27D11M2D40M1I22M1D18M2I114M1D24M9D6M19D29M9D39M1I6M1D29M
59	3048	0.350	9.170E-71	2	711	713	7	972	982	257M3I2M18D8M38D3M44D4M5I15M60D7M1D23M6I33M12D10M71D37M1I25M1D18M2I113M2D25M2D19M16D10M8D45M1I6M1D32M
122	3037	0.329	1.663E-70	3	703	713	6	961	1001	256M3I5M24D8M46D12M22D4M30D10M40D28M9I27M8D16M3D37M1I23M1D18M1I82M1D33M5D5M2I24M4D15M75D11M10D37M1I9M1D14M3D5M1I4M
125	3022	0.360	3.742E-70	0	712	713	26	810	813	266M18D9M12I49M20D15M3D16M49D51M1I29M14I81M1D33M1D20M2D8M4D25M1D41M1I9M1D33M
73	3012	0.356	6.428E-70	17	708	713	0	923	933	246M15D8M50D6M11I11M9D5M43D11M19D8M1I5M12D22M8D22M16D6M33D39M1I22M1D18M2I154M35D17M6D41M1I6M1D29M
55	3008	0.366	7.980E-70	1	712	713	5	883	893	110M1I147M3I11M66D4M8I14M1D13M11D16M56D17M22D10M3D13M13D13M17D37M1I24M1D16M2I10M1I47M1I19M2D6M1I9M14I19M2D45M6D40M1I39M
74	3007	0.353	8.424E-70	3	686	713	1	902	926	256M3I11M94D5M6I2M2D21M14D15M30D7M10D30M18D20M30D39M1I22M1D18M2I86M1I48M13D5M7D18M6D15M6D39M1I6M1D7M
65	3006	0.348	8.892E-70	3	711	713	2	869	879	255M3I3M18D9M81D5M9I42M22D9M10D16M4D20M60D4M2D41M1I21M1D18M2I117M1D8M16I10M9I52M1I6M1D32M
102	2982	0.329	3.257E-69	1	708	713	5	953	964	258M3I2M18D9M77D5M7I14M24D17M3D6M13D21M31D26M33D9M11D40M1I23M1D17M2I82M1D33M1D24M19D17M15D15M7D41M1I6M1D29M
101	2977	0.335	4.268E-69	0	708	713	19	926	936	260M2I1M11D12M7I7M25D16M32D7M8D17M2I19M37D17M28D15M26D36M1I22M3D18M2I78M2D5M10D34M22D57M9D35M1I9M1D29M
68	2973	0.348	5.299E-69	18	708	713	17	891	901	9M2I230M3I3M2D10M12I11M26D5M59D30M34D8M7D8M17D28M19D41M1I22M1D18M2I114M1D22M10D5M10D22M18D49M1I6M1D29M
2	2933	0.367	4.612E-68	1	710	713	10	772	781	100M1I55M1I101M3I13M13I17M3D27M4D12M12D4M19D25M8D70M1D18M1D47M1D11M1D8M3D3M1D17M1D30M5D3M1D16M5I15M7D21M3I34M2D5M6D10M3D22M
92	2932	0.304	4.868E-68	0	708	713	0	1074	1084	259M3I4M22D5M4D5M11I7M7D11M20D4M8D12M5D8M9I21M8D22M206D37M1I24M1D103M1D29M1D22M18D18M2D16M60D4M27D38M1I6M1D29M
18	2924	0.281	7.504E-68	0	710	713	0	1241	1248	260M2I6M25D8M10I8M9D7M64D29M5D28M79D4M1D18M98D37M1I42M1I82M1D35M19D9M23D5M80D7M8D13M37D9M63D12M33D40M1I7M1D30M
14	2915	0.379	1.221E-67	0	711	713	84	882	886	105M25I5M3I72M1D49M3I5M11I9M12D8M1D36M6I18M1D13M36D8M90D41M1I24M1D101M2D4M1I54M1D14M8I49M1I6M1D32M
60	2897	0.319	3.233E-67	0	708	713	0	981	994	12M2D15M8D6M5D225M3I3M18D9M80D6M5I13M27D11M34D21M6I17M32D15M15D12M33D36M1I25M1D18M2I113M2D24M25D36M8D39M1I6M1D29M
114	2883	0.320	6.894E-67	0	708	713	4	920	929	216M1D46M10D13M12I9M47D7M30D8M71D8M34D10M7I17M2D65M1I24M3D16M2I64M12I4M11D38M2D30M1D26M30D35M1I9M1D29M
121	2855	0.444	3.135E-66	7	629	713	1	618	619	260M8I29M9D3M5D27M2D27M1I41M1D11M1D30M1D66M2I16M2D14M1I14M3I21M2I12M8I10M1I16M
21	2826	0.401	1.505E-65	0	610	713	3	719	745	210M1D57M37D9M11I12M14D5M51D25M7I37M16D45M1I23M1D91M1I46M2I18M8D11M
80	2806	0.328	4.439E-65	38	712	713	1	925	931	221M3I11M95D21M29D30M12D5M9I14M18D13M7D3M41D11M23D39M1I22M1D18M2I114M1D22M20D21M18D55M1I6M1D33M
32	2771	0.339	2.948E-64	38	712	713	1	922	929	221M3I5M7D6M87D21M25D12M19D10M3D14M3D11M8D9M4D30M54D38M1I22M1D18M2I86M1D28M1D28M26D16M7D15M7D39M1I6M1D33M
79	2747	0.337	1.080E-63	49	712	713	1	883	889	210M3I14M11I22M9D14M17D7M7I9M75D12M3D23M101D35M1I24M1D18M2I85M1D30M2D23M1D7M18D27M15D40M1I6M1D33M
12	2719	0.422	4.910E-63	0	632	713	1	669	675	267M14D8M10I10M22D33M22D32M3I43M1I7M1D30M3I63M2I16M1D19M5I28M1D2M5I9M2I11M6D24M
84	2714	0.318	6.435E-63	43	712	713	0	923	929	216M3I6M11D7M13I36M138D5M9I15M38D4M23D6M31D15M2D40M1I22M1D18M2I114M1D23M20D20M10D13M7D42M1I6M1D33M
104	2683	0.319	3.442E-62	1	708	713	5	927	938	38M32I188M3I6M78D8M9I5M59D11M5D28M10I8M17D17M16D16M54D38M1I22M1D18M2I80M1D34M1D28M26D11M4D20M10D39M1I6M1D29M
9	2593	0.402	4.478E-60	0	710	713	6	607	639	97M1D167M1I11M10I20M2I24M1D9M33I5M37I2M42I50M2I15M1D18M6I27M1I17M2I26M12D7M10D41M1D8M1D31M
103	2576	0.314	1.123E-59	22	708	713	0	876	886	49M4I8M5I7M2I162M3I5M16D8M12I12M9D3M45D15M7D12M68D8M9D37M25D5M2D39M1I23M1D111M1D20M3D10M1I17M15D19M7D14M10D36M1I9M1D29M
81	2494	0.354	9.478E-58	35	632	713	7	808	885	224M3I5M7D3M16D51M17D8M58D5M36D6M5D24M16D9M31D6M22D39M1I22M1D18M2I86M1D28M1D22M1I35M
11	2437	0.428	2.069E-56	1	611	713	5	581	596	37M32I190M2I7M3I6M4I21M1D27M2I31M8D16M7D24M1D11M1D29M1D67M2I17M2D26M4I22M2I13M4I12M
110	2428	0.306	3.366E-56	86	708	713	0	869	880	173M3I13M11I2M9D36M40D6M106D11M8D9M4D30M54D38M1I24M1D16M2I86M1D28M1D24M30D35M10D39M1I6M1D29M
123	2275	0.374	1.322E-52	40	562	713	0	713	715	223M6D15M9I7M32D7M18D7M15D21M72D8M1D17M4D26M50D38M1I22M1D18M2I69M1D16M1D3M2D14M
19	2115	0.258	7.586E-49	0	712	713	11	728	735	29M1D16M2D42M1I12M1I43M1D11M5D4M8D20M1I3M3D27M2D56M6I47M3D10M8I9M2I44M2D6M2D20M1I39M1I9M2D73M4D5M1D16M4D27M3I9M1D36M2I24M1D8M9I11M1I14M1I6M
90	1587	0.214	1.921E-36	3	708	713	7	694	697	26M1I16M5I50M1I40M5D17M1I21M1I24M1I4M11I4M1I31M3I16M6D51M9I40M1D35M2I20M1D7M2D21M2D33M1I3M5D10M3I13M2D18M1D3M11I20M4D11M3I5M6I14M5D25M1D4M1I10M1D23M2D12M1D8M4D10M
4	1414	0.200	2.227E-32	1	708	713	4	682	688	45M4I51M1I38M3D3M2D17M3I2M2D17M1I22M4D10M12I49M10I5M5D50M3D24M14D21M11D3M3D12M1I4M1D11M4I8M1D5M3D8M1I12M4D5M3I6M5D29M2D8M2D3M3I15M2D24M1I6M10I21M6I3M39I2M2D5M4D12M7I20M1D9M3D17M
129	1413	0.186	2.350E-32	8	708	713	0	649	656	5M2D16M1I9M35I3M2D4M1D20M1I40M5D17M1I18M1I27M4I2M10I5M1D31M3I6M16D23M2I29M21I22M2I19M3D27M2I7M2I5M2D6M1D15M1D16M3D34M4D10M3I15M2D16M7I8M3I16M11D20M2I35M1D4M1I8M1D12M9I12M2D11M1D18M
99	1157	0.234	2.426E-26	1	464	713	17	448	450	28M1I15M5I49M1I40M3D3M1D14M1I23M1I24M1D13M11I28M3I8M4I34M2I20M9I74M2I6M2I8M3D4M1D11M1D20M
17	732	0.190	2.338E-16	5	456	713	3	493	985	22M2I25M3I14M1I4M1D31M1I33M3D24M9D19M1I18M12D7M3D5M1I11M9D28M5I8M7I12M18D19M2D13M7D10M8I19M15D11M10D22M1I16M3I10M17I21M
93	719	0.188	4.724E-16	7	395	713	13	392	803	32M3D7M10I44M2I40M7D18M2I3M1I13M2D29M4I14M18D32M1I3M2I11M11I12M1D35M5I39M2I17M
 26	7045	1.00	0.000E+00	0	969	970	0	969	970	970M
29	6775	0.994	0.000E+00	0	969	970	0	969	970	970M
5	6736	0.995	0.000E+00	0	969	970	0	969	970	970M
25	6695	0.991	0.000E+00	0	969	970	0	969	970	970M
31	6669	0.989	0.000E+00	0	969	970	0	969	970	970M
86	6662	0.979	0.000E+00	0	969	970	0	969	970	970M
27	6658	0.992	0.000E+00	0	969	970	0	969	970	970M
6	6624	0.989	0.000E+00	0	969	970	0	969	970	970M
106	6623	0.978	0.000E+00	0	969	970	0	969	970	970M
85	6607	0.977	0.000E+00	0	969	970	0	969	970	970M
28	6604	0.991	0.000E+00	0	969	970	0	970	971	367M1D603M
34	6568	0.979	0.000E+00	0	969	970	0	969	970	970M
24	6524	0.949	0.000E+00	0	969	970	0	969	970	970M
33	6360	0.938	0.000E+00	0	969	970	0	969	970	970M
75	6198	0.871	0.000E+00	0	969	970	0	969	970	349M2D162M1I9M1I448M
64	6197	0.885	0.000E+00	0	969	970	0	967	968	349M2D67M1I84M1I9M1I6M1I451M
30	6151	0.892	0.000E+00	0	969	970	0	971	972	349M2D162M1I70M1D388M
53	6143	0.871	0.000E+00	0	969	970	0	963	964	352M2D159M1I36M7I415M
38	6111	0.888	0.000E+00	0	969	970	0	968	969	349M2D61M2I99M1I458M
107	6081	0.865	0.000E+00	0	969	970	0	968	969	853M1I116M
112	6054	0.872	0.000E+00	0	969	970	0	970	971	352M2D150M1I314M1I34M1D118M
32	6023	0.989	0.000E+00	42	969	970	1	928	929	928M
105	6023	0.861	0.000E+00	0	969	970	0	962	963	349M2D81M1I80M1I305M1I8M6I138M
61	6015	0.854	0.000E+00	0	969	970	0	932	933	349M2D61M1I77M10I3M28I441M
119	5988	0.876	0.000E+00	0	969	970	0	967	968	349M2D42M2I118M1I332M1I125M
39	5982	0.885	0.000E+00	0	969	970	0	964	965	349M2D162M1I8M4I314M1I35M1I95M
104	5951	0.916	0.000E+00	0	969	970	0	937	938	44M32I894M
62	5921	0.855	0.000E+00	0	969	970	0	930	931	349M2D63M15I7M19I58M1I8M4I314M1I35M1I95M
111	5919	0.859	0.000E+00	0	969	970	0	937	938	349M2D68M33I367M1I152M
22	5856	0.827	0.000E+00	0	969	970	0	957	958	334M1I83M7I37M2I47M1I305M1I152M
131	5730	0.819	0.000E+00	0	969	970	0	895	896	349M2D61M1I75M78I285M3D121M
110	5609	0.973	0.000E+00	90	969	970	0	879	880	880M
108	5595	0.786	0.000E+00	0	969	970	0	927	928	334M1I14M2D37M1I23M17I4M18I60M1I35M1D17M2I253M1I58M4I90M
67	5555	0.762	0.000E+00	5	969	970	6	963	964	329M1I13M2D108M2I53M1I311M5I8M1D9M1I124M
94	5549	0.783	0.000E+00	0	969	970	0	923	924	334M1I14M2D37M1I23M34I43M3I21M1I50M2I253M1I57M5I90M
102	5288	0.703	0.000E+00	0	967	970	0	961	964	334M1I13M2D105M2I22M6I355M1D130M
118	5136	0.690	0.000E+00	0	966	970	0	975	978	338M1I11M2D56M1I39M4D50M1D35M1D46M1I180M1I13M2D49M1D20M1I13M3D112M
72	5098	0.676	0.000E+00	0	966	970	0	955	958	333M1I16M2D56M1I38M7I42M1D37M1D30M1I17M1I177M1I59M1I18M1I16M1I113M
127	4996	0.657	0.000E+00	0	966	970	43	1010	1013	337M1I12M2D56M1I38M4D57M1D31M2D28M1I17M1I177M1I59M1I20M1I14M1I113M
115	4811	0.592	0.000E+00	0	967	970	0	980	982	305M3D43M2D14M1D33M1D37M2I30M3I19M1D15M4D30M1D47M1D217M1D21M1D59M2D93M
16	4793	0.602	0.000E+00	0	967	970	34	977	978	304M1I20M1I28M1I37M1D21M3I27M1I25M2I29M1D31M10I19M2I12M2I177M1I60M1I19M1D42M2I90M
81	4783	0.813	0.000E+00	39	881	970	7	875	885	310M2D61M2I62M1I36M1I305M2D38M26D27M
73	4735	0.632	0.000E+00	23	966	970	2	930	933	311M1I13M2D60M1I35M5I44M1I5M3I51M5I200M1I34M1I34M1D139M
15	4713	0.586	0.000E+00	0	967	970	36	982	983	303M1I21M1I35M2I33M1D17M3I27M1I56M1D34M10I16M2I19M2I170M1I214M
130	4709	0.570	0.000E+00	0	967	970	0	981	983	295M3D52M2D19M1D28M1D46M2D42M3I32M5D14M1D46M1D218M1D22M1I49M1D101M
80	4680	0.660	0.000E+00	42	966	970	1	928	931	291M1I16M2D56M1I38M4D57M1D29M1D26M1D22M1I177M1I59M1I17M1I131M
68	4644	0.615	0.000E+00	2	966	970	7	898	901	9M10I7M2I320M2D59M1I14M39I11M9I5M13I30M1D26M2D22M1I177M1I59M1I25M1I123M
74	4618	0.615	0.000E+00	0	957	970	0	924	926	4M6I395M1I18M1D7M2D54M20I38M1D26M1I188M2I31M1I25M6I21M1I11M1I87M2D14M
84	4583	0.641	0.000E+00	47	966	970	0	926	929	286M1I16M2D59M1I36M4D56M1D21M1D42M6D14M1I177M1I68M1I9M1I33M1I96M
59	4558	0.558	1.000E-103	0	969	970	0	979	982	7M1D287M3D54M2D18M1D29M1D35M2D55M1D18M4D34M2D12M6D23M1D183M1I39M1D16M2I10M11I6M2I21M1D107M
43	4383	0.522	1.031E-99	0	969	970	0	927	931	268M2D9M1I88M1D16M1I37M1I8M14I68M5I8M9I6M1I20M2D235M1D24M15I29M1I106M
56	4378	0.517	1.343E-99	0	969	970	0	927	931	267M5D10M4I41M2I41M1D45M11I47M4I39M5I43M7I226M1D24M4I10M11I22M1I106M
45	4377	0.522	1.416E-99	0	967	970	0	921	927	281M1D73M1D12M1D23M2I19M8I12M8I59M7I45M3I6M6I231M1D24M15I29M1I104M
54	4370	0.521	2.049E-99	0	969	970	0	919	923	281M1D68M2D17M1D23M2I19M8I12M8I41M3I25M9I33M3I6M6I231M1D24M15I29M1I106M
116	4362	0.526	3.127E-99	0	969	970	0	892	893	268M2D9M1I53M7I45M4I19M3I12M12I49M3I21M8I7M16I23M5I227M1D22M5I8M13I34M4I22M1D70M
51	4340	0.530	9.997E-99	0	967	970	0	925	932	281M1D62M2I21M1D44M8I12M8I73M5I23M8I13M2D232M1D27M15I29M1I104M
113	4335	0.526	1.302E-98	0	964	970	0	905	915	274M2D3M1I62M4I3M2I16M1D41M3I5M5I11M7I45M1I24M8I9M9I262M1D18M3I3M15I39M5I87M
35	4329	0.510	1.787E-98	0	969	970	0	925	929	266M12D2M11I48M1D39M1D16M1I37M16I21M2I47M8I6M4I14M2I255M1D25M14I29M1I106M
52	4327	0.505	1.987E-98	0	969	970	0	904	913	267M5D8M4I52M4I31M1D59M18I15M1I44M29I263M1D24M15I29M1I106M
109	4326	0.512	2.094E-98	0	966	970	0	913	915	281M1D85M1D54M15I47M2I20M2I34M16I239M1D22M1D8M17I31M5I89M
3	4321	0.515	2.728E-98	0	967	970	0	880	882	268M5D7M4I53M17I16M1D45M8I12M8I41M5I27M5I9M22I7M1I19M8I213M1D24M15I29M1I104M
42	4321	0.515	2.728E-98	0	967	970	0	931	933	279M1D21M2I34M7I22M1D28M1I30M8I17M1D26M4I45M5I13M1D32M5I8M3I202M1D25M8I6M1D51M1D86M
44	4318	0.524	3.196E-98	0	969	970	0	882	886	268M2D9M1I55M2I6M13I12M1I43M8I12M8I42M5I34M27I8M1I19M8I213M1D24M15I29M1I106M
60	4311	0.516	4.626E-98	5	969	970	1	990	994	5M2D21M10D7M3D256M3D70M1D24M1D22M6I14M3D23M5D108M1D21M2D4M8D169M1I31M1D24M2I25M6I34M1D88M1I3M
23	4299	0.522	8.719E-98	0	967	970	0	933	935	279M1D22M1I30M6I52M1I23M12I5M1I43M1I4M3D27M1D24M4I42M10I2M2D207M1D23M7I53M1D89M
48	4298	0.523	9.192E-98	0	966	970	0	896	899	268M2D9M1I15M2I32M1D12M5I17M1D21M4I39M7I29M8I38M9I6M6I25M10I14M5I213M1D28M18I126M
78	4298	0.533	9.192E-98	0	967	970	0	938	940	280M1D21M1I26M1I37M1D23M1I29M8I22M3I21M3I38M13I17M5I10M1I10M3D10M2D10M5D205M1D11M2I19M5I54M1D82M
41	4296	0.517	1.022E-97	0	969	970	0	920	924	278M1D21M3I25M1D12M2I24M1D43M17I86M5I26M1I31M6I215M1D14M1I7M17I29M1I106M
50	4294	0.521	1.135E-97	0	969	970	0	904	906	268M2D9M1I88M1D15M2I27M31I15M3I6M3I7M4I70M3I6M6I231M1D24M15I29M1I106M
76	4290	0.521	1.403E-97	0	969	970	0	921	925	268M2D9M1I48M1I39M1D23M1I30M1I8M14I68M5I17M1I19M12I230M1D12M3I19M12I22M1I106M
69	4289	0.520	1.479E-97	0	969	970	0	920	924	277M1D62M1I6M9I11M1D16M2I36M1I8M14I19M3I93M6I228M1D17M6D4M21I29M1I106M
57	4279	0.518	2.508E-97	0	967	970	0	924	931	278M1D23M1I44M1D20M1D44M11I14M2D24M5I47M5I26M11I11M3I15M3D213M1D24M15I29M1I104M
77	4278	0.511	2.644E-97	0	969	970	0	919	925	277M1D73M4D15M2I22M1I31M11I4M5I47M1I21M3I13M7I20M9I228M1D33M17I23M1I101M1D5M
49	4275	0.509	3.098E-97	0	969	970	0	858	862	267M5D8M4I53M17I16M1D46M44I20M6I16M28I19M5I32M2D214M1D24M15I29M1I106M
46	4274	0.518	3.266E-97	0	969	970	0	925	926	281M1D62M2I21M1D44M8I12M8I19M1I12M15I25M3I26M8I13M2D232M1D29M19I23M1I75M12D27M4D4M
71	4256	0.521	8.452E-97	4	965	970	16	926	934	277M1D73M1D12M1D23M2I19M8I13M8I61M3I4M9I33M3I6M6I231M1D24M15I29M1I102M
66	4219	0.500	5.967E-96	0	967	970	0	921	923	82M1D198M1D21M1I30M6I21M8I23M1I31M13I40M1I4M3I94M10I208M1D35M7I42M1D89M
82	4196	0.519	2.011E-95	2	964	970	28	942	947	2M1I2M1D261M2D9M1I32M1D22M4I30M1D25M1D30M12I25M1D24M3I19M2I39M16I234M1D28M18I37M1D87M
83	4195	0.511	2.120E-95	0	964	970	24	942	947	7M1D260M7D8M6I20M1I31M1I6M3I4M1I18M1D25M1D24M1I7M10I46M3I22M2I16M10I22M2I236M1D31M18I37M1D87M
13	4186	0.507	3.411E-95	0	969	970	0	890	894	267M5D10M4I41M3D36M7I41M6I12M8I24M14I30M3I4M9I6M15I17M1I22M5I213M1D24M15I29M1I106M
70	4177	0.503	5.487E-95	0	968	970	0	853	858	281M1D20M1I5M14D5M37I17M1D23M2I20M44I13M11I21M3I4M9I33M3I6M6I228M1D27M15I29M1I105M
47	4132	0.493	5.911E-94	0	964	970	0	810	820	273M5D4M4I65M3I13M1D20M1I37M8I3M4I17M43I10M59I15M1I215M1D18M3D10M18I19M23I82M
58	4127	0.511	7.698E-94	0	969	970	0	885	889	281M1D73M1D12M1D23M2I20M44I13M5I38M5I33M3I6M6I231M1D10M1I13M21I23M1I106M
65	4091	0.532	5.155E-93	7	969	970	2	876	879	296M2D47M2D11M1D51M6I6M19I8M11I23M1D17M4D24M1D24M2D30M1D175M1I36M30I6M35I107M
55	3938	0.491	1.668E-89	0	969	970	0	889	893	112M1I168M1D62M1D19M1D7M2I42M8I9M8I27M3I9M3D5M1D2M3I16M1I3M9I49M2I112M1I49M1I38M20I7M4I2M1I17M21I23M1I69M1I36M
79	3857	0.503	1.204E-87	52	967	970	0	887	889	228M1D21M1I26M1I32M1D28M1I34M8I17M3I21M3I4M3I86M1D17M6I200M2D4M1I19M3I14M4I42M1D89M
117	3764	0.389	1.637E-85	0	969	970	0	1002	1003	5M2D267M3D5M2I13M1I13M2I16M6D42M11I28M3I34M6I8M3I28M1D67M6D109M1D129M2D16M22D36M4D24M7D94M7D8M
103	3758	0.492	2.248E-85	26	966	970	0	883	886	49M4I8M5I7M2I170M5I15M1D23M1D26M12I37M2I36M1I55M11D25M20I24M11I3M3I97M2D122M1D23M5I53M3I95M
92	3705	0.365	3.695E-84	5	965	970	1	1083	1084	264M2D9M2D14M1I47M1D26M8I30M3D75M5D3M4D18M11D33M17D14M5D27M9D94M2D137M33D41M7D17M18D21M9D78M3D4M
128	3694	0.374	6.606E-84	2	969	970	0	874	876	3M3D263M6I5M9D21M8I25M49I14M26I8M6I21M9I9M10I35M1D47M10D101M1D120M1D31M5I60M1D86M
122	3506	0.338	1.358E-79	0	969	970	2	971	1001	4M3I261M2D35M6I3M5I16M18I16M19D5M18I37M4I21M10I41M1D38M1I44M6I75M1D119M2D21M4D6M17D18M17D22M11D93M3I21M
8	3468	0.350	1.011E-78	0	969	970	0	1014	1016	5M2D263M15D7M1I41M7D17M10D25M3D7M8I101M6I105M3I81M2D127M1D11M12D54M10D99M1D9M
18	3447	0.322	3.065E-78	5	967	970	1	1247	1248	261M5D72M4D15M5D27M1I25M9D24M7D70M5I69M17D10M21D69M1I12M1D141M6D4M22D5M63D12M2D10M86D2M37D38M6D90M
101	3430	0.365	7.524E-78	5	961	970	20	928	936	260M6I22M9I9M3I20M4I8M29I23M4I26M5I45M2I23M1I81M7D5M4D3M1D58M2D104M11D40M1D12M2I10M9I21M3I34M3D76M
126	3279	0.351	2.191E-74	0	963	970	4	806	808	104M2I159M10I4M9D21M7I26M8I5M12I4M21I37M11I31M7I18M93I6M7D133M1I31M1D4M3I28M4I4M1D13M2D113M1I2M1I40M
100	3215	0.331	6.439E-73	0	969	970	0	801	806	3M1I268M10I13M17I34M3I9M25I15M9I16M15I13M1I6M7I5M11I5M3I19M21I12M22I16M11I75M1D5M1D85M3I3M5D30M3D21M22I49M2I44M1D23M4D18M
91	3193	0.340	2.058E-72	5	969	970	9	786	788	97M1D163M18D3M14I4M27I5M34I10M28I14M24I29M20I26M5I36M5I12M22I4M2I64M2I10M4D5M2I79M3I3M3I36M1I12M17I25M1I3M2I21M2I4M1I3M1I33M2D17M4D31M
114	3187	0.349	2.826E-72	0	961	970	0	922	929	220M1D45M5I22M2I39M11I22M8I40M1I36M7D55M3I32M9I99M2D86M5I12M3D43M1D12M6D10M1I53M14I77M
98	3102	0.314	2.519E-70	0	969	970	8	774	776	104M1D162M9D10M2I8M27I5M34I14M36I15M18I22M29I14M35I24M8I22M4D63M2I11M1D5M1D75M1I8M6I34M1I14M5I11M14I12M1I3M2I25M3I2M1I32M2D22M4D28M
124	3099	0.336	2.951E-70	5	963	970	1	712	713	258M3D2M8D3M12D11M18I31M39I5M103I30M68I14M2I40M1D23M1I17M2D82M1I32M1I26M30I16M3I15M7I41M1D6M1I33M
89	3085	0.319	6.183E-70	0	966	970	0	756	777	5M2D99M1D165M16I8M25I15M8I21M23I20M8I9M6I3M16I6M15I5M10I19M68I11M2I4M2I39M2D39M4D3M2I47M2I16M1D13M3I3M4I26M2I21M15I20M3I41M2D36M2D37M6D6M
7	3079	0.316	8.489E-70	0	969	970	0	822	857	2M2D3M1D100M1D172M5I19M18I12M76I24M12I10M6I53M20I55M2I39M2D43M3D46M2I18M1D19M6I36M1I18M10I41M6I14M2D32M2D38M3D12M
97	3074	0.326	1.105E-69	0	966	970	21	781	786	104M1D162M9D10M41I6M30I8M22I27M38I10M23I18M3I15M20I24M1I15M5I6M2I61M3I11M1D5M1D84M6I34M1I13M3D4M12I14M9I4M1I3M2I25M5I36M1D16M2D28M
96	3058	0.321	2.574E-69	5	969	970	38	941	948	30M5I225M14D16M9I46M12I17M14I51M4I24M18I5M33D5M7I49M11I9M4I18M3D6M1D62M4I9M4D5M2I48M1I32M1I38M1D19M18I18M6I34M1I82M
120	3056	0.329	2.861E-69	0	969	970	0	760	764	4M2D99M2I163M3D9M5I47M62I20M4I15M13I50M42I6M7I3M11I10M11I4M4I33M2D39M1D7M1D49M2I16M1D50M4I7M1I13M15I12M13I10M23I2M1I35M1I40M2D6M
10	3054	0.313	3.180E-69	0	969	970	21	782	784	104M1D161M15D3M48I6M31I8M22I25M34I33M6I7M8I11M9I13M4I19M30I6M2I62M2I11M4D5M2I82M6I34M1I17M10I4M5I14M5I5M2I26M5I32M2D21M2D29M
0	3045	0.319	5.115E-69	0	969	970	8	752	754	104M1D162M19D3M82I10M22I27M38I9M29I16M14I7M26I10M5I24M2I63M3I9M1D5M1D77M1D7M6I34M1I12M4D10M22I12M1I30M5I31M2D21M2D31M
87	3038	0.321	7.403E-69	5	969	970	7	749	770	100M1D162M1D9M8D10M35I12M63I15M59I3M3I12M2I8M30I27M9I9M9I5M2I39M2D42M2D47M2I18M1D10M2I7M5I25M2I25M13I29M9I20M2D36M2D42M5D2M1I5M
40	3033	0.314	9.641E-69	0	969	970	0	759	776	5M1D98M1D165M69I9M19I15M1I2M2D28M6I5M16I18M6I12M9I27M73I4M2I39M2D39M4D3M2I45M2I18M1D13M3I3M4I24M2I21M13I37M5I26M2D36M2D38M7D8M
63	3013	0.322	2.773E-68	1	968	970	3	757	778	104M1D162M1I28M25I12M63I16M18I5M8I11M31I20M31I19M7I11M9I5M2I39M2D39M4D2M2I46M2I17M1D11M2I7M5I23M2I21M8I19M4I12M1I6M5I15M2I40M4D3M2I38M5D7M
20	2989	0.304	9.853E-68	0	969	970	0	754	772	5M2D274M88I6M33I9M11I11M10I8M10I7M11I20M31I14M8I31M2I39M2D39M4D3M2I45M2I18M1D24M7I17M1I12M1I8M14I57M2I41M2D41M7D8M
88	2977	0.298	1.857E-67	5	969	970	7	752	770	268M10I6M99I9M26I14M52I31M14I19M3I31M2I39M2D39M4D3M2I47M2I12M1D14M2I7M5I24M1I12M1I8M14I56M2I45M2D38M7D8M
95	2966	0.322	3.321E-67	5	969	970	1	718	720	99M2I161M9D1M15I9M16I20M72I23M18I24M1I5M14I13M68I7M9I10M3D32M2D44M2D51M2I16M1D51M5I14M34I37M6I1M3I35M1I38M2D8M
1	2931	0.309	2.109E-66	0	969	970	0	786	787	269M1D8M40I45M50I6M26I7M35I8M1D4M35I27M2I6M14I32M1D13M2D38M1D5M1D49M2I16M2D15M1I8M7I44M14I59M3I30M1D6M2D9M7D6M8D2M3D21M16D8M
37	2926	0.303	2.747E-66	4	969	970	2	812	829	11M2D144M1I105M16D4M22I10M25I11M57I7M15I6M21I12M9I14M24D35M2I4M17I11M1I26M1D13M2I39M2D37M1D5M1D49M2I16M1D13M1I15M2I19M3I19M3D13M5I32M25I38M2D38M2D10M
2	2922	0.308	3.393E-66	2	965	970	7	780	781	104M1I54M1I169M78I2M29I11M1I7M1I15M11I20M39I27M18I35M1D43M3D49M1D11M1D6M4D62M5D22M37I17M1I12M3I32M3D11M5D12M3D16M4D7M
125	2900	0.310	1.085E-65	2	966	970	24	812	813	265M1D4M2D21M11I33M20I11M11D7M33I12M25I14M24I21M14I36M3I21M13I63M13I127M1I10M1D14M11I17M19I19M3I74M1I5M
36	2889	0.299	1.939E-65	2	969	970	0	819	829	12M2D145M1I105M9D14M13I17M13I10M67I22M21I9M19D2M23I38M18I8M2I25M1D20M2I39M2D37M1D5M1D49M2I16M1D13M1I15M2I22M2I6M1I8M10D11M12I29M25I35M4D3M2I36M2D5M7D5M
14	2883	0.328	2.663E-65	5	965	970	85	885	886	98M7I4M18I7M3I72M1D56M2D7M3I24M4I22M8I28M17I16M5I7M1D10M27I24M17I35M5I9M2D40M4I5M2I76M1D5M1D128M1I11M25I14M22I95M
123	2713	0.427	2.115E-61	44	772	970	0	713	715	228M2D8M8I78M6I8M1I65M3D29M7D28M12I37M3I181M1D23M2D14M
21	2713	0.352	2.115E-61	5	811	970	4	701	745	209M1D51M3D14M2I10M31I18M1I25M25I4M4I62M22I61M23I20M2I76M1D5M1D72M1I10M5D1M6I37M3I12M
12	2504	0.318	1.318E-56	5	853	970	2	674	675	260M7D13M4I28M9I14M72I23M5I29M5I29M52I13M20I6M2I27M1I7M2D35M1D7M1I3M2I45M2I18M1D13M2I36M9I47M1I9M
121	2490	0.314	2.762E-56	11	831	970	1	618	619	258M11D8M4I8M12I15M3I14M16I29M39I3M47I21M83I7M8I1M2D4M1I22M1D11M2D43M2D51M2I16M2D14M2I9M3I22M5I3M2D37M
9	2292	0.274	9.630E-52	5	969	970	7	619	639	100M1D170M16I14M13I15M57I15M65I2M3I3M13D3M77I3M111I45M2I18M1D13M2I4M5I25M2I21M15I20M7I37M2D32M2D44M4D6M
11	2097	0.302	2.865E-47	0	816	970	0	581	596	42M32I201M6D16M9I14M67I29M77I24M44I13M7I10M4I25M1D10M2D41M1D5M1D49M2I16M2D14M2I8M3I23M3I17M2D10M
19	1789	0.204	3.335E-40	5	969	970	12	732	735	27M1D14M5D2M3I42M1I11M1I42M1D11M5D4M8D20M1I3M3D27M2D51M12D17M40I8M59I16M34I9M31I22M61I17M3I5M4I12M2D6M2D46M1I5M1D16M2D76M3D4M1D39M6I16M18I17M14I7M1I22M11I23M1D8M1I20M3I7M
90	1350	0.165	3.929E-30	0	960	970	0	691	697	4M1I2M1D25M1I11M5I56M1I40M5D17M1I21M1I29M12I3M1I34M3D5M25D10M27I23M25I6M49I5M77I10M38I11M11I13M1I2M12I38M3I7M2D6M1I5M3D18M6D3M2I31M1I3M5D7M3I19M2D18M14I25M3I16M17I18M4I17M13I1M1D8M1I4M1I10M1D12M1D11M1D14M1D17M
4	1265	0.174	3.502E-28	5	963	970	4	686	688	43M4I53M1I38M3D3M2D16M1I22M1I22M4D10M12I37M1D7M28I32M8I9M5I10M1I4M19I19M22I6M7I15M21I6M2I16M55I19M7I1M10I3M3D25M3I14M3D2M1D8M2I11M5D8M3I7M2D6M2I8M6D9M2D6M2D4M3I17M2D14M1I7M7I6M4I11M84I8M3D7M3I5M4D12M7I7M1D22M3D21M
129	1157	0.156	1.052E-25	10	960	970	0	650	656	2M1D2M1I16M1I11M35I3M2D2M1D22M1I40M3D4M2D13M1I18M1I33M13I36M3D6M59I9M70I3M61I5M14D6M1I9M1I15M29I21M2I14M3I10M7I27M2I5M1I7M2D6M1D8M1D7M3D14M1D32M1I2M5D10M3I15M2D19M14I16M2I11M1I18M4I35M15I8M6I2M1I7M4I4M2I2M2I14M1D6M1D13M1D19M
99	931	0.262	1.610E-20	5	349	970	17	361	450	7M1D2M1I16M1I15M5I53M1I38M3D3M1D14M1I23M1I40M10I32M16D53M1I28M
17	799	0.157	1.718E-17	9	961	970	3	973	985	21M2I26M3I14M1I4M1D26M1I38M2D3M1D15M2I6M11D17M1I16M12D10M8D3M7D7M4I33M17D31M2D57M13D35M7D14M1D76M1I32M10D34M20D15M3D28M5I10M2I14M4I10M17I4M3I14M10D3M6I3M8D17M57I6M1I47M6D21M1D46M3D9M1D10M14I6M4I5M5I6M6D17M1D11M
93	669	0.156	1.649E-14	11	605	970	13	749	803	34M7I41M1I12M1I38M3D3M4D16M2I3M1I13M2D29M4I6M2I6M20D32M9D28M1I37M3D20M1D25M100D35M6D92M9D23M7D31M2I15M1D15M2I18M
 74	6849	1.00	0.000E+00	0	925	926	0	925	926	926M
73	4908	0.731	0.000E+00	17	912	926	2	928	933	316M1D86M1D21M9I35M3D6M9D22M4D11M6I17M1D188M1D53M6D14M1D3M1D17M1D82M17D10M
118	4897	0.661	0.000E+00	1	912	926	7	973	978	329M1D89M1D64M21D251M1D12M2D18M1D51M11D88M17D10M
72	4871	0.660	0.000E+00	0	912	926	0	953	958	4M6D331M1D83M1D20M11I34M21D53M1I196M1D31M1D25M3I5M8D106M17D10M
127	4802	0.670	0.000E+00	0	912	926	49	1008	1013	339M1D80M1D64M21D26M1D23M1I196M1D35M1D24M5D115M17D10M
25	4704	0.614	0.000E+00	1	912	926	7	964	970	399M1D25M3I52M20D39M1I26M1D188M2D31M1D25M6D21M1D10M1D82M17D10M
53	4690	0.602	0.000E+00	1	924	926	7	951	964	326M1D12M1D62M1D38M3I41M1I49M12D9M1D192M2D30M1D26M3D6M3D32M2D81M2I14M
38	4690	0.600	0.000E+00	1	912	926	7	963	969	322M1D16M1D70M1I18M2I8M1I41M4D13M8D8M3D34M4D199M2D30M1D26M3D7M4D24M1D82M17D10M
24	4688	0.622	0.000E+00	0	902	926	0	937	970	4M6D400M1D11M1D23M4I42M20D35M1I26M1D188M2D31M1D24M6D22M1D13M1D79M
85	4686	0.611	0.000E+00	1	912	926	7	964	970	399M1D25M3I49M4D4M16D38M1I22M1D192M2D31M1D26M1I14M8D15M1D82M17D10M
106	4683	0.613	0.000E+00	1	913	926	7	965	970	399M1D25M3I52M4D13M9D8M1D19M5D26M1D188M2D33M1D24M1I14M8D18M1D79M17D11M
62	4663	0.594	0.000E+00	1	912	926	7	925	931	330M2D72M21I5M7I5M8I28M10D11M2D32M2D26M1D188M2D30M1D26M3D5M1D3M9D3M7I95M17D10M
39	4648	0.613	0.000E+00	4	912	926	10	959	965	326M1D9M1D62M1D38M3I35M10D11M2D32M2D26M1D188M2D30M1D29M4D5M2D105M17D10M
5	4645	0.615	0.000E+00	1	912	926	7	964	970	399M1D39M3I39M20D38M1I26M1D188M2D31M1D25M6D21M1D10M1D82M17D10M
107	4644	0.597	0.000E+00	1	902	926	7	936	969	411M1D7M1D19M4I35M19D69M1D188M2D33M1D23M3D6M3D9M1D98M
26	4639	0.613	0.000E+00	0	912	926	0	964	970	4M6D396M1D17M1I8M2I53M20D38M1I26M1D188M2D31M1D25M6D21M1D10M1D82M17D10M
34	4639	0.615	0.000E+00	1	913	926	7	965	970	398M1D26M3I53M20D26M1I38M1D188M2D31M1D26M1I14M8D15M1D82M17D11M
86	4637	0.614	0.000E+00	1	912	926	7	964	970	399M1D25M3I53M20D26M1I38M1D188M2D31M1D24M1I16M8D18M1D79M17D10M
61	4626	0.605	0.000E+00	1	915	926	7	930	933	323M1D11M1D101M3I44M19I44M1D188M2D30M1D27M6D26M2D86M17D13M
67	4625	0.606	0.000E+00	1	912	926	8	958	964	338M1D63M1D15M1I6M2I21M2I43M12D15M1D13M5D26M1D188M2D33M1D33M1D3M1D18M1D82M17D10M
28	4613	0.613	3.483E-104	1	912	926	7	965	971	360M1D39M1D25M3I53M20D38M1I26M1D188M2D31M1D25M6D21M1D13M1D79M17D10M
64	4608	0.594	4.349E-104	1	924	926	7	955	968	332M2D84M1I6M2I75M16D45M1D188M2D30M1D33M6D20M2D92M2I14M
119	4604	0.609	5.428E-104	1	912	926	7	962	968	322M1D16M1D48M2I12M1D24M3I53M19D26M1I38M1D188M2D30M1D29M1I10M7D17M1D82M17D10M
75	4596	0.604	8.286E-104	1	924	926	7	957	970	322M1D16M1D62M1D18M1D19M4I42M12D17M2D9M3D36M1D188M2D30M1D27M1I12M8D37M1D68M2I14M
30	4595	0.605	8.784E-104	0	924	926	0	959	972	4M6D319M1D16M1D85M2I51M4D11M8D12M6D50M2D184M2D31M1D25M3D7M3D14M1D31M1D67M2I14M
29	4591	0.616	1.087E-103	1	912	926	7	964	970	399M1D25M3I53M20D38M1I26M1D188M2D31M1D25M6D21M1D10M1D82M17D10M
105	4589	0.598	1.202E-103	0	913	926	0	958	963	4M6D327M2D70M1D37M4I38M5D16M7D4M6D46M1D188M2D30M1D27M1I19M1D12M1D80M17D11M
31	4574	0.612	2.640E-103	1	912	926	7	964	970	399M1D25M3I53M20D38M1I26M1D188M2D31M1D20M6D26M1D12M1D80M17D10M
112	4572	0.598	2.933E-103	1	912	926	7	965	971	326M1D12M1D63M1D34M3I44M2D13M16D50M1D187M2D32M1D25M2I12M10D99M17D10M
131	4561	0.598	5.221E-103	1	915	926	7	893	896	323M1D11M1D82M1I6M2I55M18I8M40I187M2D30M1D27M6D27M5D85M17D13M
33	4557	0.613	6.439E-103	1	924	926	7	957	970	400M1D35M3I44M20D36M1I26M1D188M2D31M1D26M1I14M8D15M1D88M2I14M
27	4555	0.614	7.151E-103	1	924	926	7	957	970	399M1D19M4I5M1D53M20D38M1I26M1D188M2D31M1D29M1I12M8D14M1D88M2I14M
22	4542	0.584	1.414E-102	4	924	926	10	945	958	344M1I63M6I23M3I13M2I18M19D42M1I26M1D188M2D33M1D24M1I9M7D18M1D90M2I14M
6	4538	0.613	1.743E-102	1	924	926	7	957	970	399M1D25M3I53M20D38M1I26M1D188M2D31M1D25M6D21M1D10M1D88M2I14M
111	4506	0.611	9.333E-102	1	912	926	7	932	938	327M1D11M1D63M1D39M3I22M13I28M1I38M1D188M2D30M1D27M1I5M6D14M1D10M1D82M17D10M
94	4497	0.586	1.496E-101	1	912	926	7	918	924	338M1D49M1I29M5I7M31I22M13D63M1D188M2D30M1D65M1D13M1D61M17D10M
115	4488	0.587	2.398E-101	1	902	926	7	950	982	286M3D37M2D34M1D24M1D20M1D23M5I27M3I17M2D7M4D7M15D20M4D35M4I11M6D173M2D34M2D17M4D13M4D18M1D24M2D63M
16	4467	0.570	7.211E-101	0	924	926	40	967	978	302M1I36M2I42M1D21M2I13M1D6M5I37M2I50M1I15M4D11M4D187M1D31M1D25M6D22M1D9M1D23M2I64M2I14M
15	4443	0.560	2.538E-100	0	924	926	42	972	983	302M1I36M3I41M1D21M2I14M1I6M3I90M1D4M12D16M4I16M2I172M1D31M1D23M2D8M4D15M1D9M1D89M2I14M
68	4439	0.625	3.130E-100	15	912	926	16	896	901	13M2I293M1D16M1D78M26I21M18I70M2D182M1D30M1D36M5D20M1D83M17D10M
108	4398	0.584	2.685E-99	1	912	926	7	922	928	335M1D52M1I42M11D21M2I9M27I52M1I191M2D30M1D27M1I36M2D13M2D62M17D10M
80	4380	0.647	6.900E-99	36	912	926	1	926	931	288M2D14M1I80M1D63M21D57M1D195M1D30M1D34M5D22M1D83M17D10M
102	4376	0.553	8.510E-99	1	912	926	7	958	964	338M1D63M1D21M3I21M6D20M10I5M8D23M7D41M1D186M2D32M1D28M6D17M2D12M1D82M17D10M
84	4353	0.638	2.842E-98	41	912	926	0	924	929	298M1D80M1D63M5D8M19D49M3D190M1D35M1D26M5D113M17D10M
59	4331	0.544	9.005E-98	0	902	926	7	947	982	287M3D48M2D25M1D30M1D93M6D9M2D36M10D12M14D20M2D178M1D27M2D19M5I5M3I47M2D59M
130	4232	0.543	1.617E-95	4	913	926	10	979	983	285M3D34M2D37M1D22M1D34M2D18M2I40M13D12M1D68M10D178M2D31M2D28M2D11M4D17M1D11M1D71M17D11M
32	4174	0.607	3.382E-94	36	912	926	1	923	929	364M1D25M3I49M4D4M16D38M1I26M1D187M2D32M1D25M6D21M1D12M1D80M17D10M
104	4139	0.580	2.119E-93	0	924	926	0	925	938	4M6D33M32I332M1D18M1D19M4I42M20D35M1I26M1D188M2D31M1D26M1I14M8D15M1D88M2I14M
43	4126	0.521	4.188E-93	1	913	926	7	923	931	267M2D4M1I47M1D22M1I17M1D16M1I22M3D68M10I17M2I14M1I223M2D31M2D25M5I25M2I10M1I70M17D11M
45	4105	0.528	1.259E-92	1	902	926	7	891	927	274M1D46M1D39M1D25M2I34M4I42M10I257M2D31M2D22M2I5M3I23M2I10M1I70M
71	4100	0.519	1.637E-92	0	913	926	18	926	934	275M1D46M1D39M1D25M2I33M4I21M10I12M4I5M1I257M2D31M2D23M1I4M4I23M2I10M1I70M17D11M
113	4096	0.523	2.019E-92	1	913	926	7	906	915	267M2D4M1I66M6I14M1D48M3D59M12I18M2D40M8I190M2D31M2D29M11I16M1D17M5I60M17D11M
116	4092	0.525	2.490E-92	1	924	926	7	880	893	267M2D4M1I79M7I27M1I35M7I19M9I12M4I3M1I32M3I24M8I190M2D31M2D29M11I16M1D4M1D13M5I22M1D44M2I14M
54	4056	0.529	1.644E-91	1	902	926	7	887	923	274M1D54M2D31M1D25M2I63M5I8M14I257M2D31M2D22M2I5M3I23M2I10M1I70M
52	4055	0.521	1.732E-91	1	915	926	7	902	913	268M2D3M1I56M4I27M1D39M17I51M4I5M1I32M2I8M6I209M2D31M2D28M8I20M1D11M1I70M17D13M
109	4046	0.532	2.777E-91	1	902	926	7	884	915	274M1D85M1D41M5I15M12I22M4D11M15I12M1I25M1D11M5D29M6D175M2D31M2D23M1I5M8I19M1D17M5I60M
60	4044	0.508	3.084E-91	5	902	926	9	959	994	20M8D6M5D254M3D73M1D27M1D15M5I18M7D11M2I62M4D49M8D15M19D167M1D29M2D22M3I18M2D22M1D20M1D60M
3	4043	0.520	3.250E-91	1	912	926	7	877	882	268M2D3M1I53M17I16M1D60M17I10M10I11M11I20M1I235M2D31M2D26M5I24M2I10M1I70M17D10M
42	4042	0.513	3.425E-91	1	902	926	7	901	933	272M1D19M2I55M6I26M1I18M1I13M12D53M9I22M2I10M1I51M4I165M2D34M2D56M1D11M1D71M
57	4041	0.519	3.609E-91	3	915	926	9	924	931	268M1D27M1I23M1D38M1D38M3D4M6D14M5I40M16I257M2D31M2D21M2I7M6I20M1D13M1I68M17D13M
46	4040	0.530	3.803E-91	1	905	926	7	880	926	274M1D52M2I31M1D44M17I31M4D15M10I257M2D31M2D29M9I17M2I10M1I73M
51	4032	0.524	5.785E-91	1	913	926	7	923	932	274M1D52M2I31M1D39M3D25M1I42M10I20M3D11M4I222M2D31M2D20M1I7M4I23M2I10M1I70M17D11M
44	4029	0.524	6.770E-91	1	924	926	7	870	886	274M1D50M1I8M16I9M1D60M17I16M4I11M14I11M1I62M3I176M2D31M2D26M5I24M2I10M1I76M2I14M
56	4026	0.534	7.923E-91	1	902	926	7	895	931	268M2D3M1I50M1I18M1I16M1D42M17I39M4D10M4I13M2D11M2D28M1D7M3D204M2D34M2D16M8I29M1D11M1I70M
41	4019	0.525	1.144E-90	4	913	926	10	916	924	267M1D18M3I39M1I27M1D40M6I8M1I5M11I22M3D15M4I12M4D38M1D17M3D196M2D31M2D17M1I7M10I21M1D11M1I70M17D11M
69	4014	0.522	1.486E-90	1	913	926	7	916	924	270M1D59M6I9M4I11M1D24M2I15M5I32M2D28M10I31M4D22M4D13M1I191M2D31M2D19M5I31M2I11M1I69M17D11M
49	4011	0.516	1.740E-90	1	912	926	7	853	862	268M2D3M1I53M17I16M1D49M5I8M13I15M45I240M2D31M2D26M5I24M2I10M1I70M17D10M
77	4009	0.511	1.932E-90	1	913	926	7	914	925	270M1D49M1D13M3D20M2I30M1I29M1D35M3I9M16I256M2D31M2D29M7I5M3I12M1D11M1I70M17D11M
66	4005	0.512	2.383E-90	4	902	926	10	891	923	72M1D198M1D17M1I41M6I14M8I20M1I28M1D17M2D28M1D11M11I8M1D75M3I168M2D34M2D56M1D11M1D71M
35	4005	0.527	2.383E-90	1	912	926	7	920	929	258M7D8M6I48M1I19M2D19M1D16M1I23M5I16M12I27M1D7M4I5M1I25M4D42M3D190M2D31M2D21M1I7M3I18M2I15M1I70M17D10M
78	3990	0.525	5.231E-90	1	902	926	7	908	940	273M1D19M1I28M1I31M1D27M1I22M1I8M5I50M8I24M2D32M4I23M5D9M6D163M2D34M2D56M1D30M1D52M
50	3988	0.515	5.809E-90	1	913	926	7	900	906	267M2D4M1I87M1D15M2I27M17I26M2I4M6I7M11I23M2D30M2D204M2D31M2D28M5I22M2I10M1I70M17D11M
76	3988	0.534	5.809E-90	1	902	926	7	889	925	270M1D49M2I16M1D22M1D22M1I27M5I26M2I6M6I11M15I12M2I39M6D16M2D11M7D173M2D31M2D22M2I6M6I20M1D13M1I68M
65	3985	0.515	6.798E-90	0	902	926	1	844	879	290M2D42M2D21M1D61M4I6M3I9M9D30M11I9M2I58M1I13M3D169M1D41M16I7M40I70M
48	3984	0.521	7.164E-90	1	913	926	7	895	899	268M2D3M1I19M2I48M4I9M1D31M4I9M14I54M10I63M2I13M1I178M2D31M2D29M11I16M1D82M17D11M
23	3982	0.491	7.956E-90	1	913	926	7	931	935	272M1D18M1I57M6I34M1I14M1I8M8D12M4I26M1D12M8I35M1I53M1D170M2D31M2D28M1I25M2D13M1D71M17D11M
83	3964	0.512	2.044E-89	0	915	926	31	945	947	269M2D3M1I20M1I45M5I9M1D33M1D14M2D24M2I40M11I23M2D54M1I179M2D31M2D29M11I16M1D20M1D62M17D13M
13	3961	0.519	2.393E-89	1	913	926	7	886	894	268M2D3M1I44M2I13M3I24M1D40M14I9M6I24M1I11M14I30M3I27M5I191M2D31M2D26M5I24M2I12M1I70M17D9M
47	3906	0.496	4.277E-88	1	913	926	7	811	820	265M6D3M5I42M2I24M1I14M1D19M1I24M80I30M16I28M1I178M2D31M2D21M2I6M17I26M11I55M17D11M
70	3905	0.508	4.507E-88	1	902	926	7	822	858	274M1D21M36I2M16D3M4I19M1D25M2I17M17I25M8I7M19I8M7I16M7I216M2D31M2D23M1I4M4I23M2I10M1I70M
82	3905	0.510	4.507E-88	0	915	926	32	945	947	269M2D3M1I25M1D41M4I17M1D26M1D13M6I14M7I36M15I11M2D45M1I28M13D172M2D31M2D28M8I5M3I8M1D24M1D62M17D13M
58	3897	0.509	6.856E-88	1	913	926	7	881	889	274M1D46M1D39M1D25M2I24M2I24M6I8M28I30M9I216M2D31M2D11M8I9M4I23M2I10M1I70M17D11M
110	3855	0.582	6.199E-87	84	912	926	0	874	880	316M1D25M3I53M20D26M1I38M1D187M2D32M1D26M1I6M7D13M1D31M1D61M17D10M
55	3736	0.495	3.175E-84	4	902	926	10	857	893	102M1I168M1D48M1D30M1D10M2I35M5I16M12I35M1I92M6D95M1I48M1I26M2D12M16I6M2D4M4I17M19I38M1I49M1I4M
81	3675	0.562	7.774E-83	33	853	926	7	884	885	290M1D16M1D70M1I29M3I28M1I13M12D17M3D12M3D33M1D188M2D30M1D26M5D7M3D21M30D36M
79	3617	0.503	1.626E-81	46	902	926	0	857	889	228M1D19M1I28M1I31M1D27M1I22M1I9M12D26M1I26M9I85M5I165M2D37M2D15M4D11M4I23M1D23M1D59M
117	3506	0.371	5.477E-79	1	902	926	9	963	1003	258M10D88M3I11M5I101M9I5M1D18M2D32M9D21M1D94M1D86M2D33M3D16M13D4M16D17M4D35M8D66M
92	3473	0.361	3.090E-78	0	902	926	2	1052	1084	259M4D45M7D18M6D40M11D28M1I17M2D32M13D27M10I13M5D17M12D22M5D23M14D93M2D83M1D4M1D35M1D10M25D13M1D31M10D18M29D7M10D57M
103	3458	0.458	6.783E-78	20	902	926	0	854	886	49M3I5M3I5M3I5M2I165M2I9M3I11M1D25M1D28M12I37M2I10M1D28M3I11M1I37M7D35M9I19M1I98M2D95M2D29M2D15M4D13M4I106M
128	3454	0.394	8.366E-78	1	902	926	8	842	876	260M1D11M2D89M8I37M1I32M4I34M44I15M22I80M2D7M1I86M2D33M2D15M3D15M1I39M1D14M1D54M
122	3405	0.358	1.092E-76	0	902	926	5	942	1001	262M2D21M1I12M5I5M5I25M5I8M25D11M12I23M4I67M13I15M2I43M4I19M4I79M1D85M2D35M3D18M2D23M26D24M20D13M9D60M
8	3334	0.352	4.516E-75	1	924	926	9	1001	1016	258M18D5M4D46M1I9M6D14M1D8M1D13M3D28M12D56M7D27M12I5M1I48M2D29M5I62M2I5M3D9M1D89M2D32M2D16M18D28M1D17M11D83M2I14M
101	3273	0.364	1.106E-73	1	924	926	22	924	936	259M1I7M5I18M3I17M1I37M3D71M5I36M25I52M1I7M1I19M4D3M2D58M2D103M8D3M5D26M2D21M2I9M2I31M1I25M2D53M2D4M4I14M
126	3251	0.360	3.504E-73	0	902	926	10	780	808	96M2I161M8D13M7I12M9I11M1I34M29I11M19I14M1I25M1D11M9D22M87I128M1I66M2I18M8D37M2D69M2I15M
91	3180	0.333	1.449E-71	4	924	926	14	771	788	95M1D161M16D5M1I6M22I57M26I13M3I26M5I15M58I8M44I14M2I64M2I15M2D84M4I54M15I50M1I29M1D6M1D14M1I21M
18	3178	0.318	1.609E-71	0	902	926	0	1217	1248	3M2D259M2D11M3D68M18D57M1D22M11D6M5D14M6D15M2D12M10I27M3D40M26D18M13D68M1I12M1D89M2D28M1D23M54D16M55D25M90D10M6D7M3D8M22D54M
100	3119	0.334	3.548E-70	1	901	926	6	761	806	259M1I15M8I43M5I28M56I25M7I6M38I36M19I14M3I80M1D2M1D89M4D29M4D24M15I38M1D7M2I43M1I2M1I5M
98	3096	0.344	1.185E-69	4	902	926	18	738	776	96M1D159M11D4M5I9M8I20M6I10M6I8M10I15M9I18M7I15M4I28M22I11M92I62M2I14M1D2M1D74M1I9M4I46M6I12M3I19M1I22M7I2M1I32M2D18M
114	3053	0.350	1.129E-68	1	902	926	7	898	929	213M1D45M3I4M2I15M2I34M2I17M1I25M5I39M1D6M8D31M1D21M10I25M6D61M5I58M2D87M5I17M5D31M2D15M6D11M11I43M2D5M2D53M
97	3023	0.334	5.442E-68	1	923	926	28	771	786	99M1D160M9D12M71I12M22I24M31I12M11I7M15I56M13I14M2I2M2I61M3I14M1D2M1D84M4I47M5D2M12I20M7I21M4I39M1D38M
96	3000	0.332	1.817E-67	1	902	926	40	909	948	28M5I225M16D18M11I60M26I9M8I6M2I48M9I10M28D21M2I71M3D6M1D63M4I14M2D46M1I38M1D36M2D13M6I55M11I50M
0	2997	0.337	2.127E-67	4	923	926	18	739	754	96M1D161M18D11M20I13M6I9M33I8M21I14M9I16M16I10M47I8M41I11M3I5M3I63M3I13M1D2M1D77M1D7M4I47M3D2M9I6M3I25M2I17M2I3M3I30M2D20M1I7M1D13M
120	2982	0.345	4.669E-67	4	924	926	12	746	764	92M2I161M5D20M5I20M23I11M59I7M7I35M8I10M35I18M1I44M5I33M2D44M1D2M1D49M2I15M1D18M2D30M4I16M6I5M7I22M30I2M1I32M1I18M3D2M5I14M
124	2979	0.351	5.465E-67	1	902	926	3	686	713	256M3D11M94I5M7D11M16I6M34I13M6I23M1I21M18I20M30I39M1D22M1I18M2D86M1D48M13I4M1I9M10I23M8I41M1D6M1I7M
10	2969	0.334	9.231E-67	4	902	926	31	748	784	96M1D161M8D8M72I14M22I24M31I15M7I8M31I16M2I49M2I2M2I62M2I14M2D84M4I51M6I9M3I6M4I36M6I32M2D18M
7	2965	0.332	1.138E-66	1	902	926	10	787	857	96M1D174M14I6M30I13M1I11M23I22M11I22M4I25M24I32M3I24M5I19M6I38M2D43M3D45M2I18M1D14M4I61M7I49M1D38M2D18M
63	2959	0.324	1.559E-66	1	902	926	9	721	778	94M1D165M2D15M47I17M38I23M4I2M19I16M36I39M19I3M5I10M11I40M2D40M2D49M2I17M1D13M5I29M1I20M8I13M2D20M6I58M2D18M
87	2936	0.326	5.207E-66	1	924	926	9	733	770	94M1D166M1D9M8D10M5I41M152I28M27I20M10I41M2D42M2D49M2I15M1D11M2I8M3I23M1I31M6I24M12I15M3D4M3D33M2D24M2I14M
40	2922	0.316	1.085E-65	1	902	926	8	720	776	97M1D162M7I6M11I6M6D7M62I4M3I4M2I8M11I6M4I4M13I37M55I1M5I14M14I60M2D43M2D45M2I18M1D14M3I4M2I25M3I6M2D15M1D12M7I37M2I47M2D14M
89	2915	0.308	1.566E-65	1	902	926	9	721	777	97M1D162M7I10M34I19M36I34M9I18M65I9M16I14M12I20M2I39M2D43M2D48M2I12M1D16M5I30M3I6M2D11M1D17M7I17M2I66M2D14M
37	2913	0.315	1.739E-65	1	902	926	5	778	829	8M2D144M1I105M12D16M41I14M18I5M82I38M11D7M1D18M2D69M3D37M2D40M1D2M1D46M2I17M1D15M1I33M3I5M1D12M10I2M1I27M8I59M2D16M
20	2912	0.309	1.833E-65	1	902	926	9	715	772	272M88I8M2I8M8D29M25I17M62I24M15I12M2I39M2D43M2D45M2I18M1D14M5I33M1I15M8I98M2D17M
88	2906	0.320	2.510E-65	1	902	926	9	713	770	259M2I10M49I18M27I6M7I22M34I6M1I11M31I18M1I5M10I10M28I9M2D39M2D43M2D48M2I12M1D17M5I33M1I15M1D14M7I25M2I61M2D14M
95	2901	0.323	3.262E-65	0	905	926	0	686	720	2M2D94M2I164M8D28M4I40M5I16M50I11M12I10M27I10M93I32M2D44M2D51M2I14M1D22M2D24M4I19M2I9M20I7M10I22M3I32M1I17M1I2M
2	2880	0.331	9.810E-65	1	902	926	12	745	781	95M1I58M1I134M23I5M5I13M3I6M49I6M1I2M32I6M50I74M4D36M1D43M3D52M1D8M1D6M4D19M2D36M2D6M4D8M3D30M33I8M3I30M3D14M5D6M
1	2877	0.315	1.148E-64	4	908	926	10	732	787	305M4I40M26I8M18I19M42I7M92I25M1D13M2D40M1D3M1D46M2I19M2D14M2I13M1I19M2I29M4I49M2I2M3I30M2D6M1D5M7D9M1I5M
36	2853	0.313	4.040E-64	1	902	926	5	778	829	7M2D145M1I105M15D5M17I56M9I5M114I3M7D12M1D51M6D31M1I41M2D40M1D2M1D46M2I17M1D15M1I31M2I20M7I48M12I37M4D3M2I14M
125	2840	0.307	7.987E-64	3	902	926	31	784	813	262M3D24M11I30M20I11M11D7M27I22M12I12M3I6M32I26M12I40M8I60M13I91M2D47M6I6M1I8M15I36M2I50M
123	2772	0.407	2.823E-62	38	746	926	0	713	715	222M1D101M5I49M9I18M1D25M4D79M1D15M7D152M1D17M4D17M
14	2760	0.331	5.295E-62	1	902	926	87	857	886	103M25I3M4I2M1D70M1D51M8D14M22I9M29I27M14I23M1I47M8I14M12I33M1D30M7D14M3D7M2I79M1D2M1D83M2D52M10I16M30I13M1D53M
21	2759	0.364	5.580E-62	1	784	926	6	701	745	207M1D51M5D12M4I15M2I18M1I39M39I21M24I16M28I28M2D59M2D81M2D72M1I11M1D29M4I6M2D16M
121	2570	0.336	1.122E-57	5	816	926	1	618	619	258M12D8M5I8M5I11M38I2M11I10M16I9M22I6M48I17M16I12M10I8M22I13M2I3M1D25M1D11M2D44M2D47M2I18M2D24M3I19M2I22M6I3M6I20M
12	2443	0.316	8.740E-55	1	825	926	4	674	675	260M3D43M9I25M68I8M32I17M17I12M1I14M20I66M1I6M2D44M2I49M2I13M1D16M4I30M6I4M2D56M
9	2290	0.274	2.661E-51	1	922	926	9	608	639	94M1D165M2D14M8I16M45I13M102I20M84I4M22I5M7I3M45I45M2I17M1D22M5I20M1I20M1I7M17I41M6D39M2D20M5D18M
11	2210	0.302	1.764E-49	4	804	926	10	595	596	32M32I193M3D5M3D19M9I4M15I15M85I9M9I10M48I18M24I28M4D3M4I24M1D10M2D44M1D2M1D49M2I17M2D13M2I9M1I19M2I27M1D18M
19	1722	0.213	2.278E-38	1	902	926	14	704	735	24M1D18M2D44M1I7M2I4M1D41M1D11M5D4M8D20M1I3M3D27M2D51M12D17M120I7M27I22M30I15M4I8M2I8M5I8M23I6M3I15M2D6M2D47M1I11M1D7M2D83M6D30M3D6M8I9M6I26M4I26M7I5M19I16M1D7M
4	1273	0.166	3.808E-28	4	924	926	9	678	688	38M4I50M1I40M3D6M2D14M1I22M1I22M4D10M12I34M2D30M20I3M1I18M22I13M42I9M8I30M55I1M2I18M7I23M1I2M2I6M5I24M3I14M3D2M1D9M2I10M5D12M3D31M2D7M1I23M2D13M1I4M9I29M72I9M3I5M4D12M7I7M1D36M1I2M
90	1261	0.165	7.144E-28	0	902	926	6	667	697	27M1I13M5I50M1I43M5D17M1I21M1I29M12I3M1I41M26D6M25I27M25I7M125I4M4I18M1I5M8I10M25I3M7I33M2I5M1I7M2D6M1D22M5D38M1I3M5D9M3I18M2D18M9I30M3I10M19I6M7I10M1I29M1I4M1I10M1D10M1D12M1D9M
129	1124	0.164	9.402E-25	6	924	926	0	644	656	5M2D16M1I9M35I3M2D4M1D17M1I40M3D7M2D13M1I18M1I33M13I43M2D9M66I6M16I6M97I22M23I25M2I33M4D28M3I14M2D4M1D8M1D10M3D11M1D32M1I2M5D9M3I18M2D18M9I18M4I4M2D3M3I15M1I4M8I8M5I31M2I2M1D3M3I5M4I4M4I14M1D8M1D10M5I5M1D11M
99	948	0.237	9.560E-21	0	346	926	18	365	450	7M1D1M1I18M1I13M5I50M1I40M3D4M1D14M1I23M1I24M2D12M12I31M17D13M1I74M
17	803	0.168	1.914E-17	0	848	926	0	893	985	28M2I8M1D9M2D7M6I9M1I4M1D26M1I36M3D20M2I6M11D17M1I18M12D8M8D3M7D7M4I33M15D33M10D24M6D50M1D32M1D23M1D22M1D18M1D8M18I21M1D14M1D42M3I20M13I19M8I9M5D14M5I4M19I2M3I3M5I12M5I22M16D10M27D4M8D31M3D21M1I55M
93	706	0.152	3.094E-15	5	582	926	13	763	803	32M3D8M10I32M1I11M1I39M4D2M3D17M2I3M1I13M2D29M4I6M2I6M20D31M2I4M11D29M1D51M2D26M107D38M4D42M16D16M6D39M4D12M3D6M2D14M1D10M7D39M
 