5	6972	1.00	0.000E+00	0	969	970	0	969	970	970M
26	6740	0.995	0.000E+00	0	969	970	0	969	970	970M
29	6721	0.992	0.000E+00	0	969	970	0	969	970	970M
25	6692	0.989	0.000E+00	0	969	970	0	969	970	970M
31	6677	0.989	0.000E+00	0	969	970	0	969	970	970M
86	6670	0.975	0.000E+00	0	969	970	0	969	970	970M
27	6611	0.990	0.000E+00	0	969	970	0	969	970	970M
34	6593	0.975	0.000E+00	0	969	970	0	969	970	970M
28	6588	0.989	0.000E+00	0	969	970	0	970	971	367M1D603M
85	6587	0.975	0.000E+00	0	969	970	0	969	970	970M
106	6587	0.976	0.000E+00	0	969	970	0	969	970	970M
6	6579	0.987	0.000E+00	0	969	970	0	969	970	970M
24	6510	0.949	0.000E+00	0	969	970	0	969	970	970M
33	6396	0.940	0.000E+00	0	969	970	0	969	970	970M
64	6207	0.886	0.000E+00	0	969	970	0	967	968	349M2D67M1I84M1I9M1I6M1I451M
75	6177	0.872	0.000E+00	0	969	970	0	969	970	349M2D162M1I9M1I448M
30	6169	0.893	0.000E+00	0	969	970	0	971	972	349M2D162M1I70M1D388M
53	6160	0.873	0.000E+00	0	969	970	0	963	964	352M2D159M1I36M7I415M
107	6129	0.865	0.000E+00	0	969	970	0	968	969	853M1I116M
38	6104	0.889	0.000E+00	0	969	970	0	968	969	349M2D61M2I99M1I458M
112	6103	0.873	0.000E+00	0	969	970	0	970	971	352M2D150M1I314M1I34M1D118M
39	6037	0.887	0.000E+00	0	969	970	0	964	965	349M2D162M1I8M4I314M1I35M1I95M
61	6015	0.855	0.000E+00	0	969	970	0	932	933	349M2D61M1I77M10I3M28I441M
32	6014	0.989	0.000E+00	42	969	970	1	928	929	928M
105	6009	0.862	0.000E+00	0	969	970	0	962	963	349M2D81M1I80M1I305M1I8M6I138M
119	5984	0.876	0.000E+00	0	969	970	0	967	968	349M2D42M2I118M1I332M1I125M
104	5934	0.916	0.000E+00	0	969	970	0	937	938	44M32I894M
111	5921	0.856	0.000E+00	0	969	970	0	937	938	349M2D68M33I367M1I152M
62	5913	0.856	0.000E+00	0	969	970	0	930	931	349M2D63M15I7M19I58M1I8M4I314M1I35M1I95M
22	5817	0.828	0.000E+00	0	969	970	0	957	958	334M1I83M7I37M2I47M1I305M1I152M
131	5702	0.820	0.000E+00	0	969	970	0	895	896	349M2D61M1I75M78I285M3D121M
110	5602	0.969	0.000E+00	90	969	970	0	879	880	880M
108	5598	0.787	0.000E+00	0	969	970	0	927	928	334M1I14M2D37M1I23M35I64M1I35M1D17M2I253M1I58M4I90M
67	5551	0.762	0.000E+00	5	969	970	6	963	964	329M1I13M2D104M2I57M1I311M5I8M1D9M1I124M
94	5543	0.781	0.000E+00	0	969	970	0	923	924	334M1I14M2D37M1I23M34I43M3I21M1I50M2I253M1I57M5I90M
102	5326	0.702	0.000E+00	0	969	970	0	963	964	334M1I13M2D104M2I22M6I356M1D132M
118	5178	0.688	0.000E+00	0	968	970	0	977	978	338M1I11M2D56M1I39M4D50M1D35M1D46M1I180M1I13M2D49M1D20M1I13M3D114M
72	5132	0.676	0.000E+00	0	968	970	0	957	958	333M1I16M2D56M1I38M7I42M1D37M1D30M1I17M1I177M1I59M1I18M1I16M1I115M
127	5018	0.656	0.000E+00	0	968	970	43	1012	1013	337M1I12M2D56M1I38M4D57M1D31M2D28M1I17M1I177M1I59M1I20M1I14M1I115M
115	4782	0.589	0.000E+00	0	968	970	0	981	982	305M3D43M2D14M1D33M1D37M2I30M3I19M1D15M4D30M1D47M1D217M1D21M1D59M2D94M
81	4762	0.815	0.000E+00	39	881	970	7	875	885	310M2D61M2I64M1I34M1I305M2D38M26D27M
16	4759	0.602	0.000E+00	0	967	970	34	977	978	304M1I20M1I28M1I37M1D21M3I27M1I24M2I30M1D31M10I19M2I12M2I177M1I60M1I19M1D44M2I88M
15	4753	0.585	0.000E+00	0	967	970	36	982	983	303M1I21M1I35M2I33M1D17M3I27M1I56M1D34M10I16M2I14M2I175M1I214M
73	4752	0.630	0.000E+00	23	968	970	2	932	933	311M1I13M2D60M1I35M5I44M1I5M3I51M5I200M1I34M1I34M1D141M
130	4724	0.571	0.000E+00	0	968	970	0	982	983	295M3D52M2D19M1D28M1D46M2D42M3I32M5D14M1D46M1D218M1D22M1I49M1D102M
68	4686	0.619	0.000E+00	3	968	970	8	900	901	8M10I7M2I320M2D59M1I14M30I6M6I7M12I3M13I30M1D26M2D22M1I177M1I59M1I25M1I125M
80	4661	0.657	0.000E+00	42	968	970	1	930	931	291M1I16M2D56M1I38M4D57M1D29M1D26M1D22M1I177M1I59M1I17M1I133M
74	4627	0.616	0.000E+00	7	957	970	1	924	926	398M1I24M3D55M20I38M1D26M1I188M2I31M1I25M6I21M1I11M1I87M2D14M
84	4599	0.638	0.000E+00	47	968	970	0	928	929	286M1I16M2D59M1I36M4D56M1D21M1D42M6D14M1I177M1I68M1I9M1I33M1I98M
59	4490	0.559	1.241E-103	0	969	970	0	979	982	7M1D287M3D54M2D18M1D29M1D36M2D54M1D18M4D34M2D12M6D23M1D183M1I39M1D16M2I10M11I6M2I36M1D92M
54	4414	0.522	7.278E-102	0	969	970	0	919	923	281M1D68M2D17M1D23M2I19M11I34M5I19M3I25M9I33M3I6M6I231M1D24M15I29M1I106M
56	4394	0.514	2.125E-101	0	969	970	0	927	931	267M9D6M8I41M2I41M1D44M11I49M4I38M5I43M7I226M1D24M4I10M11I22M1I106M
45	4383	0.516	3.831E-101	0	969	970	0	926	927	267M6D8M5I74M1D12M1D23M2I19M11I34M5I37M7I45M3I6M6I231M1D24M15I29M1I101M3D5M
43	4373	0.517	6.546E-101	0	969	970	0	927	931	265M7D10M6I85M1D16M1I38M11I37M4I38M5I8M9I6M1I20M2D235M1D24M15I29M1I106M
113	4363	0.520	1.118E-100	0	964	970	0	905	915	269M7D6M6I59M4I3M2I16M1D41M3I5M5I11M7I45M1I24M8I9M9I262M1D18M3I3M15I34M5I92M
3	4357	0.513	1.543E-100	0	968	970	0	881	882	268M9D5M8I51M17I16M1D45M8I12M8I41M5I27M5I9M22I7M1I19M8I213M1D24M15I29M1I105M
42	4355	0.517	1.717E-100	0	968	970	0	932	933	279M1D21M2I34M7I22M1D28M1I17M8I30M1D26M4I45M5I13M1D32M5I8M3I202M1D25M8I6M1D51M1D87M
78	4354	0.533	1.812E-100	0	968	970	0	939	940	280M1D21M1I26M1I37M1D23M1I34M8I31M5I7M1I38M13I17M5I10M1I10M3D10M2D10M5D205M1D11M2I19M5I53M1D84M
51	4353	0.532	1.911E-100	0	967	970	0	925	932	281M1D62M2I21M1D44M11I34M5I51M5I23M8I13M2D232M1D27M15I29M1I104M
52	4337	0.504	4.504E-100	0	969	970	0	904	913	267M9D6M8I50M4I31M1D46M19I72M29I263M1D24M15I29M1I106M
41	4335	0.514	5.013E-100	0	969	970	0	923	924	265M7D10M6I18M3I25M1D12M2I24M1D55M12I26M1I10M4I38M5I26M1I31M6I215M1D15M19I6M1D28M1I101M3D5M
23	4335	0.521	5.013E-100	0	968	970	0	934	935	279M1D22M1I30M6I52M1I22M7I55M4I28M1D24M4I42M10I2M2D207M1D23M7I53M1D90M
48	4333	0.520	5.580E-100	0	968	970	0	898	899	267M7D8M6I12M2I32M1D12M5I17M1D29M4I31M7I15M6I13M2I39M9I6M6I25M10I12M5I215M1D28M18I128M
44	4329	0.525	6.914E-100	0	969	970	0	882	886	268M2D9M1I55M2I6M15I9M1D45M8I12M8I42M5I34M27I8M1I19M8I213M1D24M15I29M1I106M
116	4327	0.517	7.696E-100	0	969	970	0	892	893	265M7D10M6I50M7I45M4I19M3I4M8I20M4I37M3I21M8I7M16I23M5I227M1D16M2D12M20I42M4I14M1D70M
109	4325	0.515	8.566E-100	0	967	970	0	914	915	281M1D85M1D45M8I11M7I45M2I20M2I34M16I239M1D22M1D8M17I26M5I95M
49	4318	0.511	1.246E-99	0	969	970	0	858	862	267M9D6M8I51M17I16M1D41M45I8M1D16M6I16M28I19M5I32M2D214M1D24M15I29M1I106M
76	4317	0.520	1.315E-99	0	969	970	0	921	925	267M5D10M4I45M1I39M1D23M1I31M11I37M4I38M5I17M1I19M12I230M1D12M3I19M12I22M1I106M
35	4302	0.510	2.937E-99	0	969	970	0	925	929	267M11D4M10I46M1D39M1D16M1I40M16I18M2I47M8I6M4I14M2I255M1D25M14I29M1I106M
50	4298	0.514	3.639E-99	0	969	970	0	904	906	267M7D8M6I85M1D15M2I28M17I4M8I32M13I25M3I36M3I6M6I231M1D24M15I29M1I106M
71	4295	0.518	4.274E-99	4	965	970	16	926	934	263M6D8M5I74M1D12M1D23M2I19M11I34M5I40M3I4M9I33M3I6M6I231M1D24M15I29M1I102M
60	4295	0.515	4.274E-99	5	969	970	1	991	994	5M2D21M10D7M3D256M3D70M1D24M1D22M6I14M3D23M5D108M1D21M2D4M8D169M1I31M1D24M2I25M6I34M1D92M
57	4293	0.525	4.757E-99	0	964	970	0	921	931	278M1D23M1I44M1D20M1D54M1I21M8I12M1I6M4I38M5I26M11I11M3I15M3D213M1D24M15I29M1I101M
77	4287	0.506	6.561E-99	0	969	970	0	923	925	277M1D77M2D35M1I78M12I26M8I12M7I20M9I228M1D33M17I23M1I101M5D5M
46	4273	0.514	1.389E-98	0	965	970	0	917	926	267M7D8M6I62M2I21M1D44M8I12M8I19M1I12M15I25M3I26M8I13M2D232M1D29M19I23M1I75M12D27M
69	4266	0.515	2.021E-98	0	969	970	0	920	924	267M5D10M4I58M1I6M9I11M1D22M2I31M11I21M3I20M4I78M6I228M1D17M6D4M21I29M1I106M
83	4241	0.513	7.714E-98	0	964	970	25	942	947	4M1I2M1D261M8D6M7I20M1I31M1I6M3I4M1I18M1D25M1D19M8I5M3I53M3I22M2I16M10I22M2I236M1D31M18I37M1D87M
13	4236	0.495	1.008E-97	0	969	970	0	890	894	267M9D6M8I41M3D36M7I40M45I22M8I51M2I21M1I22M5I213M1D24M15I29M1I106M
70	4221	0.495	2.252E-97	0	969	970	0	857	858	267M7D8M6I20M1I5M14D5M37I17M1D23M2I19M11I36M28I3M28I33M3I6M6I228M1D27M15I29M1I103M3D3M
66	4205	0.499	5.308E-97	0	968	970	0	922	923	82M1D198M1D21M1I34M14I40M1I34M8I16M1D13M4I40M1D18M7I46M5I3M5I205M1D35M7I42M1D90M
82	4204	0.515	5.600E-97	5	964	970	30	942	947	2M1D260M7D8M6I29M1D22M4I30M1D25M1D30M12I25M1D24M3I19M2I39M16I234M1D15M12I13M6I37M1D87M
47	4134	0.489	2.382E-95	0	964	970	0	810	820	268M9D5M8I65M3I13M1D20M1I37M12I23M8I11M27I7M68I219M1D18M3D10M18I19M23I82M
58	4133	0.509	2.513E-95	0	969	970	0	885	889	267M7D8M6I73M1D12M1D23M2I15M45I8M1D10M6I23M4I47M3I6M6I231M1D10M1I13M21I23M1I106M
65	4082	0.531	3.862E-94	7	969	970	2	876	879	296M2D47M2D11M1D51M6I6M23I15M7I16M1D17M4D24M1D24M2D30M1D175M1I36M30I6M35I107M
55	3990	0.491	5.339E-92	0	969	970	0	889	893	112M1I168M1D62M1D19M1D7M2I41M8I10M8I44M1D2M3I16M1I3M9I49M2I112M1I49M1I38M20I8M5I18M21I23M1I69M1I36M
79	3873	0.503	2.817E-89	53	968	970	1	888	889	227M1D21M1I26M1I32M1D28M1I21M8I30M1D26M4I47M6I37M1D17M6I200M2D4M1I12M3I21M4I42M1D90M
117	3784	0.385	3.315E-87	0	969	970	0	1002	1003	5M2D264M10D4M9I10M1I13M2I16M6D42M11I28M3I34M3D8M1D55M1I17M11I20M6D109M1D129M2D16M22D36M4D24M7D94M7D8M
103	3720	0.491	1.023E-85	26	968	970	0	885	886	49M4I8M5I7M2I170M5I15M1D23M1D26M12I37M2I36M1I55M11D25M20I24M11I3M3I97M2D122M1D23M5I53M3I97M
92	3698	0.363	3.323E-85	5	968	970	1	1083	1084	262M4D25M1I47M1D26M8I28M4D47M1D23M3D10M4D18M11D33M17D14M5D27M9D94M2D137M33D41M7D17M18D21M9D85M
128	3667	0.373	1.749E-84	2	969	970	0	874	876	3M3D262M6I6M9D21M8I25M49I14M26I8M6I26M19I39M1D47M10D101M1D120M1D31M5I60M1D86M
122	3495	0.345	1.757E-80	7	969	970	6	971	1001	261M2D35M6I3M5I18M21I12M24D64M7I37M4I7M11I26M5I6M2I37M8I5M3I77M1D119M2D21M4D6M17D18M17D22M11D93M3I21M
8	3470	0.349	6.707E-80	0	969	970	0	1014	1016	5M2D262M14D50M7D23M2D25M7D4M4I102M6I105M3I81M2D127M1D11M12D54M10D99M1D9M
101	3427	0.366	6.715E-79	5	961	970	20	928	936	260M6I22M9I9M3I20M4I8M29I23M4I30M3I11M2I30M2I23M1I80M7D6M3D3M2D58M2D104M11D40M1D12M2I10M9I21M3I33M3D77M
18	3410	0.321	1.670E-78	5	967	970	1	1247	1248	261M5D39M2I43M12D49M7D40M5D68M3I64M17D10M21D70M1I11M1D141M6D4M22D5M63D12M2D10M86D2M37D38M6D90M
126	3292	0.350	9.294E-76	0	963	970	3	806	808	6M1D98M2I163M8D4M9I18M7I26M8I5M12I3M21I39M11I28M7I20M93I6M7D133M1I31M1D4M3I28M4I4M1D13M2D113M1I2M1I40M
114	3227	0.354	3.024E-74	5	961	970	5	922	929	215M1D49M5I18M2I39M11I22M8I40M1I36M5D36M2D19M3I32M9I34M4D3M4I58M2D86M5I12M3D43M1D12M6D10M1I53M14I77M
91	3212	0.337	6.754E-74	5	969	970	9	787	788	97M1D165M15D10M33I23M15I18M30I16M27I37M8I23M15I14M48I3M2I64M2I10M4D5M2I79M3I3M3I36M1I12M17I25M1I3M2I21M1I6M3I34M2D17M4D27M1D4M
100	3175	0.332	4.903E-73	0	969	970	0	801	806	3M1I268M10I13M17I21M15I4M1I12M10I21M1D23M16I19M33I21M21I12M22I16M11I75M1D5M1D85M3I3M5D30M3D21M22I50M2I43M1D23M4D18M
98	3119	0.317	9.851E-72	5	969	970	13	774	776	99M1D162M10D8M3I9M27I5M34I15M36I18M27I9M31I23M24I24M8I22M4D64M2I10M1D5M1D75M1I8M6I34M1I14M5I11M14I12M1I3M2I22M1I5M3I32M2D22M4D28M
124	3102	0.345	2.449E-71	5	963	970	1	712	713	258M3D11M94I5M9D5M13I3M14I5M7I3M19I16M3I20M1D24M68I14M2I40M1D23M1I17M2D82M1I32M1I26M30I16M3I15M7I41M1D6M1I33M
7	3065	0.320	1.778E-70	5	969	970	8	822	857	100M1D173M21I7M41I17M13I12M27I14M9I15M6I52M20I55M2I39M2D43M3D46M2I18M1D19M6I36M1I18M10I43M4I46M2D38M3D12M
97	3052	0.328	3.568E-70	1	969	970	22	784	786	103M1D162M9D10M41I6M30I8M22I27M38I10M23I18M3I15M20I24M1I15M5I6M2I62M3I10M1D5M1D84M6I34M1I14M2D8M11I10M9I4M1I3M2I25M5I36M1D16M2D31M
120	3044	0.326	5.477E-70	0	969	970	0	758	764	4M2D99M2I163M8D23M9I11M1I17M62I8M1D22M9I25M2I5M7I13M72I34M3I33M2D39M1D7M1D47M2I18M1D50M4I7M1I12M20I17M24I6M5I2M3I35M1I46M
89	3044	0.314	5.477E-70	0	969	970	0	759	777	5M2D99M1D171M41I17M8I25M38I7M6I8M11I24M23I19M68I13M2I2M2I39M2D39M4D3M2I47M2I16M1D13M3I3M4I26M2I21M15I20M3I41M2D36M2D37M6D9M
10	3028	0.319	1.291E-69	5	969	970	26	782	784	99M1D161M15D12M36I5M34I14M23I22M31I12M11I11M6I6M8I11M9I13M4I19M30I6M2I62M2I11M4D5M2I82M6I34M1I17M10I4M5I14M5I5M2I26M5I32M2D21M2D29M
96	3026	0.323	1.437E-69	5	969	970	38	941	948	30M5I225M14D16M9I46M12I19M22I16M2I34M7I27M28D11M7I49M11I9M4I19M3D5M1D62M4I9M4D5M2I48M1I32M1I38M1D19M18I18M6I34M1I82M
40	3025	0.308	1.516E-69	0	969	970	0	759	776	5M1D98M1D165M48I10M7D8M38I10M8I21M6I5M4I10M8I17M22I17M3I7M26I5M41I5M2I39M2D39M4D3M2I45M2I18M1D13M3I3M4I24M2I21M13I37M5I26M2D36M2D38M7D8M
0	3005	0.323	4.426E-69	5	969	970	13	752	754	99M1D163M18D10M72I18M28I12M41I9M29I16M14I7M26I10M5I24M2I62M3I10M1D5M1D77M1D7M6I34M1I12M4D10M22I12M1I30M5I31M2D21M2D31M
87	3003	0.319	4.926E-69	5	969	970	7	749	770	100M1D173M6D12M32I10M75I11M47I7M3I13M2I8M30I27M9I7M9I7M2I39M2D42M2D47M2I18M1D10M2I7M5I25M2I25M13I31M5I15M3I5M1D35M2D42M5D2M1I5M
63	2979	0.320	1.782E-68	5	969	970	7	770	778	100M1D166M1I24M25I12M63I21M12I23M76I27M7I10M9I6M2I39M2D39M4D2M2I46M2I17M1D11M2I7M5I23M2I21M8I19M4I12M1I6M5I15M2I40M4D3M2I38M17D8M
20	2964	0.298	3.980E-68	0	969	970	0	754	772	5M2D270M88I10M2I10M8D20M3I22M16I19M74I14M27I7M2I39M2D39M4D3M2I45M2I18M1D17M7I24M1I12M1I8M15I22M3I34M2D40M2D41M7D8M
95	2958	0.325	5.490E-68	5	969	970	1	718	720	99M2I161M9D1M15I9M16I20M72I32M6I12M3I8M24I13M68I7M9I10M3D32M2D44M2D51M2I16M1D51M5I14M34I37M6I1M3I35M1I38M2D8M
88	2954	0.313	6.802E-68	5	969	970	7	752	770	270M10I4M41I7M12I7M15I5M1I3M3I5M3I14M8I10M66I7M10I12M5I4M11I6M19I24M2I39M2D39M4D3M2I47M2I12M1D14M2I7M5I24M1I12M1I8M14I56M2I45M2D38M7D8M
37	2929	0.308	2.596E-67	2	969	970	0	810	829	13M2D144M1I105M16D4M22I10M25I11M57I7M15I7M12I20M16I8M22D34M2I4M17I11M1I26M1D13M2I39M2D37M1D5M1D49M2I16M1D13M1I12M2I22M3I19M3D11M28I5M1I8M1I59M2D48M
1	2927	0.312	2.890E-67	0	969	970	0	786	787	269M1D8M40I48M51I32M37I15M46I10M27I31M1D13M2D38M1D5M1D49M2I16M2D15M1I6M3I6M1I18M3I22M14I59M3I30M1D6M2D9M7D6M8D2M3D21M16D8M
125	2891	0.312	1.988E-66	3	966	970	25	812	813	264M1D4M2D21M11I33M20I11M11D7M10I37M14I17M1D6M8I9M14I13M54I21M13I63M13I127M1I6M1D18M11I17M19I19M3I74M1I5M
36	2886	0.306	2.599E-66	2	969	970	0	819	829	12M2D145M1I105M16D4M22I10M25I11M57I7M15I7M12I18M12I10M11D36M1I10M10I8M2I25M1D20M2I39M2D37M1D5M1D49M2I16M1D13M1I12M2I25M2I6M1I8M10D11M12I29M25I35M4D3M2I36M2D5M7D5M
2	2885	0.315	2.742E-66	3	965	970	8	780	781	103M1I54M1I112M4I13M18I7M67I22M13I4M18I14M12I9M8I14M7I3M31I44M1D43M1D43M3D49M1D11M1D6M4D62M5D22M37I17M1I12M3I32M3D11M5D12M3D16M4D7M
14	2875	0.326	4.685E-66	5	965	970	85	885	886	98M7I4M18I7M3I72M1D53M6D7M7I23M4I22M8I27M17I17M5I7M1D10M27I24M17I35M5I9M2D40M4I5M2I76M1D5M1D128M1I11M25I14M22I95M
123	2750	0.437	3.795E-63	44	772	970	0	713	715	230M3I11M3I76M6I9M1D24M1D69M7D28M12I37M3I181M1D23M2D14M
21	2706	0.351	4.008E-62	5	811	970	4	701	745	209M1D51M7D10M6I10M31I18M1I25M25I4M4I62M22I61M23I20M2I76M1D5M1D72M1I10M5D1M6I37M3I12M
121	2503	0.310	2.120E-57	11	831	970	1	618	619	256M15D7M8I7M12I15M3I14M16I13M5I2M4D10M38I6M48I10M88I22M1I22M1D11M2D43M2D51M2I16M2D14M2I9M3I22M5I3M2D37M
12	2460	0.325	2.122E-56	5	853	970	2	674	675	260M7D13M4I28M9I14M72I23M5I22M26I6M36I28M15I21M2I27M1I7M2D35M1D7M1I3M2I45M2I18M1D13M2I36M9I47M1I9M
9	2291	0.280	1.816E-52	5	969	970	7	623	639	100M1D162M104I14M32I15M4I19M11I6M3I7M99I11M32I4M44I45M2I18M1D13M2I4M5I25M2I21M15I20M7I37M2D32M2D42M8D8M
11	2099	0.288	5.326E-48	0	816	970	0	581	596	42M32I200M96I3M30I47M49I5M29I52M5D2M3I24M1D10M2D41M1D5M1D49M2I16M2D14M2I8M3I23M3I17M2D10M
19	1769	0.199	2.539E-40	2	969	970	9	732	735	30M1D17M2D44M1I11M1I42M1D11M5D4M8D20M1I3M3D27M2D53M15D8M102I28M34I9M31I22M61I17M3I5M4I12M2D6M2D47M1I4M1D16M2D76M3D4M1D39M6I16M18I48M7I4M19I17M1D8M1I20M3I7M
90	1308	0.166	1.352E-29	0	960	970	0	691	697	4M1I2M1D25M1I15M5I52M1I40M5D17M1I21M1I29M12I3M1I34M3D5M25D5M27I28M25I6M49I5M77I10M38I11M11I13M1I2M12I38M3I7M2D6M1I5M5I16M12D33M1I3M5D7M3I19M2D18M14I25M3I16M17I18M4I17M13I1M1D8M1I4M1I10M1D12M1D11M1D14M1D17M
4	1267	0.172	1.216E-28	5	963	970	4	686	688	44M4I52M1I37M3D6M2D17M1I19M1I22M4D10M12I41M27I36M8I11M6I12M19I20M5I5M12I17M6I5M28I10M34I5M22I17M7I3M10I3M3D25M3I14M3D2M1D8M2I11M5D9M5D7M2D12M4I11M2D6M2D3M3I18M2D14M1I7M7I6M4I11M18I12M63I4M3I9M3I3M2I15M3D23M3D21M
129	1146	0.162	7.950E-26	10	960	970	0	650	656	2M1D2M1I16M1I11M35I3M2D2M1D22M1I40M3D4M2D13M1I18M1I27M16I6M3D33M9D14M89I7M10D2M19I8M33I10M2I11M20I19M62I15M3I10M7I27M2I5M1I7M2D6M1D8M1D7M3D14M1D32M1I2M5D9M3I16M2D19M14I16M2I11M1I18M4I35M18I8M3I2M1I7M4I4M2I2M2I14M1D6M1D13M1D19M
99	948	0.262	3.216E-21	5	349	970	17	361	450	7M1D2M1I16M1I13M5I55M1I38M3D3M1D14M1I23M1I40M10I32M16D53M1I28M
17	796	0.161	1.107E-17	9	893	970	3	921	985	21M2I26M3I14M1I4M1D26M1I36M2D5M1D15M2I6M11D17M1I16M12D9M1D15M10D33M17D31M2D57M13D35M7D14M1D36M2D41M3I29M10D34M20D15M3D28M5I10M2I14M4I10M17I5M3I13M10D3M6I3M8D19M55I6M3I45M6D21M1D46M3D9M1D10M
93	667	0.151	1.110E-14	11	605	970	13	749	803	34M7I41M1I12M1I38M3D3M4D15M2I4M1I13M2D28M10D3M8D12M4I32M9D28M1I37M3D20M1D25M100D35M6D92M9D23M7D31M2I15M1D15M2I18M
 34	7003	1.00	0.000E+00	0	969	970	0	969	970	970M
86	6724	1.00	0.000E+00	0	969	970	0	969	970	970M
25	6604	0.975	0.000E+00	0	969	970	0	969	970	970M
5	6597	0.975	0.000E+00	0	969	970	0	969	970	970M
106	6579	0.985	0.000E+00	0	969	970	0	969	970	970M
26	6574	0.979	0.000E+00	0	969	970	0	969	970	970M
29	6571	0.976	0.000E+00	0	969	970	0	969	970	970M
31	6566	0.973	0.000E+00	0	969	970	0	969	970	970M
85	6528	0.986	0.000E+00	0	969	970	0	969	970	970M
6	6468	0.972	0.000E+00	0	969	970	0	969	970	970M
27	6465	0.974	0.000E+00	0	969	970	0	969	970	970M
28	6446	0.975	0.000E+00	0	969	970	0	970	971	367M1D603M
24	6443	0.949	0.000E+00	0	969	970	0	969	970	970M
33	6382	0.937	0.000E+00	0	969	970	0	969	970	970M
53	6172	0.875	0.000E+00	0	969	970	0	963	964	352M2D159M1I35M6I3M1I413M
75	6118	0.870	0.000E+00	0	969	970	0	969	970	349M2D162M1I9M1I448M
38	6108	0.891	0.000E+00	0	969	970	0	968	969	349M2D62M2I98M1I458M
30	6106	0.896	0.000E+00	0	969	970	0	971	972	349M2D162M1I70M1D388M
64	6077	0.884	0.000E+00	0	969	970	0	967	968	349M2D67M1I84M1I9M1I6M1I451M
107	6025	0.870	0.000E+00	0	969	970	0	968	969	853M1I116M
61	6021	0.852	0.000E+00	0	969	970	0	932	933	349M2D62M1I76M10I3M28I441M
105	6018	0.862	0.000E+00	0	969	970	0	962	963	349M2D81M1I80M1I308M1I5M6I138M
112	5995	0.874	0.000E+00	0	969	970	0	970	971	352M2D150M1I316M1I32M1D118M
104	5964	0.916	0.000E+00	0	969	970	0	937	938	43M32I895M
39	5947	0.889	0.000E+00	0	969	970	0	964	965	349M2D162M1I8M4I314M1I35M1I95M
119	5933	0.881	0.000E+00	0	969	970	0	967	968	349M2D42M2I118M1I332M1I125M
32	5927	0.971	0.000E+00	42	969	970	1	928	929	928M
62	5923	0.861	0.000E+00	0	969	970	0	930	931	349M2D63M15I7M19I58M1I8M4I314M1I35M1I95M
111	5884	0.858	0.000E+00	0	969	970	0	937	938	349M2D68M33I370M1I149M
22	5827	0.827	0.000E+00	0	969	970	0	957	958	334M1I83M7I37M2I47M1I308M1I149M
131	5721	0.816	0.000E+00	0	969	970	0	895	896	349M2D62M1I74M78I285M3D121M
110	5639	0.990	0.000E+00	90	969	970	0	879	880	880M
108	5546	0.787	0.000E+00	0	969	970	0	927	928	334M1I14M2D37M1I24M35I63M1I35M1D17M2I256M1I55M4I90M
94	5503	0.783	0.000E+00	0	969	970	0	923	924	334M1I14M2D37M1I25M34I41M3I21M1I50M2I253M1I57M5I90M
67	5481	0.761	0.000E+00	5	969	970	6	963	964	329M1I13M2D108M2I53M1I311M5I8M1D9M1I124M
102	5304	0.697	0.000E+00	0	969	970	0	963	964	334M1I13M2D108M2I19M6I363M1D124M
118	5160	0.687	0.000E+00	0	968	970	0	977	978	338M1I11M2D55M1I40M4D50M1D35M1D46M1I180M1I13M2D47M1D22M1I13M3D114M
72	5117	0.673	0.000E+00	0	968	970	0	957	958	333M1I16M2D55M1I39M7I42M1D37M1D30M1I15M1I180M1I58M1I18M1I16M1I115M
127	5015	0.654	0.000E+00	0	968	970	43	1012	1013	337M1I12M2D55M1I39M4D57M1D31M2D28M1I17M1I178M1I61M1I17M1I14M1I115M
115	4907	0.590	0.000E+00	0	968	970	0	981	982	305M3D43M2D14M1D33M1D37M2I30M3I19M1D15M4D30M1D47M1D217M1D21M1D59M2D94M
81	4790	0.813	0.000E+00	39	882	970	7	876	885	310M2D62M2I63M1I34M1I305M2D38M26D28M
16	4740	0.595	0.000E+00	0	967	970	34	977	978	304M1I21M1D9M3I54M1D21M3I27M1I24M2I30M1D31M10I19M2I12M2I177M1I60M1I19M1D44M2I88M
73	4721	0.630	0.000E+00	23	968	970	2	932	933	311M1I13M2D60M1I35M5I44M1I5M3I31M1D14M6I205M1I34M1I34M1D141M
130	4702	0.567	0.000E+00	0	968	970	0	982	983	295M3D52M2D19M1D28M1D46M2D42M3I32M5D14M1D46M1D218M1D24M1I47M1D102M
15	4695	0.579	0.000E+00	0	967	970	36	982	983	303M1I22M1D12M3I13M1I41M1D9M3I35M1I56M1D34M10I16M2I22M2I167M1I214M
84	4690	0.639	0.000E+00	47	968	970	0	928	929	286M1I16M2D59M1I36M4D56M1D16M1D47M6D12M1I180M1I67M1I9M1I33M1I98M
80	4686	0.655	0.000E+00	42	968	970	1	930	931	291M1I16M2D55M1I39M4D57M1D29M1D26M1D22M1I178M1I58M1I17M1I133M
68	4654	0.604	0.000E+00	0	968	970	0	900	901	4M5D7M10I7M2I320M2D55M34I24M3I7M12I3M13I30M1D26M2D22M1I178M1I58M1I25M1I125M
74	4615	0.627	0.000E+00	7	937	970	1	902	926	398M1I24M3D55M20I26M1D38M1I188M2I31M1I26M1D14M8I16M1I81M
59	4590	0.559	0.000E+00	0	969	970	0	979	982	7M1D287M3D54M2D18M1D29M1D36M2D54M1D9M7D34M1I20M6D23M1D183M1I39M1D16M2I10M11I10M2I32M1D92M
45	4390	0.515	7.402E-102	0	968	970	0	922	927	266M5D11M4I73M1D12M1D23M2I14M5I5M6I34M5I37M7I47M9I235M1D24M15I29M1I105M
43	4385	0.519	9.690E-102	0	969	970	0	927	931	266M5D9M4I87M1D16M1I22M17I10M1D19M1I3M6I16M2I10M4I44M1I22M2D235M1D24M15I29M1I106M
52	4382	0.504	1.139E-101	0	969	970	0	904	913	267M9D6M8I50M4I31M1D58M18I16M1I20M5I26M24I261M1D24M15I29M1I106M
54	4366	0.514	2.696E-101	0	969	970	0	919	923	281M1D68M2D17M1D23M2I14M5I5M6I37M8I41M9I35M9I235M1D24M15I29M1I106M
3	4365	0.515	2.846E-101	0	968	970	0	881	882	268M9D5M8I51M17I16M1D45M8I12M8I41M5I26M24I10M3I7M8I6M2I15M1D210M1D24M15I29M1I105M
113	4361	0.522	3.530E-101	0	969	970	0	914	915	274M2D4M1I61M4I3M2I16M1D40M5I4M3I13M7I45M1I24M8I9M9I262M1D18M3I3M15I34M5I92M4D5M
76	4348	0.522	7.110E-101	0	969	970	0	921	925	266M5D11M4I61M1I23M1D27M1I11M5I16M6I9M4I66M5I17M1I19M12I230M1D12M3I19M12I22M1I106M
116	4345	0.515	8.357E-101	0	969	970	0	892	893	265M7D8M6I53M7I44M4I18M5I4M6I21M4I37M3I37M29I241M1D25M18I43M4I18M1D70M
109	4345	0.510	8.357E-101	0	967	970	0	914	915	281M1D85M1D45M8I11M7I45M2I20M2I35M16I238M1D25M16I32M5I95M
56	4345	0.509	8.357E-101	0	969	970	0	927	931	267M9D6M8I41M2I41M1D40M8I17M7I79M6I38M6I226M1D24M15I32M1I106M
51	4345	0.529	8.357E-101	0	967	970	0	925	932	281M1D62M2I21M1D39M5I15M11I75M5I38M6I232M1D27M15I29M1I104M
44	4343	0.522	9.307E-101	0	969	970	0	882	886	268M2D10M1I53M17I16M1D45M8I12M8I41M5I34M27I9M1I10M10I6M1D4M1D210M1D24M15I29M1I106M
57	4343	0.520	9.307E-101	0	965	970	0	922	931	278M1D23M1I44M1D20M1D35M1I40M8I9M5I48M9I22M7I14M3I17M3D211M1D24M15I29M1I102M
35	4340	0.510	1.094E-100	0	969	970	0	925	929	267M11D4M10I46M1D39M1D16M1I22M5I13M11I23M2I47M12I17M2I258M1D25M14I29M1I106M
42	4322	0.517	2.884E-100	0	968	970	0	932	933	279M1D21M2I34M7I22M1D28M1I11M3I5M5I31M3I72M5I13M1D19M1D21M9I201M1D25M8I6M1D51M1D87M
41	4315	0.508	4.206E-100	0	969	970	0	923	924	266M5D9M4I20M3I36M1I26M1D40M17I89M5I6M6I38M1I228M1D15M19I6M1D28M1I101M3D5M
69	4301	0.519	8.940E-100	0	969	970	0	920	924	277M1D62M1I6M9I11M1D16M2I45M15I18M3I93M6I228M1D17M6D4M21I29M1I106M
77	4296	0.513	1.170E-99	0	969	970	0	919	925	277M1D77M2D39M1I11M8I17M8I50M1I34M7I23M12I225M1D21M6I13M11I22M1I101M1D5M
78	4295	0.527	1.235E-99	0	968	970	0	939	940	280M1D21M1I45M1I18M1D23M1I15M5I4M3I32M3I21M3I38M13I17M5I7M1I13M3D10M2D10M5D205M1D11M2I19M5I54M1D83M
49	4293	0.506	1.376E-99	0	969	970	0	858	862	267M9D6M8I51M17I16M1D45M8I12M8I24M4I23M7I16M56I16M2D211M1D24M15I29M1I106M
71	4286	0.513	2.005E-99	4	965	970	16	926	934	262M5D11M4I73M1D12M1D23M2I14M5I5M6I37M8I41M9I35M9I235M1D24M15I29M1I102M
50	4278	0.512	3.086E-99	0	969	970	0	904	906	266M5D9M4I87M1D15M2I22M31I20M3I6M3I7M4I72M9I235M1D24M15I29M1I106M
23	4277	0.517	3.257E-99	0	968	970	0	934	935	279M1D22M1I33M6I49M1I14M5I20M8I37M1I4M3D27M1D45M5I18M5I6M2I208M1D25M7I51M1D90M
60	4273	0.514	4.039E-99	5	969	970	1	991	994	5M2D21M10D7M3D256M3D70M1D24M1D23M6I13M3D23M5D108M1D21M2D4M8D169M1I31M1D24M2I25M6I41M1D85M
66	4223	0.495	5.970E-98	0	968	970	0	922	923	82M1D198M1D21M1I34M14I40M1I31M13I40M1I6M3I16M1D24M4I20M2I34M5I205M1D35M7I42M1D90M
48	4219	0.505	7.405E-98	0	968	970	0	898	899	265M7D10M6I12M2I32M1D12M5I17M1D21M4I19M7I49M8I42M15I27M16I14M1D212M1D28M18I128M
83	4217	0.506	8.248E-98	0	964	970	24	942	947	7M1D261M8D6M7I20M1I21M3D13M7I4M1I18M1D25M1D14M8I10M3I53M3I29M6I37M8I230M1D31M18I37M1D87M
46	4214	0.515	9.694E-98	0	965	970	0	917	926	266M5D11M4I62M2I21M1D39M5I4M3I13M8I14M16I10M1I25M2I48M6I232M1D26M19I26M1I75M12D27M
13	4213	0.504	1.023E-97	0	969	970	0	890	894	266M10D3M9I44M3D36M7I40M6I13M8I24M14I30M3I12M24I15M1I18M5I217M1D24M15I29M1I106M
82	4195	0.509	2.698E-97	5	964	970	30	942	947	2M1D258M7D10M6I29M1D22M4I30M1D25M1D24M11I56M3I19M2I39M16I234M1D28M18I37M1D87M
47	4180	0.491	6.052E-97	0	965	970	0	811	820	268M9D5M8I65M3I13M1D20M1I22M5I4M31I3M17I7M15I19M34I13M12I18M1I211M1D24M15I24M23I85M
70	4177	0.498	7.113E-97	0	969	970	0	857	858	266M5D11M4I20M1I5M14D5M37I17M1D23M2I14M5I14M11I25M4I37M44I8M12I227M1D27M15I29M1I103M3D3M
58	4167	0.510	1.219E-96	0	969	970	0	885	889	266M5D11M4I73M1D12M1D23M2I65M7I38M44I8M12I230M1D10M1I13M21I23M1I106M
65	4106	0.514	3.258E-95	7	969	970	2	876	879	296M2D47M2D11M1D51M6I6M2D15M14D16M15I45M23I42M1D175M1I36M65I113M
55	3969	0.484	5.222E-92	0	969	970	0	889	893	112M1I168M1D62M1D19M1D7M2I42M8I9M8I27M3I9M7D20M7I3M9I49M2I113M1I48M1I38M20I7M4I2M1I17M21I23M1I69M1I36M
79	3859	0.500	1.955E-89	52	968	970	0	888	889	228M1D21M1I45M1I13M1D28M1I21M8I30M3I74M6I53M5I202M2D4M1I12M3I21M4I47M1D85M
117	3739	0.385	1.254E-86	0	969	970	0	995	1003	2M2D267M10D4M9I10M1I13M2I16M6D42M11I28M3I35M6I7M3I28M1D67M6D109M1D129M2D16M22D51M6D25M5D86M
103	3713	0.490	5.087E-86	26	968	970	0	885	886	49M3I5M3I5M3I5M2I170M5I15M1D23M1D27M12I39M2I33M1I55M11D25M24I21M7I6M3I97M2D122M1D60M7I16M1I97M
128	3704	0.372	8.260E-86	3	969	970	1	874	876	2M3D262M6I6M9D21M13I6M4I6M31I6M35I29M6I21M12I9M7I26M1D56M10D95M2D7M1I118M1D47M5I44M1D86M
92	3701	0.362	9.709E-86	5	968	970	1	1083	1084	261M4D26M1I47M1D26M8I30M3D70M5D8M4D16M1D19M2D18M1D21M5D12M8D17M25D84M2D136M33D40M7D18M18D21M9D85M
122	3529	0.343	1.025E-81	7	969	970	6	971	1001	261M2D35M6I3M5I18M21I11M22D5M5D23M3I34M4I20M10I30M8I20M5I6M2I34M8I8M3I79M1D117M2D21M4D6M17D18M17D28M8D19M3D67M3I22M
8	3464	0.354	3.399E-80	0	969	970	0	1015	1016	2M2D265M14D100M7I9M3D68M5D24M5D88M2D22M5I80M2D127M1D11M12D47M4D29M6D77M1D4M1D5M
18	3432	0.320	1.905E-79	5	967	970	1	1247	1248	264M5D69M4D15M6D46M7D38M7D63M5I69M17D10M21D69M1I12M1D141M6D4M22D5M65D22M86D2M37D38M6D90M
101	3384	0.363	2.528E-78	0	961	970	15	928	936	265M6I72M1I24M7I75M1I7M9I35M13I24M9I7M9I29M4D62M2D100M11D40M1D12M2I10M9I134M
126	3245	0.349	4.512E-75	0	963	970	4	806	808	104M2I159M10I4M9D21M7I26M8I5M12I3M24I15M45I13M9I12M8I21M48I4M3I9M6D13M6D134M1I31M1D4M3I28M4I4M1D13M2D112M1I3M1I40M
100	3237	0.333	6.943E-75	0	969	970	0	801	806	2M1I269M10I10M25I6M2I9M58I13M19I31M15I9M1I26M26I40M1I13M2D79M1D5M1D85M3I3M5D30M3D21M22I24M3I17M2D7M1I43M1D23M4D18M
91	3201	0.342	4.827E-74	5	969	970	9	787	788	97M1D163M14D5M10I6M27I5M34I7M76I22M2I35M1I20M24I47M3I63M2I11M4D5M2I79M3I3M3I36M1I12M17I26M3I28M1I1M3I34M2D17M4D27M1D4M
114	3193	0.358	7.427E-74	0	961	970	0	922	929	220M1D46M5I21M2I39M11I22M8I40M1I36M7D55M3I32M3D20M8I18M4I58M2D87M5I11M3D43M1D12M6D26M6I14M9I100M
98	3097	0.315	1.308E-71	0	969	970	8	774	776	104M1D162M10D8M3I9M27I5M34I15M22I22M21I33M1I8M19I9M19I5M42I16M4D4M2I62M2I11M1D5M1D75M1I8M6I34M1I14M5I11M14I13M3I27M3I2M1I32M2D22M4D28M
7	3074	0.317	4.515E-71	0	969	970	1	822	857	5M2D100M1D173M62I24M13I13M27I13M9I16M6I51M21I21M1D33M2I39M2D43M3D46M2I18M1D21M6I30M1I22M10I8M2I40M2I43M2D36M3D12M
97	3069	0.333	5.910E-71	0	969	970	22	784	786	3M1I100M1D162M9D12M1I7M27I5M34I15M22I8M6I8M21I28M9I7M6I17M43I12M9I20M7I61M3I11M1D5M1D84M6I34M1I14M2D8M11I10M9I5M3I29M5I34M1D16M2D31M
89	3061	0.308	9.093E-71	0	969	970	0	760	777	5M2D99M1D171M41I17M68I55M8I9M10I19M68I12M2I3M2I39M2D37M3D4M1I49M2I16M1D13M3I3M4I26M2I19M8I19M10I44M2D36M2D38M7D8M
10	3051	0.319	1.558E-70	5	969	970	26	782	784	99M1D161M10D14M74I8M22I24M29I11M5I24M6I6M8I11M9I6M28I21M1I11M7I62M2I11M4D5M2I82M6I34M1I17M10I4M5I19M7I26M5I32M2D21M2D29M
124	3042	0.338	2.530E-70	5	963	970	1	712	713	258M3D11M94I5M9D5M48I37M10D8M17I17M68I14M2I40M1D24M1I16M2D82M1I32M1I28M26I11M4I3M3I15M7I41M1D6M1I33M
120	3038	0.336	3.139E-70	5	969	970	7	758	764	98M2I163M8D23M9I11M1I17M62I11M4I24M4I21M2I5M7I25M72I16M1D5M4I38M2D34M1D7M1D47M2I18M1D51M5I18M20I17M24I6M7I2M1I31M1I50M
0	3020	0.323	8.276E-70	0	969	970	8	752	754	104M1D163M18D10M72I18M28I12M41I9M29I16M14I7M26I10M5I24M2I63M3I9M1D5M1D77M1D7M6I34M1I15M1D12M19I10M1I28M2I3M3I30M2D21M2D31M
87	3015	0.317	1.083E-69	0	969	970	1	749	770	5M1D100M1D173M6D14M2I35M85I10M11I26M3I9M106I8M2I39M2D42M2D47M2I18M1D23M7I19M2I25M13I31M5I15M3I5M1D36M2D41M5D2M1I5M
96	3012	0.321	1.273E-69	0	969	970	31	941	948	5M2D30M5I227M16D16M1I28M4I38M34I12M8I33M7I9M14I16M35D55M16I26M4D6M1D63M4I8M4D5M2I48M1I32M1I38M1D19M18I19M6I33M1I82M
63	3011	0.321	1.344E-69	5	960	970	7	744	778	100M1D166M1I20M47I24M24I6M10I7M19I15M1I10M35I10M40I15M7I8M9I8M2I39M2D42M2D47M2I17M1D11M2I7M5I23M2I31M8I9M4I12M1I6M5I15M2I42M2D40M
40	2991	0.307	3.947E-69	0	969	970	0	759	776	5M1D98M1D165M69I11M19I13M21I55M8I7M2D3M9I25M73I6M2I39M2D37M3D4M1I47M2I18M1D13M3I3M4I36M2I13M8I15M10I44M2D36M2D38M7D8M
95	2984	0.323	5.754E-69	5	969	970	1	715	720	99M2I161M8D22M30I17M22I9M68I30M1I5M14I13M68I7M7I3M3D7M2I35M2D42M2D50M2I16M1D51M5I14M34I37M6I1M3I32M1I41M1I7M
20	2982	0.311	6.409E-69	0	969	970	2	754	772	275M88I10M2I11M17I4M4D30M7I9M12I23M30I10M49I9M3I39M2D37M3D4M1I47M2I18M1D24M7I16M2I28M15I15M3I34M2D40M2D41M7D8M
88	2965	0.306	1.601E-68	5	969	970	7	752	770	270M10I4M9I8M44I6M47I3M26I19M17I44M51I24M2I39M2D37M3D4M1I49M2I12M1D14M2I7M5I23M2I21M11I5M3I51M2I45M2D38M7D8M
2	2947	0.309	4.222E-68	0	969	970	3	780	781	3M2D103M1I54M1I168M107I14M1I7M1I24M3I2M8I9M52I27M5I35M1D33M1D14M2D45M1D11M1D6M4D62M5D22M37I23M3I6M1I30M1D3M2D10M5D12M3D27M
37	2941	0.309	5.833E-68	4	969	970	2	810	829	11M2D144M1I105M15D6M21I9M25I8M45I23M5I16M30D16M1D17M8I10M11I13M42I9M17I21M2I39M2D42M2D49M2I16M1D13M1I15M2I19M3I19M3D13M14I20M16I50M2D48M
1	2910	0.307	3.098E-67	0	969	970	0	786	787	269M1D13M40I44M51I31M37I15M72I15M1I26M1D13M2D38M1D5M1D49M2I16M2D15M1I8M7I44M14I59M3I32M1D4M2D9M7D6M8D2M3D21M16D8M
36	2895	0.304	6.950E-67	3	969	970	1	810	829	11M2D145M1I107M14D32M16I16M17I21M11D4M21I13M21I28M8I14M18I15M52I24M2I39M2D42M2D49M2I16M1D13M1I15M2I19M3I17M13I2M4D12M12I32M6I38M2D48M
125	2867	0.314	3.140E-66	3	958	970	25	805	813	264M1D4M2D21M11I33M20I14M10D11M9I26M16I30M19I21M54I21M13I63M13I127M1I10M1D14M5D3M16I8M19I20M3I72M
14	2847	0.318	9.222E-66	2	963	970	79	885	886	3M3D105M25I3M4I2M1D70M1D53M6D7M7I23M4I25M8I24M17I22M1D2M5I10M27I17M5I12M7I42M8I45M6I80M2D128M1I11M25I14M11I9M12I4M1D74M2D5M
123	2740	0.437	2.937E-63	44	772	970	0	713	715	230M3I11M3I76M6I9M1D24M1D69M7D28M12I37M3I181M1D17M2D20M
21	2715	0.353	1.129E-62	1	811	970	0	701	745	213M1D53M7D8M6I10M31I19M1I24M25I4M4I79M7I20M10I9M22I8M4I17M2I10M2I76M4D5M2I70M1I10M5D1M6I34M3I15M
12	2531	0.325	2.275E-58	5	852	970	2	674	675	261M3D40M16I7M3I2M25I7M58I33M23I18M23I30M15I21M2I27M1I11M2D31M1D7M1I3M2I45M2I18M1D13M2I36M9I56M
121	2505	0.310	9.231E-58	11	831	970	1	618	619	256M15D7M8I8M91I8M13I4M1I12M22I18M11D7M1I21M83I7M8I3M1D25M1D12M2D42M2D51M2I16M2D14M2I9M3I22M5I3M2D37M
9	2254	0.275	6.870E-52	5	969	970	7	617	639	100M1D162M104I20M46I20M83I11M28I2M8D12M10I3M66I45M2I18M1D13M4I4M3I25M2I21M15I24M9I4M2D27M2D33M2D40M1D4M1D5M
11	2140	0.302	3.190E-49	0	832	970	0	595	596	42M32I200M96I3M2I18M13I6M26I20M9I19M1I24M44I13M7I10M4I25M1D14M2D37M1D5M1D49M2I16M2D14M2I8M3I23M3I43M
19	1767	0.198	1.696E-40	5	957	970	12	723	735	27M1D17M2D44M1I11M1I42M1D11M5D4M8D20M1I3M3D27M2D53M15D8M102I28M34I9M31I22M61I22M7I12M2D6M2D46M1I5M1D16M2D76M3D5M1D38M4I5M2I11M18I17M14I7M1I22M11I23M1D8M1I18M
90	1353	0.160	8.205E-31	0	960	970	0	691	697	4M1I2M1D25M1I14M5I53M1I40M5D17M1I21M1I29M12I3M1I34M29D9M28I28M25I6M49I5M5I24M21I14M113I31M2I5M1I7M2D6M1D22M5D38M1I3M5D7M3I19M2D18M14I28M9I13M20I15M3I13M4I17M1I4M1I10M1D12M1D11M1D14M1D17M
4	1273	0.171	6.103E-29	5	963	970	4	686	688	43M4I53M1I37M3D6M2D17M1I19M1I22M4D10M12I36M2D26M29I13M8I11M6I12M19I19M22I6M7I11M12I10M11I16M55I19M7I1M10I3M3D25M3I14M3D2M1D8M2I12M3D12M5D30M2D7M2D2M3I18M2D14M1I7M7I6M4I11M18I15M63I3M3I7M3I2M2I18M3D21M3D21M
129	1139	0.163	8.321E-26	10	956	970	0	646	656	3M1D1M1I16M1I11M35I3M2D4M1D20M1I40M3D4M2D13M1I18M1I33M13I38M2D16M20I3M18D3M51I4M71I12M2I11M20I19M62I15M3I10M7I27M3I12M2D6M1D8M1D7M3D14M1D32M1I2M5D9M3I16M2D19M14I16M2I10M1I18M4I25M18I19M3I2M1I7M4I3M2I3M2I14M1D6M1D13M1D15M
99	978	0.267	4.858E-22	5	349	970	17	361	450	8M1D1M1I16M1I13M5I55M1I37M3D4M1D14M1I23M1I40M10I29M17D13M1I41M1I29M
17	844	0.157	6.624E-19	9	961	970	3	973	985	21M2I26M3I14M1I4M1D31M1I33M2D3M1D15M2I6M11D17M1I16M12D10M8D3M7D7M4I30M2I6M18D19M3D64M13D35M7D14M1D79M1I48M29D18M1D12M3D28M5I10M2I14M4I10M17I6M3I13M1I6M5D4M8D17M57I6M1I44M5D11M2D59M3D22M13I4M4I5M5I6M6D17M1D11M
93	692	0.144	2.382E-15	11	694	970	13	801	803	32M3D7M10I33M1I12M1I38M3D3M4D15M2I4M1I13M2D29M4I6M2I6M20D32M3D8M6D20M1I37M3D20M1D25M100D35M6D92M9D24M6D61M5I17M17I6M18I23M1I7M2D16M
 87	6270	1.00	0.000E+00	0	769	770	0	769	770	770M
63	5508	0.904	0.000E+00	0	769	770	0	777	778	339M6D44M2D387M
20	4639	0.678	0.000E+00	0	769	770	0	771	772	104M1I165M2D11M1I50M3I35M1D278M4D122M
40	4634	0.656	0.000E+00	1	769	770	0	775	776	285M1I31M3D10M2D25M2D25M3I6M1D264M4D93M1D16M2I8M
88	4600	0.680	0.000E+00	0	769	770	0	769	770	104M1I165M2D13M4I44M3I50M2D260M4D99M2D17M2I8M
89	4559	0.654	0.000E+00	0	769	770	0	776	777	286M1I33M1I28M1D35M5D267M4D93M1D16M2I8M
7	4283	0.566	1.114E-100	0	769	770	1	852	857	277M4D8M2I43M32D2M13D8M7D28M10D104M1D86M1D27M1D34M2D12M1D18M3D91M5D12M4D18M
9	4098	0.689	2.704E-96	0	769	770	0	638	639	283M3I50M59I3M28I4M25I6M15I281M1I12M
1	3503	0.432	3.428E-82	5	758	770	3	786	787	98M1I164M2D13M6I22M4D18M1D47M2I8M3D8M1D22M1D126M1D13M4D6M2I30M1I54M3D51M1D12M7D5M11D27M3D18M
91	3472	0.406	1.861E-81	4	751	770	6	787	788	267M14D9M8I6M4D27M1D66M29D41M2I22M2I67M2D19M1I12M1D36M1D12M3I24M2D29M3I54M4D24M5I9M
37	3441	0.424	1.011E-80	6	761	770	2	822	829	11M2D84M1I60M1I108M15D12M4I7M1D19M3D19M37D24M10D29M11D168M4D37M1I15M3I18M2I22M2I86M4I19M
124	3416	0.442	3.955E-80	6	737	770	0	710	713	96M1I164M2D13M3D46M1D3M9D12M11I24M8I45M1I24M1I68M2D15M1I18M6D27M1D17M5D17M15I15M10I39M1I8M1I31M
36	3383	0.404	2.395E-79	5	760	770	1	821	829	11M2D86M1I59M1I108M15D12M4I42M32D3M9D24M13D14M8D183M4D28M2I6M1D13M7D23M7I16M7I84M4I18M
0	3353	0.415	1.231E-78	4	751	770	10	753	754	267M9D2M8I11M3I65M1D27M5D41M2I24M3I64M2D17M2I2M1D8M3D5M1I33M1D13M5D4M2I17M5I27M2I55M2D24M5I9M
97	3353	0.424	1.231E-78	5	751	770	24	785	786	267M8I4M4D11M3D42M8D16M3D4M1D10M12D20M4D41M2I23M3I65M2D17M2I2M1D11M1D31M2D6M1I10M6D19M8I23M2I8M2I36M1I17M2D21M5I9M
98	3347	0.398	1.708E-78	0	747	770	4	775	776	3M2D269M8I4M3D11M3D25M1D66M28D42M2I22M2I67M2D19M1I4M1D10M1I33M1D16M3I43M3I65M4D15M1I13M
120	3338	0.399	2.792E-78	0	752	770	0	763	764	102M3I166M8D10M7I46M1D40M7D16M19D2M19D163M7D31M3I12M10I7M11I19M7I3M4I33M3I40M1I3M1I10M
95	3332	0.404	3.874E-78	6	750	770	0	719	720	97M3I165M8D6M12I20M1I30M1D48M6D172M7D23M1I5M2I13M3I11M8I23M12I34M3I44M2I7M
100	3319	0.389	7.875E-78	6	747	770	3	804	806	97M1I166M2D27M20D13M15D16M11D102M2I91M2D18M1I11M4D5M5D29M5D18M1D30M2I11M4D6M8I2M1D36M2I11M1D22M1D7M4D8M
10	3301	0.406	2.103E-77	4	747	770	23	783	784	268M8I7M5D42M10D30M2D28M15D41M2I22M2I67M2D17M2I2M1D15M1D26M1D22M3I43M4I62M2D17M1I13M
128	3218	0.357	1.951E-75	1	738	770	0	867	876	107M1I169M4I7M73D37M5D16M3D48M32D39M2I37M1I54M2D16M1I18M7D24M4D8M1I10M6D30M2D10M11D11M2I5M1I34M2I43M
70	3166	0.365	3.332E-74	7	738	770	5	847	858	96M1I167M18D12M15D5M8D35M26D17M16D13M16D22M2D14M2D39M2I42M2I47M2D17M1I16M7D27M3D47M5D28M1I36M2I43M
52	3127	0.338	2.800E-73	5	754	770	3	912	913	98M1I167M18D29M17D66M12D7M22D17M84D38M2I42M2I47M2D17M1I16M7D27M3D48M5D27M1I36M2I38M1I20M
49	3120	0.358	4.103E-73	3	753	770	1	861	862	100M1I167M18D29M17D18M17D15M2D10M36D41M15D5M2D39M2I42M2I47M2D17M1I16M7D27M2D11M1D10M1D19M2D36M1D36M2I43M5I10M
16	3120	0.345	4.103E-73	4	739	770	36	973	978	99M1I166M17D11M71D22M1I21M15D3M41D5M23D11M5D10M10D36M1D38M2I42M2I47M2D17M1I14M3D4M3D29M2D17M4D28M14D64M2I43M
126	3117	0.364	4.832E-73	0	737	770	2	804	808	103M3I163M6I14M1I6M3D43M5D26M13D9M6D14M30D40M2I42M2I48M1D17M1I10M4D7M1D26M1I21M1D29M1I10M22D49M4I40M
131	3112	0.344	6.349E-73	7	738	770	5	888	896	96M1I166M1D10M7I14M2D48M37D15M9D10M7D9M18D6M59D39M2I42M2I47M2D18M1I10M2D5M5D27M2D19M18D27M6D26M2D4M3I34M2I42M
67	3112	0.326	6.349E-73	1	746	770	0	963	964	106M1I165M21D14M8D3M6D16M40D19M17D8M10D9M63D13M1D14M9D15M24D5M2D39M2I42M2I47M2D18M1I13M5D5M2D26M2D17M5D18M9D9M1I12M3D17M1I34M3D2M5I34M1I12M
117	3111	0.325	6.705E-73	0	764	770	0	1002	1003	102M1I165M10D6M11D8M22D24M33D22M73D21M18D14M19D3M3D23M2D40M2I40M1I51M2D15M1I14M4D3M3D30M4D15M48D17M3D39M2D38M2I41M5I5M7I10M
3	3106	0.353	8.808E-73	7	738	770	5	875	882	96M1I166M18D22M29D21M5D20M2D10M60D39M9D8M8D38M2I42M2I47M2D17M1I16M7D27M2D11M1D36M3D28M1D38M2I42M
48	3102	0.349	1.096E-72	3	745	770	1	898	899	100M1I167M18D12M89D28M7D5M2D17M10D29M8D25M14D2M2D39M2I42M2I47M2D17M1I16M7D30M3D18M2D91M2I38M1I11M
76	3101	0.341	1.157E-72	6	738	770	4	914	925	97M1I165M7D13M6I35M6D25M25D19M15D13M22D4M15D3M84D2M2D39M2I42M2I47M2D17M1I16M7D27M3D20M3D35M2D12M1I44M2I43M
54	3098	0.347	1.363E-72	3	749	770	1	922	923	100M1I167M18D35M10D23M13D17M5D27M1D6M23D7M96D3M2D39M2I42M2I47M2D17M1I16M7D27M3D47M5D28M1I36M2I38M1I15M
41	3098	0.342	1.363E-72	5	738	770	3	913	924	98M1I168M8I23M2D23M24D43M13D7M24D7M81D3M34D3M2D39M2I42M2I47M2D17M1I16M7D27M3D22M3I22M5D28M1I36M2I43M
113	3094	0.350	1.696E-72	3	738	770	1	903	915	100M1I167M18D12M93D15M1D16M11D12M3D8M1D16M14D10M5D24M18D6M2D38M2I42M2I47M2D17M1I16M7D31M2D7M1D41M3D15M6I39M2I43M
15	3094	0.337	1.696E-72	0	739	770	35	978	983	8M1I94M1I169M17D10M4I7M14D14M9D4M30D19M25D2M4D7M2D15M42D21M22D12M22D40M2I42M2I47M2D18M1I13M6D33M2D15M9D9M9D50M2D35M2I43M
13	3085	0.343	2.771E-72	3	751	770	1	893	894	100M1I167M9D9M8I34M6D5M10D44M24D9M73D9M25D39M2I42M2I47M2D17M1I16M7D27M3D61M4D51M2I38M1I7M2I8M
50	3084	0.352	2.927E-72	3	738	770	1	897	906	100M1I167M18D50M4D20M28D6M20D29M9D8M72D5M2D39M2I42M2I47M2D17M1I16M7D27M3D47M5D25M1I39M2I43M
111	3083	0.326	3.091E-72	7	749	770	5	937	938	100M1I162M1D10M7I14M2D31M16D5M2D3M25D25M63D6M44D9M24D9M2D39M2I42M2I47M2D18M1I10M2D5M5D27M2D19M17D52M3D5M1I36M2I42M4I7M
44	3080	0.348	3.640E-72	3	753	770	1	885	886	100M1I166M3D11M8I12M2D25M25D40M12D7M80D12M15D4M2D39M2I42M2I47M2D17M1I11M2D7M5D21M3D51M3D14M1D51M2I43M5I10M
29	3080	0.323	3.640E-72	7	749	770	5	969	970	100M1I165M17D10M4I6M35D19M22D8M13D27M9D25M3D7M24D6M82D4M2D39M2I42M2I47M2D18M1I13M4D3M3D26M2D19M5D12M3D7M5D18M5D19M2D37M2I42M5I2M1D5M
33	3080	0.328	3.640E-72	7	750	770	5	969	970	100M1I165M17D10M4I6M35D21M83D11M17D2M3D19M32D27M9D11M9D5M2D39M2I42M2I47M2D18M1I13M7D29M2D21M4D8M1D2M3D7M5D18M5D20M2D36M2I42M5I8M
61	3078	0.334	4.060E-72	6	738	770	4	925	933	97M1I166M1D10M7I14M2D48M37D11M60D12M5D10M50D8M18D38M2I42M2I47M2D17M1I14M4D3M3D26M2D21M4D5M10D18M12D25M3I4M3I33M2I43M
71	3078	0.350	4.060E-72	9	738	770	19	923	934	94M1I167M18D35M10D28M12D12M5D27M1D6M23D10M98D39M2I42M2I47M2D17M1I16M7D27M3D47M5D30M1I34M2I43M
69	3077	0.337	4.288E-72	5	738	770	3	913	924	98M1I167M18D14M35D3M60D17M9D28M17D22M2D5M6D12M4D18M18D38M2I42M2I47M2D17M1I16M7D27M3D19M10D51M6I36M2I43M
6	3077	0.326	4.288E-72	7	746	770	5	969	970	100M1I165M17D10M4I6M35D19M3D16M11D8M19D9M11D27M3D9M56D11M52D36M2I42M2I47M2D18M1I10M2D7M5D25M2D19M5D12M3D7M5D18M5D23M2D33M2I41M1I9M
109	3076	0.332	4.529E-72	3	738	770	1	909	915	100M1I168M7D10M6I35M6D17M32D7M33D28M60D15M38D38M2I42M2I47M2D17M1I16M7D27M3D18M6D25M1I23M6I39M2I43M
56	3076	0.336	4.529E-72	5	753	770	3	930	931	98M1I167M18D35M8D11M3D18M8D31M12D9M9D9M26D5M92D39M2I42M2I47M2D17M1I16M7D27M3D19M3D38M1D55M2I42M5I11M
116	3074	0.354	5.051E-72	5	738	770	3	885	893	98M1I167M18D13M35D4M12D13M39D8M13D17M5D6M19D12M1D26M1D15M1D5M2D38M2I42M2I47M2D17M1I11M2D7M5D25M2D11M1D64M2I15M1D19M6I1M4D39M
45	3073	0.342	5.334E-72	3	746	770	1	926	927	100M1I167M18D12M77D41M12D3M11D14M2D32M7D10M2D2M41D4M2D39M2I42M2I47M2D17M1I16M7D27M3D47M5D27M1I37M2I42M2D9M
27	3073	0.322	5.334E-72	7	749	770	5	969	970	100M1I162M1D10M7I14M2D31M16D5M31D10M49D25M3D7M24D13M84D36M2I42M2I47M2D18M1I10M2D7M5D25M2D19M5D12M3D9M5D16M5D17M2D39M2I43M4I7M
62	3071	0.325	5.950E-72	7	749	770	5	930	931	100M1I173M6I14M2D25M57D5M35D14M46D14M12D16M9D16M11D37M2I42M2I47M2D18M1I10M2D7M5D25M2D19M5D11M16D46M3I33M2I43M4I7M
105	3069	0.315	6.636E-72	7	738	770	5	955	963	96M1I166M17D13M4I5M32D29M40D26M8D23M9D10M67D10M34D38M2I42M2I47M2D20M1I11M7D29M2D19M20D50M7I36M2I43M
47	3065	0.364	8.255E-72	6	738	770	4	808	820	97M1I167M18D12M35D6M5D22M7D44M18D33M3D40M2I42M2I47M2D18M1I15M7D23M3D23M7I5M11I70M2I43M
78	3064	0.341	8.718E-72	3	750	770	1	939	940	100M1I166M1I12M4I16M1D22M26D7M33D2M37D4M27D20M30D12M24D21M6D37M2I42M2I47M2D17M1I14M7D29M2D11M1D9M4D12M4D12M6D68M2I42M6I7M
85	3064	0.325	8.718E-72	7	749	770	5	969	970	100M1I162M1D10M7I14M2D31M16D4M69D10M11D26M3D8M56D12M52D36M2I42M2I47M2D18M1I23M7D19M2D19M5D12M3D7M5D18M5D15M5D5M3I33M2I43M4I7M
94	3063	0.324	9.207E-72	3	750	770	1	923	924	104M1I164M21D15M14D22M17D35M16D12M28D15M49D19M18D38M2I42M2I47M2D17M1I11M2D5M5D27M2D21M4D5M10D11M3D38M3I34M2I43M5I7M
30	3063	0.319	9.207E-72	7	749	770	5	971	972	100M1I165M17D19M28D40M38D15M11D14M41D8M58D22M12D37M2I42M2I47M2D18M1I10M2D5M5D27M2D19M5D11M3D9M5D17M5D15M2D41M2I43M4I7M
25	3060	0.319	1.084E-71	7	749	770	5	969	970	100M1I165M17D10M4I6M35D19M22D8M13D27M9D25M3D7M24D13M84D36M2I42M2I47M2D18M1I13M4D3M3D26M2D19M7D11M1D8M4D12M9D26M1I35M2I42M5I2M1D5M
22	3056	0.323	1.349E-71	4	750	770	2	957	958	103M1I165M17D19M20D41M36D17M11D27M20D5M5D10M83D36M2I42M2I47M2D18M1I23M7D19M2D19M18D22M8D28M7I36M2I42M5I8M
57	3055	0.345	1.425E-71	5	738	770	3	919	931	98M1I165M3D12M8I21M5D12M22D20M2D4M10D16M31D11M13D6M54D13M43D36M2I42M2I47M2D17M1I16M7D23M3D51M3D19M1D46M2I43M
72	3055	0.331	1.425E-71	7	738	770	5	951	958	95M1I180M6I18M2D20M27D2M1D11M14D25M47D8M101D17M10D38M2I42M2I47M2D20M1I11M5D4M1D25M2D19M5D6M7D18M3D36M2D31M2I45M
26	3054	0.321	1.505E-71	7	749	770	5	969	970	100M1I165M17D10M4I6M35D21M35D33M9D25M3D9M56D11M52D36M2I42M2I47M2D18M1I13M4D3M3D26M2D19M5D12M3D7M5D18M5D23M2D33M2I42M5I2M1D5M
31	3054	0.322	1.505E-71	7	749	770	5	969	970	100M1I165M17D10M4I6M35D19M22D19M31D8M26D16M11D20M11D16M54D37M2I42M2I47M2D18M1I13M4D3M3D26M2D22M5D9M3D7M5D18M5D15M3D5M1I35M2I42M5I2M1D5M
106	3054	0.322	1.505E-71	7	736	770	5	960	970	100M1I165M17D10M4I6M35D19M22D11M13D24M9D25M34D5M23D14M54D37M2I42M2I47M2D18M1I23M7D19M2D18M13D38M5D19M2D37M2I41M
119	3052	0.315	1.678E-71	3	749	770	1	967	968	104M1I165M6D26M19D34M56D14M11D23M90D5M9D9M9D5M2D39M2I42M2I47M2D18M1I10M2D7M5D25M2D21M4D8M18D47M3I33M2I43M4I7M
86	3051	0.320	1.772E-71	7	749	770	5	969	970	100M1I165M17D10M4I6M35D19M22D11M13D24M9D25M3D9M24D11M84D36M2I42M2I47M2D18M1I13M4D3M3D26M2D18M13D38M5D19M2D37M2I43M4I7M
28	3051	0.324	1.772E-71	7	749	770	5	970	971	100M1I165M17D10M4I6M35D21M42D17M12D8M49D11M22D12M26D22M3D5M2D39M2I42M2I47M2D18M1I23M7D19M2D19M7D11M1D8M5D18M5D18M3D2M1I35M2I43M4I7M
112	3051	0.319	1.772E-71	3	749	770	1	970	971	104M1I173M6I14M2D36M14D3M29D18M55D14M34D18M76D38M2I42M2I47M2D18M1I10M2D7M5D25M2D19M5D7M9D24M7D26M1I39M2I39M4I7M
35	3050	0.334	1.872E-71	3	738	770	1	918	929	100M1I167M42D10M57D16M17D12M13D12M2D18M3D20M35D16M1D14M3D39M2I42M2I47M2D17M1I16M7D27M3D21M6D46M1I44M2I43M
75	3050	0.321	1.872E-71	7	750	770	5	969	970	96M1I169M17D10M4I5M33D4M1D21M74D11M32D8M30D37M6D19M14D36M2I42M2I47M2D17M1I11M2D11M5D21M2D20M5D17M7D13M1D6M9D18M2I36M2I42M5I8M
8	3049	0.300	1.977E-71	0	751	770	0	1015	1016	102M1I167M10D2M21D13M18D14M17D22M8D15M7D23M6D8M57D22M76D40M2I28M1D8M1I55M2D15M1I14M3D4M4D19M3D25M22D24M3D32M17D41M2I39M4I9M
34	3048	0.325	2.088E-71	7	736	770	5	960	970	100M1I165M17D10M4I6M35D19M22D24M11D10M11D26M3D9M24D11M84D36M2I42M2I47M2D18M1I23M7D19M2D19M13D37M5D15M2D42M2I40M
24	3047	0.326	2.205E-71	7	750	770	5	969	970	100M1I165M17D10M4I6M35D21M51D17M2D8M82D34M9D11M9D5M2D39M2I42M2I47M2D18M1I23M7D19M2D21M4D10M4D7M5D18M5D15M3D5M1I35M2I42M5I8M
42	3042	0.335	2.896E-71	6	737	770	4	925	933	97M1I169M21D10M86D53M5D29M55D5M4D20M1D38M2I42M2I47M2D17M1I14M7D29M3D18M8D4M7D21M1I68M2I42M
107	3041	0.319	3.059E-71	7	749	770	5	968	969	100M1I162M17D22M31D20M3D7M33D12M17D6M1D12M62D21M28D19M11D39M2I42M2I47M2D18M1I10M2D7M5D25M2D20M5D58M14D34M2I43M4I7M
46	3039	0.335	3.412E-71	3	738	770	1	914	926	100M1I167M18D35M10D16M9D44M12D7M65D11M46D5M2D39M2I42M2I47M2D17M1I16M7D27M3D19M1I32M2D25M1I34M2I20M12D23M
51	3038	0.340	3.603E-71	7	738	770	5	920	932	96M1I167M18D21M45D22M4D29M3D16M7D13M3D3M48D10M46D4M2D39M2I42M2I47M2D17M1I16M7D27M3D44M5D31M1I36M2I43M
38	3038	0.321	3.603E-71	7	749	770	5	968	969	100M1I162M1D10M7I14M2D31M60D21M36D22M22D7M5D10M83D36M2I42M2I47M2D18M1I10M2D7M5D25M2D19M4D8M9D29M5D15M5D5M3I33M2I42M5I2M1D5M
108	3037	0.334	3.805E-71	7	749	770	5	927	928	100M1I165M21D13M8D7M18D22M55D11M23D22M3D5M3D2M2D15M15D17M18D38M1D2M3I42M2I47M2D18M1I10M2D7M5D25M2D19M15D29M7D21M7I36M2I43M4I7M
127	3034	0.325	4.482E-71	4	738	770	45	1006	1013	98M1I167M1I12M5I19M30D6M47D17M11D29M14D14M69D17M43D37M2I43M2I47M2D20M1I11M4D5M2D24M2D19M19D16M1D41M3I31M2I45M
115	3032	0.316	4.999E-71	6	738	770	4	975	982	97M1I169M21D14M29D26M26D3M84D34M19D10M12D13M9D17M12D38M2I42M2I47M2D17M1I11M2D6M4D8M1D18M3D19M4D6M15D21M5D31M1I33M3D2M5I39M
39	3030	0.317	5.576E-71	7	749	770	5	964	965	100M1I165M21D15M44D26M9D13M9D20M11D23M1D9M26D13M79D36M2I42M2I47M2D18M1I10M2D7M5D25M2D19M5D11M16D46M3I33M2I42M5I2M1D5M
43	3025	0.339	7.325E-71	5	749	770	3	930	931	98M1I167M18D14M55D16M15D23M6D8M17D8M27D10M15D7M1D16M4D16M18D39M2I42M2I47M2D17M1I16M7D27M3D45M3D10M2D20M1I36M2I38M1I15M
53	3023	0.325	8.170E-71	7	750	770	5	963	964	100M1I165M17D19M29D4M1D12M3D6M83D11M14D6M6D2M15D22M1D37M28D36M2I42M2I47M2D17M1I24M7D19M2D19M14D13M1D22M6D22M1I35M2I42M5I8M
130	3023	0.327	8.170E-71	7	737	770	5	975	983	96M1I169M17D11M4I6M55D12M41D16M42D11M47D23M11D23M3D10M4D39M2I42M2I47M2D17M1I11M2D7M5D25M3D44M12D10M8D58M2I42M
77	3022	0.339	8.628E-71	5	738	770	3	911	925	98M1I166M18D13M6I6M27D11M36D17M18D27M20D8M4D11M21D20M31D39M2I42M2I47M2D17M1I14M7D29M3D50M4D24M2I36M2I43M
5	3017	0.322	1.134E-70	7	749	770	5	969	970	100M1I165M17D10M4I6M35D17M41D21M12D8M7D11M64D12M26D28M5D38M2I42M2I47M2D18M1I13M4D3M3D26M2D19M7D11M1D8M5D18M5D23M2D33M2I42M5I2M1D5M
118	3007	0.318	1.956E-70	3	738	770	1	971	978	104M1I162M2D11M8I18M30D6M47D10M1D26M5D16M19D11M56D14M56D38M2I42M2I47M2D17M1I11M2D8M4D16M2D8M2D18M14D26M7D35M2D37M2I39M
64	3006	0.308	2.066E-70	7	749	770	5	967	968	96M1I169M6D26M19D41M14D25M3D26M41D1M118D36M2I42M2I47M2D18M1I13M7D29M2D18M14D29M7D29M1I35M2I43M4I7M
59	3006	0.320	2.066E-70	7	737	770	5	971	982	2M1D94M1I177M6I14M5D25M3I33M36D10M49D4M1D9M133D3M11D40M2I42M2I47M2D17M1I13M6D34M2D7M1D8M2D31M4D62M2I42M
66	3003	0.329	2.434E-70	5	746	770	3	922	923	79M1D19M1I179M5I13M1I7M2D16M26D40M28D8M57D6M54D49M2I42M2I47M2D17M1I14M3D4M4D25M3D19M11D34M3D59M2I38M1I7M1I4M
82	3003	0.355	2.434E-70	7	737	770	30	939	947	2M1D94M1I167M18D13M50D10M2D4M7D12M12D15M11D8M38D7M4D44M8D5M21D39M2I42M2I47M2D17M1I16M7D30M3D18M1D18M1I20M3D52M2I42M
122	3003	0.328	2.434E-70	9	752	770	6	972	1001	93M1I170M26D7M34D7M25D27M4D39M1I24M32D13M37D37M2I43M1I47M2D17M1I14M7D33M3D3M1D12M26D10M26D19M17D64M2I25M3D5M1I4M11I11M
23	2987	0.344	5.828E-70	5	737	770	3	927	935	98M1I166M2D11M7I21M1D17M65D12M52D19M26D13M26D3M6D17M3D38M2I42M2I47M2D17M1I14M3D3M4D26M3D20M5D6M2D22M4D12M3D52M2I42M
58	2969	0.349	1.556E-69	3	749	770	1	888	889	100M1I167M18D35M10D28M12D12M5D27M1D6M77D11M18D38M2I42M2I47M2D17M1I16M7D27M2D11M1D4M3D27M5I30M1I34M2I38M1I15M
74	2966	0.320	1.833E-69	9	733	770	1	924	926	94M1I167M17D12M6I5M53D8M19D25M34D12M31D28M27D23M10D38M2I42M2I49M2D15M1I11M2D8M3D28M1D15M8D6M10D44M3I4M3I33M2I24M2D14M
2	2963	0.352	2.160E-69	0	739	770	3	774	781	103M2I59M1I107M12D11M4I52M14D50M4D40M1I32M1D60M3D8M13D21M2I30M3D7M4D14M4I22M4I14M13I39M1D7M5D8M3D25M
102	2957	0.324	2.996E-69	0	738	770	0	956	964	4M2I101M1I165M21D14M8D3M16D10M4D14M26D11M17D7M21D5M66D44M3D7M14D40M2I42M2I47M2D17M2I2M1D8M2D7M5D32M2D12M5D7M2D6M1D6M11D9M2D65M2I43M
96	2955	0.333	3.342E-69	6	737	770	37	933	948	29M2I2M3I59M1I169M15D12M5I6M7D31M12D7M2D23M1D14M5D15M123D8M15D37M2I21M4I66M1D16M3I1M2D10M4D11M2D28M3D12M6I17M2D35M1I32M2I42M
83	2946	0.340	5.461E-69	0	737	770	22	939	947	9M1D94M1I166M11I6M6D26M1D16M15D14M22D17M1D5M67D12M44D11M27D40M2I42M2I47M2D17M1I16M7D27M3D21M4D22M1I68M2I42M
101	2941	0.322	7.175E-69	0	739	770	15	931	936	3M2I103M1I159M2D5M15D7M14D4M70D14M17D10M5D8M3D77M26D36M2I26M2D15M2I47M2D20M1I11M11D4M7D29M4D3M1I17M3D7M1I47M7D31M2I38M1D7M
68	2939	0.323	8.002E-69	2	738	770	5	894	901	11M10I7M2I70M1I180M6I37M1I25M2D10M44D4M18D19M39D3M49D40M2I42M2I47M2D20M1I11M3D4M3D25M2D19M1D3M4D4M7D15M4D38M2D31M2I45M
92	2918	0.295	2.518E-68	6	739	770	0	1078	1084	97M1I167M3D2M21D14M31D8M39D27M16D6M45D7M19D15M9D25M4D8M20D8M46D37M2I91M2D17M1I14M3D5M4D26M2D14M25D10M4D26M19D15M40D9M1I33M1I6M1I40M
121	2903	0.451	5.708E-68	12	627	770	0	617	619	95M1I164M5D1M7I37M15I7M1I19M11D16M3D17M7D23M1D127M1D11M4D8M2I20M1I21M4I6M1D13M
65	2894	0.319	9.329E-68	9	737	770	2	868	879	94M1I166M17D9M26D11M1D23M3D14M18D22M13D5M63D3M16D16M12D17M12D38M2I42M2I47M2D17M1I14M3D6M3D26M6I3M22I8M13I19M2I37M2I41M
73	2892	0.328	1.040E-67	25	738	770	2	926	933	78M1I177M6I23M6D12M3D4M6D14M29D25M49D13M56D4M36D8M10D38M2I42M2I47M2D18M1I13M6D29M1D19M6D12M10D16M5D63M2I45M
125	2886	0.338	1.444E-67	6	737	770	26	808	813	97M1I170M8I13M2D18M11D11M31D18M13D39M16D9M9D38M2I24M6I5M9I47M2D18M1I17M7D25M1D19M5I5M10I8M1I33M4D34M2I15M1D1M1I22M
60	2864	0.294	4.796E-67	6	749	770	0	993	994	11M2D14M10D9M3D63M1I177M6I14M5D25M142D19M20D33M28D14M32D36M2I42M2I47M2D17M1I13M6D32M3D16M5D41M7D21M1D32M2I43M2I9M
12	2846	0.407	1.281E-66	6	650	770	1	674	675	93M1I171M4D13M3I54M18D25M13D21M9D30M1I38M4I96M1D26M3I19M4I43M
55	2821	0.316	5.013E-66	7	753	770	5	892	893	95M1I14M1I163M8I13M5D24M26D13M15D27M12D7M72D13M13D6M39D36M2I42M2I10M1I36M2D10M1I6M1I14M5D14M15I3M1D10M2I54M7I40M2I9M1I28M5I11M
114	2788	0.293	3.036E-65	6	739	770	4	924	929	102M1I109M1D51M12D14M4I2M45D23M13D26M43D8M39D3M18D42M5D38M2I25M2D16M2I49M2D13M13I6M17D30M3D16M7D51M3I6M6D1M1D32M2I44M
18	2786	0.264	3.386E-65	6	739	770	0	1243	1248	102M1I163M44D10M13D9M47D21M3D5M4D34M49D23M21D6M68D11M16D37M2I23M1D2M2I14M1I49M2D18M1I11M2D6M5D29M2D15M53D16M181D24M8D51M1I6M1I40M
21	2742	0.376	3.738E-64	5	600	770	2	696	745	97M1I114M1D54M18D14M2I29M9D6M1D12M12D13M17D16M5D9M18D7M18D49M2I93M2D16M1I8M1I4M6D29M1I18M
104	2715	0.311	1.632E-63	7	750	770	5	937	938	38M32I30M1I165M17D10M4I6M51D7M16D11M9D9M59D7M3D6M32D40M9D11M9D6M2D38M2I42M2I47M2D17M1I14M3D2M4D27M2D19M5D12M3D7M5D18M5D19M2D37M2I43M5I7M
14	2713	0.343	1.820E-63	5	738	770	83	882	886	98M1I9M25I4M3I72M1D54M10I35M5D11M10D12M72D15M2D6M2D8M21D11M3D4M11D45M2I91M2D17M3I1M2D11M5D5M1D7M1D18M5D5M4I9M20I27M7I40M2I42M
32	2713	0.312	1.820E-63	44	749	770	1	928	929	63M1I165M17D6M75D9M9D49M65D11M17D27M9D16M11D37M2I42M2I47M2D18M1I10M2D7M5D25M2D19M5D12M3D7M5D18M5D15M5D5M3I33M2I43M4I7M
80	2680	0.305	1.102E-62	44	736	770	1	922	931	58M1I167M3D10M9I23M81D16M7D36M14D14M68D14M45D36M2I42M2I47M2D17M1I14M3D6M3D23M2D19M16D60M2D31M2I43M
84	2659	0.313	3.467E-62	53	735	770	4	919	929	49M1I170M17D10M6I8M15D16M45D20M18D6M7D39M68D14M50D36M2I42M2I47M2D17M1I12M2D8M4D23M2D38M12D15M6D22M1I34M2I42M
79	2657	0.324	3.867E-62	56	745	770	2	888	889	47M1I165M2D12M7I15M1D24M4D16M107D5M5D7M37D19M24D15M7D39M2I42M2I47M2D17M1I14M7D29M2D11M1D8M15D26M1D29M2I36M2I38M1I11M
11	2635	0.428	1.285E-61	3	625	770	1	591	596	41M32I27M1I171M4I13M1D29M6I56M1I8M11D23M1D127M1D10M3D11M1I19M1I20M3I19M
103	2512	0.304	1.057E-58	28	738	770	0	879	886	49M4I8M5I11M3I162M23D9M28D40M2D18M28D31M43D24M38D36M2I93M2D15M2I2M1D11M7D29M4D9M1I21M13D45M1I39M2I39M
81	2435	0.289	7.068E-57	41	769	770	7	879	885	66M1I162M1D10M7I14M2D31M16D5M41D12M39D26M21D7M5D10M83D36M2I42M2I47M2D17M1I11M2D7M5D25M2D37M5I2M4I22M7I10M26I3M24I18M4D30M
110	2414	0.302	2.224E-56	92	749	770	0	879	880	15M1I165M17D10M4I6M35D19M22D11M13D24M9D25M3D7M24D13M84D36M2I42M2I47M2D17M1I11M2D7M5D25M2D19M5D12M3D7M5D18M5D19M2D37M2I43M4I7M
123	2168	0.340	1.506E-50	46	568	770	0	713	715	57M1I171M13D13M51D21M3D6M7D28M9D12M3D12M26D21M73D40M2I42M2I47M2D32M8D11M1D5M
19	1897	0.248	3.993E-44	6	734	770	11	724	735	28M1D15M4D6M2I38M1I11M2I42M1D11M5D4M8D21M1I2M3D28M2I16M4D39M2I31M2I17M5I8M3I21M1I11M2I11M2I12M2D6M2D19M2I29M1I11M1I9M2D42M2D16M1I10M2D11M9D22M6D10M4I4M1I16M5I23M16I7M1D18M11I9M1D7M1I20M
90	1570	0.193	2.249E-36	9	738	770	7	692	697	25M1I12M5I51M2I44M5D17M1I21M1I24M16I5M3D39M7I4M20D32M5I4M9I28M8I53M2I5M3I7M2D6M1I8M2D13M5D7M2I35M4D9M1I16M1D12M2D6M6I21M1I4M3I33M10I29M4I3M1I10M1D18M1I5M1D34M
4	1513	0.202	5.047E-35	6	736	770	3	683	688	45M4I48M2I41M3D6M2D14M1I21M1I23M4D10M12I43M3D34M1D12M10D20M1D14M5D37M1I5M3D12M1I4M1D11M5I11M3D2M1D8M2I10M7D3M6I7M5D31M4D8M1I16M1D21M5I24M2D6M30I2M34I9M4D12M7I11M1I19M3D18M
129	1383	0.198	6.087E-32	14	735	770	0	653	656	5M2D13M1I12M35I3M2D4M1D20M2I40M5D17M1I21M1I24M16I5M3D36M11D13M10D15M6I13M2I6M11I14M8I9M11I17M4D28M3I5M2I7M2D6M1D11M1D7M3D8M2I2M1D36M4D9M1I16M1D15M1I12M3I14M1I5M3I4M1D4M2I37M1I17M4I8M4I4M4I18M1I5M1D9M1D12M4D10M
99	1181	0.230	3.735E-27	0	477	770	6	448	450	5M4D28M1I14M5I50M2I42M3D3M1D14M1I23M1I32M2I7M8I60M4I16M7I18M1D24M12I49M5I9M3D4M1D32M
17	694	0.155	1.305E-15	11	768	770	3	687	985	21M2I12M1D9M4I18M1I4M1D20M1D4M3I39M3D24M9D19M1I18M12D7M1D15M10D31M2I6M25D34M2D101M2D11M6I13M3I22M2D14M6I2M44I3M7I5M6I13M23I48M2D20M2I23M4I7M3I4M9I17M20I19M2D9M
93	671	0.187	4.577E-15	13	395	770	13	391	803	34M7I52M3I40M7D14M3I20M2D26M1I1M11D5M8D11M4I29M2I18M7I10M1I38M3I13M1I40M
 