13	6662	1.00	0.000E+00	0	893	894	0	893	894	894M
56	5838	0.844	0.000E+00	0	893	894	0	930	931	325M2I16M5D68M3D28M10D26M6D1M1D22M6D23M8D383M
51	5763	0.831	0.000E+00	0	889	894	0	926	932	338M3D73M3D30M9D22M7D14M1D13M6D21M8D379M
54	5751	0.825	0.000E+00	0	893	894	0	922	923	345M7D40M2I24M3D30M9D36M1D10M3D22M8D385M
76	5694	0.812	0.000E+00	0	893	894	0	924	925	345M4D38M1I27M3D30M10D16M7D20M1D12M1I26M8D378M
3	5678	0.823	0.000E+00	0	889	894	0	881	882	324M2I9M2I3M8I64M3D24M9D29M2D22M7I19M3I374M
71	5667	0.821	0.000E+00	4	893	894	16	933	934	341M6D40M2I24M3D30M9D36M1D10M3D22M8D385M
50	5660	0.811	0.000E+00	0	891	894	0	905	906	345M5D40M2I24M3D25M4I37M1D10M3D24M8D381M
43	5647	0.813	0.000E+00	0	893	894	0	930	931	343M5D47M1I23M3D21M1D6M9D22M7D14M1D10M4D24M8D383M
45	5641	0.815	0.000E+00	0	893	894	0	926	927	345M6D40M2I24M3D30M9D6M5D30M1D10M3D22M8D385M
49	5635	0.814	0.000E+00	0	893	894	0	861	862	324M2I9M2I3M8I64M3D21M15I17M2D22M7I19M3I378M
52	5623	0.807	0.000E+00	0	893	894	0	907	913	323M2I10M2I8M5D67M3D28M6D25M2D18M6I27M8D378M
44	5612	0.810	0.000E+00	0	893	894	0	885	886	327M2I6M2I3M8I64M3D24M9D29M2D22M7I19M3I378M
35	5607	0.805	0.000E+00	0	893	894	0	928	929	332M1D13M5D45M1I19M3D28M7D19M4D21M1D9M6D24M8D251M1D132M
41	5601	0.790	0.000E+00	0	893	894	0	923	924	292M3I50M4D66M2D28M9D24M7D14M1D11M5D13M8D250M3I140M
46	5588	0.803	0.000E+00	0	886	894	0	917	926	342M3D69M3D24M2D42M1D13M6D21M8D240M4I105M12D27M
69	5549	0.792	0.000E+00	0	893	894	0	923	924	338M1I2M4I44M2I22M3D21M11D26M8D17M1D12M6D23M8D234M6D6M1I4M5I132M
70	5467	0.769	0.000E+00	0	893	894	0	857	858	307M15D6M34I38M2I24M3D22M30I14M1D10M3D22M8D385M
109	5461	0.796	0.000E+00	0	888	894	0	914	915	345M5D66M3D25M10D24M8D17M1D12M1I24M5D249M1I34M4I87M
113	5407	0.778	0.000E+00	0	892	894	0	914	915	350M1I60M3D23M1D7M9D19M3D17M1D13M3D10M8D252M3I41M4I88M2D5M
57	5402	0.786	0.000E+00	0	893	894	0	929	931	303M1I41M6D66M3D10M1D13M1D7M9D24M1D1M6D11M1D16M3D24M6D377M
77	5340	0.751	0.000E+00	0	893	894	0	923	925	340M6D38M1I33M3D39M17D27M1D6M4I21M8D243M2I135M2D5M
58	5338	0.797	0.000E+00	0	893	894	0	888	889	345M6D40M2I25M7I20M7I31M1D10M3D22M8D231M7I147M
48	5292	0.754	0.000E+00	0	889	894	0	898	899	302M2I44M1D34M4I25M7D18M2D11M4D26M3D11M1D11M3I20M2D242M3I41M1D93M
83	5281	0.758	0.000E+00	7	889	894	32	946	947	295M2I6M1D73M1D28M7D23M1D6M9D12M7D25M1D9M6D15M3D7M1I244M3I40M2D94M
116	5279	0.765	0.000E+00	0	890	894	0	892	893	356M3I25M4I23M3D36M10D18M1D13M3I13M3D258M3I27M1D14M4I21M1D70M
82	5199	0.737	0.000E+00	5	889	894	30	946	947	2M1D299M1D43M1D33M1D29M7D23M1D6M9D12M7D25M1D13M3D12M3D14M2I228M2D5M5I40M2D94M
47	5124	0.746	0.000E+00	0	886	894	0	811	820	345M2D45M1I19M27I9M1D18M24I5M3I21M1I259M22I88M
78	4936	0.683	0.000E+00	0	889	894	0	939	940	294M1I43M4D42M1I25M1I5M7D22M6D8M2D24M7D12M7D18M4D31M6D218M4D5M4D47M2D93M
42	4918	0.682	0.000E+00	0	889	894	0	932	933	268M5I8M5D13M2I50M2I32M1I25M1I5M7D28M8D12M7D31M4D4M3D18M13D17M3I224M2D9M6D38M2D94M
23	4815	0.676	0.000E+00	0	889	894	0	934	935	294M1I51M2I32M1I25M1I5M7D28M8D12M7D19M1D13M2D2M4D24M11D254M8D32M2D94M
55	4808	0.696	0.000E+00	0	893	894	0	892	893	112M1I232M6D21M2I44M3D36M13D20M4I6M1D9M3D6M15D122M1I49M1I44M32I112M1I39M
66	4675	0.647	0.000E+00	0	889	894	0	922	923	82M1D212M1I30M3I6M7I39M1I26M1I4M7D35M8D20M10D19M1D19M10D17M1I223M6D10M2D40M2D94M
130	4674	0.617	0.000E+00	0	889	894	0	982	983	275M1I21M3D35M7D46M3D14M2I12M10D12M10D18M1D8M9D30M14D4M1D26M12D5M10D252M14D33M2D96M
79	4381	0.664	3.600E-101	53	889	894	1	888	889	241M1I43M4D42M1I25M1I5M7D22M8D18M7D25M1D8M6D11M4D8M3D5M3D16M1D219M8D52M2D94M
115	4368	0.551	7.228E-101	0	889	894	0	981	982	275M1I18M3D38M7D50M1D30M13D11M3D18M7D10M2D5M10D20M17D14M1D30M10D250M16D18M3D102M
39	4352	0.507	1.704E-100	0	890	894	0	964	965	275M2I3M1D42M3I37M9D40M5D58M23D11M11D17M11D8M1D18M5D217M1I27M14D132M
118	4339	0.529	3.422E-100	0	889	894	0	977	978	265M5I12M4D44M6D36M1I50M3D10M18D12M10D31M8D23M1D3M25D197M2D4M3I14M2D21M1I25M15D20M3D22M1D91M
30	4338	0.504	3.610E-100	0	890	894	0	971	972	275M2I3M1D43M3I36M9D40M17D8M8D8M12D12M16D35M3I29M5D16M6D218M1I21M15D32M1D106M
33	4330	0.505	5.544E-100	0	893	894	0	969	970	275M2I3M1D43M3I36M7D41M19D30M9D22M3D18M9D5M1D28M13D12M7D213M1I21M1D4M14D41M1D85M3I8M
111	4329	0.526	5.849E-100	0	890	894	0	937	938	275M2I3M1D43M3I10M2I7M1D5M3D12M7D40M5D3M1D18M14D63M2D10M1D22M5D213M1I19M14D35M1D105M
112	4311	0.507	1.535E-99	0	890	894	0	970	971	275M2I3M1D43M3I36M9D40M17D9M17D8M3D14M7D15M3D7M4D26M3D15M1D18M5D216M1I14M14D24M1D30M1D92M
59	4296	0.536	3.432E-99	0	892	894	0	981	982	6M1D259M10I5M9D25M3D29M7D47M1D29M20D25M4D13M9D40M7D2M25D18M12D185M1I54M1I8M1D33M2D103M
61	4287	0.518	5.560E-99	0	890	894	0	932	933	266M5I9M4D44M7D38M1I39M5D13M8D24M14D23M2D44M7I218M1I21M15D33M1D105M
62	4286	0.517	5.866E-99	0	890	894	0	930	931	275M2I3M1D46M7D36M1I39M5D24M20D29M2D7M2D44M7I218M1I21M1I9M15D128M
38	4286	0.504	5.866E-99	0	890	894	0	968	969	275M2I3M1D43M3I36M9D40M17D28M34D31M2D8M3D21M2D241M1I21M1D3M14D39M1D96M
28	4283	0.509	6.889E-99	0	890	894	0	970	971	275M2I3M1D43M3I14M1I8M9D54M19D49M21D25M4D21M12D16M5D217M1I21M2D9M13D23M1D106M
67	4279	0.510	8.537E-99	5	890	894	6	963	964	260M5I12M4D42M6D38M1I48M45D7M17D14M1D33M2D46M7I213M1I21M1I12M8D8M3D24M1D93M
27	4275	0.504	1.058E-98	0	890	894	0	969	970	275M2I3M1D43M3I36M7D41M45D22M8D57M2D14M1D22M5D213M1I21M4D10M11D35M1D93M
119	4274	0.503	1.116E-98	0	890	894	0	967	968	275M2I3M1D42M3I37M9D20M2I18M5D47M26D24M15D13M8D10M1D18M5D217M1I27M14D39M1D93M
127	4273	0.525	1.178E-98	0	889	894	43	1012	1013	266M5I11M4D52M6D28M1I39M6D20M15D14M1D18M4D7M9D23M15D14M11D6M4D189M1I37M1I21M1I3M14D18M1I23M1D91M
72	4269	0.517	1.459E-98	0	889	894	0	957	958	266M5I11M4D57M2D4M4D19M1I39M31D21M18D81M4D189M1I37M1I21M12D44M1D93M
85	4267	0.505	1.625E-98	0	890	894	0	969	970	275M2I3M1D43M3I36M7D40M5D60M35D20M15D14M1D22M5D213M1I24M15D29M1D106M
31	4259	0.502	2.495E-98	0	890	894	0	969	970	275M2I3M1D43M3I45M7D32M19D30M9D36M23D21M4D6M1D22M5D213M1I17M8D8M7D36M1D98M
6	4252	0.508	3.631E-98	0	890	894	0	969	970	275M2I3M1D43M3I36M7D41M45D27M5D35M1D25M4D6M1D22M5D213M1I24M15D28M1D107M
131	4247	0.520	4.747E-98	0	890	894	0	895	896	266M5I9M4D44M7D38M1I40M25I6M1I39M1D18M14D14M7I218M1I21M14D20M4D13M1D105M
24	4242	0.503	6.206E-98	0	893	894	0	969	970	275M2I3M1D43M3I45M7D31M5D47M35D29M1D19M15D21M5D213M1I24M15D29M1D98M3I8M
94	4239	0.505	7.289E-98	0	890	894	0	923	924	266M10I4M9D42M3I17M9D20M1I24M1I31M3D11M13D26M2D12M3D262M1I25M14D36M4I95M
106	4239	0.510	7.289E-98	0	890	894	0	969	970	275M2I3M1D43M3I36M7D41M6D12M8D26M26D36M5D15M6D5M5D17M5D212M1I29M15D29M1D106M
15	4238	0.532	7.691E-98	2	888	894	38	982	983	272M1I32M1I23M4D29M3I19M1D20M1D21M13D29M10D49M9D21M11D169M1I39M1I25M15D29M2I19M3D82M
108	4236	0.510	8.561E-98	0	890	894	0	927	928	275M2I3M1D42M3I38M8D27M1I28M2D7M16D56M6D249M1I24M14D30M3I102M
25	4232	0.506	1.061E-97	0	890	894	0	969	970	275M2I3M1D43M3I36M7D41M19D30M31D32M1D25M4D6M1D18M5D217M1I21M2D9M13D31M1D98M
29	4232	0.506	1.061E-97	0	890	894	0	969	970	275M2I3M1D43M3I36M7D41M19D30M25D15M2D20M5D29M5D17M5D217M1I24M15D42M1D93M
86	4231	0.508	1.119E-97	0	890	894	0	969	970	275M2I3M1D43M3I37M7D39M5D32M23D35M23D11M4D16M1D22M5D213M1I24M15D29M1D106M
53	4230	0.509	1.181E-97	0	890	894	0	963	964	266M5I12M4D41M2D8M5D30M1I39M17D10M10D7M10D14M7D17M1D29M1D6M2D33M5D213M1I12M7D18M8D21M1D108M
16	4230	0.545	1.181E-97	5	888	894	39	977	978	269M1I23M1I32M4D9M1I21M1I19M1D20M1D21M13D24M8D24M1I17M19D19M1I10M3D172M1I39M1I25M15D29M1I102M
105	4227	0.520	1.387E-97	0	890	894	0	962	963	268M2I9M1D44M3I16M10D20M1I39M17D34M10D13M1D6M2D18M8D9M15D23M1I12M7D213M1I24M8D42M1D93M
75	4225	0.495	1.544E-97	0	890	894	0	969	970	275M2I3M1D43M3I14M12D14M20D23M10D29M14D19M6D71M1D17M5D218M1I12M7D18M7D7M1D28M1D94M
64	4223	0.493	1.719E-97	0	890	894	0	967	968	266M5I9M4D43M3I14M1I29M10D34M3D36M1D9M36D19M5D30M7D16M5D217M1I21M15D33M1D105M
5	4218	0.497	2.247E-97	0	890	894	0	969	970	275M2I3M1D43M3I45M7D32M45D21M8D58M2D14M1D22M5D213M1I24M15D29M1D106M
107	4206	0.500	4.276E-97	0	891	894	0	968	969	268M2I10M1D43M3I36M7D39M1D15M1D7M3D32M26D27M24D14M1D17M5D218M1I12M7D8M8D133M1I6M
34	4192	0.501	9.058E-97	0	890	894	0	969	970	275M2I3M1D43M3I45M7D31M5D65M5D39M26D14M25D211M1I24M15D29M1D106M
26	4177	0.496	2.024E-96	0	890	894	0	969	970	275M2I3M1D43M3I43M7D34M45D22M8D57M2D14M1D22M5D213M1I24M15D29M1D106M
22	4164	0.497	4.065E-96	0	890	894	0	957	958	268M9I5M8D40M3I14M2I22M8D34M12D46M25D42M8D11M1D17M5D218M1I20M14D30M1D109M
68	4134	0.530	2.030E-95	1	889	894	6	900	901	10M10I12M2I231M5I11M4D40M3I37M9D71M4D14M2D7M2I9M3I223M1I39M1I24M7D4M4D6M2D19M1D105M
65	4099	0.532	1.326E-94	7	892	894	2	878	879	268M2I3M1D21M2D30M8D4M1I86M1D9M14D26M3D26M15D10M1I7M1I13M3D176M1I38M50I113M
73	4096	0.514	1.557E-94	22	889	894	1	932	933	244M5I11M4D44M6D36M1I40M3D22M5D12M35D27M2D57M1D168M1I40M2I11M16D55M1D92M
60	4081	0.499	3.480E-94	5	892	894	1	993	994	10M2D16M10D7M3D227M10I5M9D25M3D29M5D47M1D39M20D7M4D19M6D4M8D52M10D15M18D5M8D169M1I56M1I19M8D22M2D103M
102	4044	0.477	2.530E-93	0	890	894	0	963	964	268M5I7M4D62M1D23M4D48M4D52M2D5M5D37M9D2M8D7M25D214M1I14M11D23M5D30M1D93M
74	3935	0.519	8.732E-91	7	886	894	1	913	926	268M2I3M1D44M2D13M3D25M1I39M14D9M6D24M1D11M14D30M3D27M5D191M2I31M2I26M5D24M2D11M1D71M17I9M
104	3844	0.481	1.148E-88	0	891	894	0	937	938	44M32I199M2I3M1D43M3I36M7D40M5D65M5D48M51D212M2D3M3I20M1D8M14D25M1D99M1I6M
84	3837	0.501	1.671E-88	47	889	894	0	928	929	229M1I57M6D28M1I44M6D15M15D13M10D16M4D31M15D5M7D20M10D11M4D175M1I37M1I24M12D41M1D93M
32	3832	0.482	2.185E-88	42	890	894	1	928	929	233M2I3M1D43M3I14M1I34M8D28M45D20M14D70M3I18M5D213M2D3M3I23M15D28M1D107M
80	3832	0.502	2.185E-88	42	889	894	1	930	931	234M1I49M1D8M5D22M22D62M1I3M1I13M1D28M13D19M9D20M7D10M4D5M11D173M1I39M1I22M13D43M1D93M
117	3826	0.404	3.014E-88	0	893	894	2	995	1003	266M1D14M1I23M25D62M3D43M5D9M1D7M4D30M4D9M1D27M10D21M1I93M1D126M1D12M5D45M28D8M2D7M14D79M3I8M
128	3786	0.424	2.573E-87	0	891	894	0	875	876	5M1D262M6D11M4I72M1I16M4I14M8I7M28I12M2I59M11D92M1I8M2D179M3D7M9D100M
92	3616	0.378	2.338E-83	5	889	894	1	1083	1084	275M3D28M22D12M6D68M2D22M35D47M18D24M7D20M7D18M14D86M2D126M1I10M53D7M6D11M4D28M18D19M2D83M
122	3557	0.372	5.528E-82	7	893	894	6	972	1001	263M3I7M4D9M1D47M28D3M4I21M1I15M4I140M3I78M1D117M1D47M6D7M15D6M3D16M41D73M5I18M
110	3447	0.470	2.013E-79	90	890	894	0	879	880	187M1I45M3I36M7D40M5D60M14D24M11D11M26D17M5D213M2D3M3I23M15D42M1D93M
101	3443	0.377	2.495E-79	0	883	894	16	929	936	2M1I267M7I15M3I20M1I34M10D13M3D77M7D77M9D4M5I61M2D103M11D64M5D17M1D16M1I96M
8	3437	0.373	3.441E-79	4	891	894	6	1015	1016	263M2D60M15D17M3D24M7D60M17D15M8D30M1D22M14D28M14D84M2D137M16D22M4D38M18D76M1D12M
103	3421	0.444	8.114E-79	26	889	894	0	885	886	49M4I8M5I7M2I164M7I10M1D20M2D21M3I4M4I6M1I51M2I30M1D43M32D52M4D83M2D141M1D34M7D113M
91	3335	0.368	8.160E-77	4	891	894	8	787	788	101M1D170M4D7M1I12M40I48M2I23M16I17M21I28M21I12M2I64M2I7M1D8M1D82M6I38M2I27M6I30M1I11M1I33M2D17M4D32M
126	3331	0.359	1.011E-76	6	884	894	10	806	808	96M2I162M1D13M3I28M14I16M5I4M27I16M1I13M21I29M28I22M1D16M8D133M1I37M2I27M4I22M1D38M2I16M19D38M2I41M
100	3316	0.360	2.260E-76	4	892	894	3	799	806	261M11I71M24I7M20I18M12I37M3I7M4I13M15I16M2I79M1D2M1D85M5I1M7D32M2D20M1I11M7I82M1D43M
18	3312	0.316	2.801E-76	5	888	894	1	1247	1248	265M3I39M2I81M4D29M2I36M3D34M31D26M95D68M1I14M1D125M1I13M7D4M21D6M59D8M119D5M26D37M6D85M
98	3272	0.367	2.391E-75	1	891	894	9	775	776	105M1D173M1D22M2I9M8I25M21I14M11I14M1I13M29I6M34I14M5I16M2I64M2I13M1D2M1D74M1I6M1I3M5I35M2I18M4I10M4I35M1I3M1I32M2D19M4D32M
81	3260	0.481	4.550E-75	39	803	894	7	820	885	236M2I3M1D43M3I36M9D40M5D8M20D9M10D10M15D36M1I12M2D19M1D21M5D213M1I21M12I39M
114	3213	0.377	5.654E-74	5	883	894	5	923	929	215M1D45M10I8M4D17M24D20M1D8M2D39M3D101M4D15M1D27M2D2M1D73M2D87M5I16M3D63M1I17M2D32M6D78M
97	3210	0.362	6.641E-74	1	893	894	22	785	786	105M1D160M2D35M8I39M6I6M36I18M15I6M11I7M19I22M16I7M1I5M2I63M3I13M1D2M1D84M6I35M2I13M2D2M6I11M3I37M3I36M1D17M2D24M2I7M
124	3156	0.366	1.201E-72	5	880	894	1	708	713	259M16D25M11I6M1I17M1I5M8D6M6I3M80I18M66I14M2I40M1D23M1I17M2D82M1I32M2I21M5D4M20I19M9I49M1D6M1I29M
120	3153	0.368	1.411E-72	0	893	894	2	757	764	104M2I171M7I9M15I39M22I23M13I7M16I29M8I16M7I4M4D17M3I8M5I35M2D39M1D7M1D47M2I18M1D49M4I6M2I32M15I7M21I32M1I41M3I3M1I4M
10	3149	0.349	1.748E-72	0	891	894	21	783	784	106M1D160M3D17M29I7M32I8M8I14M25I5M21I60M3I91M2I16M3D1M1I84M6I37M2I16M4I11M4I36M3I32M2D21M2D30M
7	3102	0.356	2.172E-71	0	893	894	2	822	857	5M1D98M1D162M1I32M2D28M1I20M16I3M1I10M3D24M12I19M16I9M30I22M1I13M2I39M2D43M3D46M2I17M1D21M6I33M2I75M2D32M2D53M
95	3098	0.358	2.692E-71	5	893	894	1	718	720	97M2I172M7I10M50I15M75I45M7I38M3D4M1I32M2D44M2D49M2I18M1D51M6I16M2I18M9I10M12I8M4I32M1I38M1I13M
0	3098	0.360	2.692E-71	0	891	894	8	753	754	106M1D173M6D11M7I18M1I4M2I16M3I40M63I9M35I4M28I3M2I63M3I13M1D2M1D77M1D4M1I3M5I35M2I11M6D6M6I12M4I33M4I30M2D21M2D32M
40	3090	0.358	4.134E-71	0	893	894	1	759	776	104M1D161M11I13M6D9M3D20M22I5M18I7M9I11M15I4M6I5M6I15M48I4M7I23M2I39M2D37M3D4M1I47M2I18M1D14M7I25M3I123M2D39M4D10M
89	3089	0.348	4.362E-71	3	893	894	5	760	777	101M1D161M10I29M34I9M29I4M14I14M34I42M5I4M7I23M2I39M2D37M3D4M1I49M2I16M1D14M7I28M3I120M2D39M4D10M
20	3066	0.354	1.497E-70	4	893	894	6	754	772	261M10I8M1I6M6D11M5D13M6I10M12I9M38I3M15I10M13I9M7I14M17I9M29I7M3I39M2D36M3D5M1I47M2I17M1D11M2I6M5I23M3I55M1D29M1I35M2D42M4D10M
87	3063	0.336	1.758E-70	1	893	894	3	756	770	100M1D168M8D22M5I25M20I16M24I37M96I9M2I39M2D42M2D47M2I17M1D16M7I27M3I25M3I50M1I37M2D43M8D10M
63	3062	0.340	1.855E-70	3	893	894	5	767	778	98M1D168M9I26M5D10M7I10M6I17M29I9M44I20M10I11M29I17M2I39M2D43M2D46M2I17M1D16M7I24M3I31M3I48M1I36M2D43M11D10M
96	3051	0.317	3.345E-70	5	892	894	38	942	948	30M5I236M6D50M19I22M1D23M1I31M1I22M40D10M1D71M9D62M4I15M2D49M1I32M1I76M9I108M1I9M
1	3043	0.332	5.137E-70	0	893	894	0	776	787	267M6I33M40I17M6I37M60I18M24I42M1D13M2D40M1D3M1D49M2I16M2D14M1I22M4I17M4I73M1I32M1D4M2D5M7D10M11D20M3D14M
88	3025	0.344	1.348E-69	3	893	894	5	752	770	262M7I15M1I13M4D24M17I9M1I10M7I19M35I5M20I7M33I5M23I7M2I39M2D37M3D4M1I49M2I12M1D17M3I4M4I22M3I55M1D27M1I40M2D39M4D10M
2	2995	0.352	6.735E-69	1	890	894	6	780	781	105M1I54M1I104M5I46M2D5M1I12M7I15M27I2M3I5M20I32M24I9M28I56M1D41M3D49M1D11M1D6M4D65M4D16M22I33M3I32M3D11M5D8M3D31M
14	2995	0.354	6.735E-69	3	886	894	83	885	886	106M25I4M4I2M1D70M1D65M2I39M2I28M10I43M1D38M4I22M1D5M2D21M7I23M2I76M1D5M1D83M1D4M1I39M2I10M7D10M20I5M18I89M
37	2988	0.326	9.803E-69	2	892	894	0	810	829	13M2D144M1I105M4D14M5I16M20I27M8I17M26D13M5I26M5I11M3I9M4I8M12I7M13I4M19I12M2I39M2D40M1D2M1D49M2I16M1D22M2I2M1I22M4I19M5D7M15I8M1I67M2D36M2I12M
125	2968	0.334	2.864E-68	2	879	894	24	805	813	265M2D29M13I11M7I8M8I22M17D22M1I13M26I24M17I23M4I13M2I12M6I61M13I130M2I15M7I17M2I12M7I86M
36	2934	0.328	1.773E-67	2	892	894	0	810	829	12M2D145M1I105M4D14M5I16M20I27M8I5M4I5M13I10M20D17M7I24M1I24M8I7M10I7M12I14M2I39M2D40M1D2M1D49M2I16M1D22M2I2M1I22M4I19M5D7M15I8M1I64M4D4M2I33M2I12M
21	2732	0.365	8.957E-63	0	748	894	0	701	745	2M1I211M1D51M3I26M26I20M3I27M8I14M4I17M1D16M2D94M2I79M3D1M1I72M1I10M4D2M5I27M4I22M
123	2703	0.438	4.240E-62	44	708	894	0	713	715	221M4I12M1D27M11D18M6D11M7D11M3D19M2I38M3I24M2I7M17D26M5D53M7D152M1D21M2D14M
12	2572	0.348	4.760E-59	4	796	894	1	674	675	263M3I35M3I14M4I5M14I38M6I4M48I22M10I7M8I35M2I28M1I6M2D35M1D7M1I4M2I45M2I17M1D13M5I5M1I31M6I27M7I29M
121	2546	0.323	1.919E-58	11	765	894	1	615	619	255M6D34M29I22M97I8M15I2M14D3M29I6M9D11M2I4M7D22M1D11M2D44M2D50M2I16M2D14M2I9M3I21M4I40M
9	2345	0.299	9.187E-54	3	893	894	5	625	639	98M1D168M9I18M133I8M69I10M17I9M18I3M21I7M15D5M13I44M2I17M1D14M3I4M4I25M3I47M5I20M1D44M2D43M7D10M
11	2203	0.336	1.860E-50	0	750	894	0	576	596	42M32I205M3I37M13I7M3I16M9I30M31I17M44I4M35I22M1D10M2D41M1D5M1D49M2I16M2D14M2I8M3I22M4I25M
19	1912	0.227	1.110E-43	5	890	894	12	731	735	26M1D18M2D44M1I9M1I44M1D11M5D6M8D18M1I3M3D27M2D8M2I3M2D38M5D14M1D14M71I13M34I3M5I12M17I17M1I14M30I13M4I12M2D6M2D46M1I14M1D5M2D82M4D37M6I50M1D23M30I13M1D8M1I6M6I13M2D5M
90	1429	0.182	1.957E-32	0	880	894	0	690	697	31M1I11M1D4M6I52M1I37M3D7M2D13M1I21M1I29M12I3M1I35M16D11M6D8M67I13M12I16M33I19M1I2M12I6M4I14M41I39M3I3M2D10M1D22M5D38M1I3M5D7M3I18M2D19M14I25M4I18M2I15M4I6M11I22M1I4M1I10M1D12M1D10M1D10M1D21M
4	1263	0.182	1.435E-28	9	884	894	8	687	688	36M4I56M1I37M3D6M2D14M1I22M1I20M1D3M3D9M12I38M9I8M51I14M1I4M5I7M5I24M5D15M8I15M5I22M7I15M27I11M3D1M2I6M5I28M3I8M1D5M3D9M2I6M2D1M6D4M3I4M3I8M6D25M4D8M3I16M2D15M9I5M3I16M2I13M64I9M3I7M3I2M2I14M3D25M3D11M1D10M
129	1234	0.169	6.793E-28	10	877	894	0	646	656	21M1I11M35I3M2D4M1D20M1I37M3D7M2D13M1I18M1I24M1D6M13I4M1I35M27D22M56I3M11I7M12I27M23I10M3I9M68I9M6I27M1I8M2I4M2D6M1D8M1D7M3D14M1D35M4D9M3I16M2D16M8I6M3I17M4I8M3I23M7I26M3I20M1D17M8I9M1D10M1D18M
99	1003	0.186	1.624E-22	5	608	894	17	449	450	27M1I15M5I49M1I40M3D4M1D14M1I23M1I31M2I8M8I31M7D13M86I26M57I18M4I13M12I32M9I28M3I9M3D4M1D6M1D19M3D4M
17	837	0.173	1.191E-18	9	817	894	3	892	985	21M2I26M3I14M1I4M1D25M1I39M2D3M1D21M9D19M1I18M12D7M3D5M1I11M9D30M2I8M9D21M5D32M1D16M8D7M21D33M2D30M5D29M9D13M6D6M9D19M8D25M10D16M38D33M6I12M15I5M3I10M1D10M6D23M43I4M9I5M3I10M2D25M6I78M
93	592	0.152	6.033E-13	11	542	894	13	648	803	32M2D8M9I33M1I12M1I38M3D3M4D15M2I4M1I13M2D29M4I6M2I6M20D31M2I8M2D47M1D61M103D32M1D54M4I54M8I12M
 40	6256	1.00	0.000E+00	0	775	776	0	775	776	776M
89	5639	0.936	0.000E+00	0	775	776	1	776	777	776M
20	5004	0.725	0.000E+00	0	775	776	1	771	772	103M1I166M2D47M7I38M3I15M2D6M1D372M1D18M
88	4945	0.733	0.000E+00	4	775	776	5	769	770	99M1I166M3D11M4I37M1D9M8I23M3I18M4D375M1D18M
63	4612	0.648	0.000E+00	0	775	776	1	777	778	268M8D12M7I31M1D50M2D286M4I93M1I9M2D15M
87	4609	0.666	0.000E+00	3	775	776	4	769	770	282M1D33M1D23M1I34M1I3M3I6M1I264M4I93M1I16M2D8M
7	4217	0.559	1.923E-99	0	772	776	0	847	857	4M2D264M7D13M4I35M1D8M33D28M2I14M12D17M13D81M1D87M1D31M1D34M2D12M1D16M1I95M5D11M3D16M
9	3611	0.572	4.953E-85	0	775	776	1	638	639	268M4D12M6I36M107I6M10I3M5I1M5D11M9I4M6I166M4I99M1I14M1D8M
1	3435	0.437	7.589E-81	1	767	776	0	785	787	106M1I160M6D12M9I18M2D11M1I23M2I42M2D9M1D22M1D128M1D12M2D34M1I14M3I25M2D70M1D8M7D10M11D46M
91	3378	0.414	1.720E-79	0	754	776	3	787	788	268M19D12M8I8M3I35M7D14M2D8M18D33M1D42M2I22M2I66M2D19M1I16M1D25M1D24M2I15M5I39M1I52M4D19M1I13M
37	3374	0.383	2.142E-79	3	773	776	0	822	829	13M2D89M1I55M1I106M19D12M7I42M46D44M1D14M10D173M4D31M1I23M10I34M1I85M5I10M4I10M
98	3331	0.401	2.256E-78	2	754	776	9	775	776	265M14D14M6I48M4D21M5D31M6D44M2I22M2I66M2D18M2I2M1D5M1I5M1D27M3D5M2I28M3I26M7I68M4D19M1I13M
124	3330	0.458	2.383E-78	5	744	776	0	710	713	100M1I160M2D21M3D8M5I23M9I12M6D12M5I9M1D18M1I43M1I24M1I68M2D17M1I16M6D27M1D26M8I12M16I54M1I9M1I31M
36	3319	0.381	4.352E-78	3	772	776	0	821	829	12M2D88M1I57M1I106M19D12M7I42M39D21M7D23M1D14M10D173M4D31M1I17M9I6M1I34M1I87M5I8M4I9M
0	3315	0.410	5.417E-78	2	754	776	9	753	754	266M13I4M14D11M4I56M2I32M5D41M2I24M3I64M2D17M2I2M1D8M1D3M1D27M3D5M2I15M3D23M5I21M6I63M2D18M1I13M
10	3245	0.404	2.503E-76	4	754	776	24	783	784	263M15D14M6I57M1I32M7D12M5D42M2I25M2I64M2D17M2I2M1D15M1D22M3D6M2I28M3I28M8I67M2D17M1I13M
97	3243	0.405	2.792E-76	2	759	776	22	785	786	266M18D39M1D22M5D10M1D17M2I73M2I23M3I65M2D17M2I2M1D13M1D24M3D6M2I38M2I14M6I17M2I37M1I16M2D22M6I9M
95	3220	0.407	9.838E-76	5	755	776	0	719	720	98M3I161M10D14M5I58M3I17M4I102M2I7M2D78M7D35M3I12M8I14M7I12M12I42M3I51M
120	3215	0.391	1.294E-75	0	762	776	1	763	764	104M3I161M16D15M4I67M2D13M29D101M1D7M1I81M7D35M3I12M36I59M3I40M5I13M
100	3194	0.377	4.085E-75	2	762	776	0	805	806	101M1I164M6D15M3I6M17D16M1D16M10D10M5D56M8D41M2I91M2D18M1I11M4D5M5D29M3D5M2D13M3I30M6I24M1D36M2I11M1D22M1D7M3I13M
70	3155	0.374	3.456E-74	0	746	776	0	848	858	5M1I99M1I162M25D13M9D7M32D31M8D10M2D6M5D12M7D6M1I3M2D21M8D14M2D39M2I37M3I4M1D47M2D18M1I10M2D7M5D22M3D123M2I40M
128	3155	0.346	3.456E-74	4	745	776	4	867	876	104M1I159M65D13M5I21M2D5M1D21M18D6M1D17M2I28M17D7M8D39M2I33M1D9M2I44M1D4M1D16M1I13M3D4M4D24M4D8M1I13M2I26M10D4M1D12M3D52M2I42M
3	3126	0.362	1.691E-73	0	745	776	0	875	882	5M1I99M1I162M25D13M5I2M29D29M21D25M4D6M2D7M39D32M10D5M2D39M2I37M3I4M1D47M2D18M1I14M7D25M3D123M2I39M
49	3119	0.366	2.481E-73	1	759	776	0	861	862	104M1I162M17D12M6I19M14D16M5D9M9D12M15D9M8D5M22D7M5D4M2D18M10D7M2D39M2I37M3I4M1D47M2D18M1I13M3D2M4D24M3D123M2I39M4I10M
52	3117	0.353	2.768E-73	1	762	776	0	912	913	104M1I162M14D14M4I11M26D8M32D4M1D15M14D23M3D8M32D8M5D4M20D18M1D8M5D38M2I37M3I4M1D47M2D18M1I14M7D25M3D123M2I34M1I7M1I13M
56	3110	0.340	4.062E-73	1	759	776	0	930	931	104M1I162M17D13M5I7M36D21M23D11M6D31M55D3M18D9M15D11M5D13M2D39M2I37M3I4M1D47M2D18M1I14M7D28M2D10M1D110M2I39M4I10M
67	3106	0.322	5.056E-73	0	757	776	0	963	964	106M1I163M25D18M11D17M35D14M2D30M22D3M9D5M39D2M3D29M49D4M2D39M2I35M1D7M3I46M2D18M1I12M2D5M5D34M2D10M5D19M6D82M2I39M5I7M
62	3103	0.324	5.959E-73	0	757	776	0	930	931	5M1I100M1I161M24D11M17D23M10D15M17D7M6D12M11D8M29D17M1D18M34D16M13D36M2I37M3I4M1D47M2D18M1I13M3D2M4D36M2D10M5D14M12D39M3I45M2I38M5I8M
131	3099	0.340	7.418E-73	0	746	776	0	889	896	5M1I99M1I162M69D13M5I10M3D5M5D23M2D26M13D27M26D15M9D39M2I37M3I4M1D47M2D18M1I10M2D7M5D34M2D10M13D12M2D21M2D28M2D40M2I40M
72	3099	0.343	7.418E-73	6	745	776	5	951	958	99M1I163M25D16M22D12M31D4M2D8M1D7M28D27M1D8M31D19M28D5M1D10M6D8M16D38M2I36M3I5M1D46M2D21M1I11M3D4M3D24M1D10M1D10M5D6M7D37M1D58M2I39M
44	3092	0.363	1.088E-72	1	759	776	0	885	886	104M1I162M17D12M6I12M25D6M16D12M18D26M4D6M2D7M5D6M34D26M10D5M2D39M2I37M3I4M1D47M2D18M1I10M2D7M5D25M3D120M2I39M4I10M
41	3092	0.344	1.088E-72	1	746	776	0	914	924	104M1I162M22D13M43D35M18D15M20D10M2D6M40D10M10D18M11D17M2D39M2I37M3I4M1D47M2D18M1I13M3D2M4D24M3D39M3I81M2I40M
16	3092	0.331	1.088E-72	0	745	776	33	972	978	105M1I162M67D12M21D36M3I32M2D7M32D10M16D25M43D38M2I38M3I3M1D47M2D18M1I10M2D7M4D29M2D15M11D39M2I23M5D37M2I39M
13	3091	0.354	1.150E-72	1	759	776	0	893	894	104M1I162M17D13M5I9M34D31M5D15M15D4M6D5M1I5M39D3M16D10M7D23M2D39M2I37M3I4M1D47M2D18M1I14M7D25M3D123M2I39M4I10M
61	3087	0.324	1.431E-72	0	745	776	0	925	933	5M1I99M1I162M69D13M5I10M17D19M13D17M19D14M3D15M37D32M9D38M2I39M4I3M2D45M2D18M1I10M2D7M5D34M2D9M13D11M1D50M2D41M2I39M
54	3086	0.353	1.512E-72	6	759	776	5	922	923	99M1I162M17D13M5I11M13D4M33D10M17D8M25D10M2D6M6D6M5D34M41D3M8D14M2D39M2I37M3I4M1D47M2D18M1I10M2D7M5D22M3D123M2I34M1I7M3I8M
48	3085	0.360	1.597E-72	1	745	776	0	892	899	104M1I162M12D12M5I11M24D8M32D18M33D14M8D16M8D12M13D14M16D11M3D3M2D39M2I38M3I3M1D47M2D18M1I13M3D2M4D24M3D24M3D6M2I8M1I40M2I40M2I39M
78	3079	0.336	2.218E-72	1	758	776	0	939	940	104M1I173M7I14M5D26M18D5M47D13M4D24M14D16M47D3M47D44M2I37M3I4M1D47M2D18M1I13M7D26M3D21M10D98M2I42M7I7M
113	3075	0.348	2.761E-72	1	745	776	0	903	915	104M1I162M64D8M22D6M2I2M29D26M4D22M11D23M13D10M15D8M4D18M2D38M2I37M3I4M1D47M2D18M1I13M3D2M4D26M3D61M5I13M2I40M2I39M
69	3075	0.349	2.761E-72	1	746	776	0	914	924	104M1I162M17D13M5I9M33D5M1D9M13D10M26D10M5D9M70D13M2D13M3I17M1D9M5D38M2I37M3I4M1D47M2D18M1I13M3D2M4D24M3D123M2I40M
94	3074	0.329	2.916E-72	4	757	776	3	923	924	102M1I164M16D8M25D15M5I5M32D14M15D2M4D4M2D24M22D6M25D19M14D20M9D38M2I36M3I5M1D47M2D18M1I13M3D3M4D24M2D21M5D61M5D40M2I39M5I7M
76	3074	0.343	2.916E-72	1	759	776	0	924	925	104M1I162M17D13M5I12M28D11M28D21M5D21M4D5M8D13M13D13M63D8M3D2M2D39M2I37M3I4M1D47M2D18M1I13M3D2M4D24M3D123M2I39M4I10M
111	3074	0.319	2.916E-72	6	757	776	5	937	938	100M1I161M25D15M13D16M43D10M11D39M65D13M2D28M7D3M2D39M2I39M4I3M2D45M2D18M1I10M2D7M5D34M2D10M10D40M5D61M2I39M5I7M
47	3072	0.352	3.253E-72	1	746	776	0	809	820	104M1I162M64D12M6I9M20D49M1D21M2I9M1D16M4D39M2I37M3I4M1D47M2D18M1I14M7D28M3D22M7I17M15I59M2I40M
71	3067	0.349	4.278E-72	8	746	776	19	924	934	97M1I162M64D4M6D57M31D6M6D6M1D7M25D6M18D3M2D21M8D14M2D39M2I37M3I4M1D47M2D18M1I10M2D7M5D22M3D119M2I44M
107	3066	0.313	4.519E-72	6	747	776	5	963	969	100M1I163M69D11M19D15M1I11M6D23M2D32M4D7M28D7M63D15M9D39M2I39M4I3M2D45M2D18M1I13M3D3M4D35M2D9M13D61M2D41M2I41M
6	3064	0.313	5.042E-72	6	743	776	5	960	970	98M1I163M69D13M5I26M8D23M8D10M15D18M29D31M75D37M2I39M4I3M2D45M2D18M1I13M3D2M4D37M2D8M13D38M5D17M2I45M2I37M
24	3064	0.314	5.042E-72	1	759	776	0	969	970	103M1I164M69D10M20D17M3I7M7D29M16D14M2D12M19D21M26D8M41D2M2D39M2I39M4I3M2D45M2D18M1I13M3D2M4D36M2D10M15D22M3D32M2I45M2I38M7I8M
109	3063	0.343	5.326E-72	1	746	776	0	910	915	104M1I161M8D16M3I9M3I19M49D27M29D13M11D6M19D9M52D11M2D9M2D39M2I37M3I4M1D47M2D18M1I10M2D7M5D22M3D22M5I96M2I40M
29	3061	0.308	5.942E-72	6	759	776	5	969	970	98M1I163M25D15M64D13M2I28M6D6M67D28M14D13M1D10M7D6M15D3M2D39M2I39M4I3M2D45M2D18M1I13M3D2M4D36M2D10M5D12M3D49M8D40M2I38M7I8M
50	3059	0.361	6.630E-72	6	745	776	5	897	906	99M1I162M17D13M5I11M28D7M29D25M3D16M6D5M1I5M17D17M45D8M8D11M2D39M2I37M3I4M1D47M2D18M1I10M2D7M5D22M3D123M2I39M
26	3057	0.316	7.397E-72	0	743	776	0	960	970	5M1I98M1I163M25D15M21D13M3D18M23D21M8D17M6D12M38D29M75D38M2I39M4I3M2D45M2D18M1I13M3D2M4D36M2D9M13D38M5D17M2I45M2I37M
105	3054	0.318	8.718E-72	0	745	776	0	955	963	5M1I99M1I163M69D13M22D20M26D6M9D12M4D17M26D15M18D14M10D9M6D14M6D2M3D40M2I37M3I4M1D47M2D18M1I10M2D7M5D34M2D27M8D11M1D73M2I39M
86	3052	0.317	9.726E-72	6	759	776	5	969	970	98M1I165M16D9M25D15M8D20M23D21M8D17M13D9M31D32M75D38M2I37M3I4M1D47M2D18M1I13M3D2M4D36M2D10M5D7M3D12M4D12M1D6M5D17M2I45M2I38M7I8M
27	3050	0.311	1.085E-71	0	759	776	0	969	970	5M1I98M1I165M16D9M25D15M8D20M23D24M8D6M6D31M38D19M75D37M2I39M4I3M2D45M2D18M1I13M3D2M4D36M2D10M5D12M3D10M10D29M2I48M2I38M7I8M
116	3049	0.344	1.146E-71	1	745	776	0	885	893	104M1I162M80D14M3D41M1I35M16D17M42D17M2D38M2I38M3I3M1D47M2D18M1I10M2D7M5D22M3D71M4I10M2I12M1D19M6I1M4D39M
25	3048	0.309	1.211E-71	6	759	776	5	969	970	98M1I163M25D15M21D13M3D18M23D21M8D17M6D12M38D29M75D38M2I37M3I4M1D47M2D18M1I13M3D2M4D36M2D9M13D38M5D17M2I45M2I38M7I8M
31	3048	0.308	1.211E-71	0	759	776	0	969	970	5M1I98M1I165M16D9M25D20M8D15M23D24M14D26M38D29M75D38M2I39M4I3M2D45M2D18M1I13M3D2M4D36M2D17M8D12M10D35M2I45M2I38M7I8M
130	3047	0.325	1.279E-71	1	744	776	0	975	983	104M1I162M29D11M28D2M37D5M6D35M16D13M16D15M40D24M4D4M33D15M3D39M2I37M3I4M1D47M2D17M1I11M2D7M5D25M3D18M8D11M8D91M2I38M
108	3045	0.321	1.427E-71	1	757	776	0	927	928	105M1I163M16D10M6I12M30D5M12D8M16D7M18D2M1D6M4D10M22D19M4D2M4D13M32D23M9D38M2I39M4I3M2D45M2D18M1I10M2D5M5D36M2D10M10D20M1D81M2I39M5I7M
53	3044	0.317	1.507E-71	6	757	776	5	963	964	100M1I161M69D13M21D13M27D21M10D20M23D19M25D21M7D4M2D14M9D38M2I39M4I3M2D45M2D18M1I10M2D7M5D34M2D10M11D39M5D62M2I38M5I8M
112	3044	0.316	1.507E-71	0	757	776	0	970	971	5M1I100M1I163M16D14M2I7M35D19M25D37M62D6M19D12M4D4M32D22M9D38M2I39M4I3M2D45M2D18M1I13M3D2M4D35M2D11M5D8M2D30M9D63M2I38M5I8M
42	3042	0.339	1.682E-71	1	744	776	0	925	933	104M1I164M17D15M91D24M30D31M26D18M1D5M1D30M2D38M2I37M3I4M1D47M2D18M1I13M7D26M3D22M11D41M1I59M2I38M
45	3041	0.350	1.776E-71	4	759	776	3	926	927	101M1I162M64D4M6D20M7D6M14D21M8D10M2D6M6D6M5D20M5D14M41D3M8D14M2D39M2I37M3I4M1D47M2D18M1I10M2D7M5D22M3D123M2I34M1I7M3I8M
43	3041	0.344	1.776E-71	1	745	776	0	920	931	104M1I162M17D13M5I9M64D2M3D9M9D5M13D24M6D3M3D15M13D5M39D20M8D14M2D39M2I37M3I4M1D47M2D18M1I13M3D2M4D24M3D24M1D18M1I80M2I39M
33	3041	0.311	1.776E-71	0	757	776	0	969	970	5M1I97M1I164M69D13M5I26M8D23M7D6M7D36M3D5M67D11M43D38M2I37M3I4M1D47M2D18M1I14M7D37M2D10M5D12M3D7M6D42M2D40M2I38M5I8M
64	3040	0.311	1.876E-71	0	757	776	0	967	968	5M1I99M1I162M69D13M5I9M17D14M3D4M42D9M4D19M19D13M13D17M26D22M9D38M2I39M4I3M2D45M2D18M1I10M2D7M5D34M2D10M1D61M15D40M2I39M5I7M
106	3039	0.314	1.982E-71	6	754	776	5	969	970	98M1I165M16D9M25D15M8D18M23D29M76D13M6D16M36D23M9D38M2I41M1D1M3I46M2D18M1I13M3D2M4D37M2D8M13D38M5D17M2I45M2I37M1I4M1I5M
23	3037	0.342	2.211E-71	1	744	776	0	927	935	104M1I164M57D9M13D12M47D6M17D24M13D8M15D5M3D10M1D8M1D41M3D38M2I37M3I4M1D47M2D18M1I10M2D7M5D35M3D9M7D29M4D12M1I59M2I38M
85	3035	0.316	2.467E-71	6	759	776	5	969	970	100M1I161M25D15M21D13M9D16M17D23M8D17M6D25M70D17M43D37M2I37M3I4M1D47M2D18M1I13M3D2M4D37M2D9M5D12M3D7M4D12M1D6M5D17M2I45M2I38M7I8M
5	3033	0.312	2.753E-71	0	759	776	0	969	970	5M1I98M1I163M25D15M21D13M3D18M23D21M8D17M31D11M13D30M75D38M2I39M4I3M2D45M2D18M1I13M3D2M4D36M2D9M13D38M5D17M2I45M2I38M7I8M
77	3032	0.350	2.908E-71	1	745	776	0	911	925	104M1I165M17D10M5I9M7D4M6D7M42D12M6D6M6D9M2D21M1I5M34D27M49D5M2D39M2I37M3I4M1D47M2D18M1I13M7D37M3D19M2I91M2I39M
75	3029	0.313	3.427E-71	0	757	776	0	969	970	5M1I99M1I162M69D11M21D7M10D14M17D15M10D5M4D17M19D17M24D20M3D21M22D36M2I39M4I3M2D45M2D18M1I13M7D38M2D10M5D18M9D43M2D40M2I38M5I8M
39	3028	0.315	3.620E-71	6	757	776	5	964	965	100M1I161M24D11M17D15M1D41M9D9M21D11M16D20M38D12M67D5M3D39M2I37M3I4M1D47M2D18M1I13M3D2M4D36M2D29M13D42M1D40M2I38M5I8M
46	3027	0.343	3.823E-71	1	745	776	0	914	926	104M1I162M25D14M42D42M18D18M68D22M1I23M4D4M2D39M2I37M3I4M1D47M2D18M1I14M7D25M3D25M1I37M2I16M1I41M2I15M12D24M
57	3026	0.344	4.039E-71	1	746	776	0	920	931	104M1I161M7D29M23D10M45D19M28D23M49D11M3D15M1I2M10D16M7D38M2I37M3I4M1D47M2D18M1I13M3D2M4D27M3D21M1D18M1I12M1I28M1D39M2I40M
126	3025	0.362	4.266E-71	0	744	776	3	804	808	104M3I163M15D10M8I6M11D34M9D38M4D9M9D18M6D38M2I37M1D5M3I45M1D19M1I10M4D7M1D26M1I22M1D28M1I31M18D32M4I40M
115	3023	0.310	4.760E-71	1	754	776	0	981	982	104M1I162M51D3M21D24M13D14M12D19M10D14M22D32M12D9M33D10M34D38M2I38M3I4M1D46M2D18M1I13M3D2M4D25M3D21M19D101M2I40M3I5M
15	3023	0.321	4.760E-71	0	745	776	35	977	983	105M1I162M62D11M24D3M2I2M14D9M5D11M1D13M13D21M27D4M11D12M17D6M5D30M2D39M2I38M3I3M1D47M2D18M1I10M2D7M4D29M2D15M10D9M8D54M2I36M2I39M
30	3022	0.305	5.028E-71	0	757	776	0	971	972	5M1I100M1I161M13D31M23D3M27D10M11D37M23D11M52D28M50D4M2D39M2I39M4I3M2D45M2D18M1I10M2D7M5D23M2D21M13D32M3D69M2I38M5I8M
119	3020	0.316	5.609E-71	0	757	776	0	967	968	5M1I100M1I160M6D40M36D30M22D14M6D3M16D21M38D12M71D5M3D39M2I37M3I4M1D47M2D18M1I13M3D2M4D36M2D10M5D12M3D3M7D86M2I39M5I7M
127	3020	0.320	5.609E-71	0	745	776	42	1006	1013	105M1I163M25D48M42D7M42D24M1D5M42D9M4D24M7D7M41D37M2I39M3I3M1D47M2D20M1I11M6D28M2D20M10D2M3D99M2I39M
38	3014	0.308	7.791E-71	0	757	776	0	968	969	5M1I100M1I162M69D12M5I23M5D6M5D23M12D37M38D18M74D38M2I39M4I3M2D45M2D18M1I10M2D7M5D34M2D10M5D4M3I57M14D37M2I38M5I8M
22	3013	0.311	8.230E-71	0	758	776	0	957	958	5M1I100M1I162M68D12M23D15M14D4M12D41M21D18M1I17M8D15M43D39M2I37M3I4M1D47M2D18M1I14M7D37M2D10M5D7M7D25M3D69M2I37M6I9M
28	3013	0.316	8.230E-71	6	759	776	5	970	971	98M1I165M16D10M6I10M17D14M13D25M11D11M20D9M84D16M23D8M9D16M13D36M2I39M4I3M2D45M2D18M1I13M3D2M4D37M2D8M13D38M5D17M2I45M2I39M7I7M
34	3012	0.309	8.693E-71	6	743	776	5	960	970	98M1I163M69D13M19D5M14D7M7D56M6D12M9D32M75D38M2I37M3I4M1D47M2D18M1I13M3D2M4D37M2D9M8D19M4D12M4D70M2I37M
51	3007	0.343	1.143E-70	0	745	776	0	920	932	5M1I99M1I162M25D14M42D42M5D21M6D11M64D2M16D5M8D25M4D4M2D39M2I37M3I4M1D47M2D18M1I14M7D25M3D123M2I39M
35	3000	0.347	1.677E-70	1	745	776	0	918	929	104M1I162M17D13M5I15M45D8M17D11M28D15M6D17M30D9M14D8M1D14M14D9M2D39M2I37M3I4M1D47M2D18M1I14M7D25M3D22M5D21M1I19M1I12M2I45M2I39M
117	2998	0.322	1.871E-70	5	767	776	6	1001	1003	100M1I163M27D11M17D23M21D26M33D26M8D3M7D33M35D2M39D39M2I34M1D8M2I46M2D18M1I13M3D3M4D30M4D33M4D11M14D31M31D38M2I41M5I8M4I6M
66	2996	0.343	2.088E-70	1	755	776	0	922	923	82M1D22M1I174M7I14M5D25M7D12M44D6M4D12M5D14M2D3M1D16M38D5M58D37M2I38M3I3M1D47M2D18M1I13M7D7M3D41M11D41M1I59M2I34M1I7M3I4M
59	2995	0.307	2.205E-70	0	746	776	0	973	982	105M1I166M28D18M52D8M13D10M4D8M26D5M77D15M12D3M3D45M5D8M2D39M2I43M2I46M2D18M1I12M6D28M3D23M2D99M2I40M
8	2991	0.302	2.745E-70	4	759	776	5	1015	1016	101M1I162M82D15M3I9M17D4M20D17M62D9M13D15M10D53M15D39M2I21M2I4M3I14M5D48M2D16M1I13M3D4M4D22M3D22M27D3M8D58M3D40M2I40M5I8M
82	2984	0.347	4.027E-70	6	744	776	30	939	947	2M1D97M1I162M65D35M1D16M36D10M2D2M8D10M4D11M39D11M10D29M2D39M2I37M3I4M1D47M2D18M1I13M3D2M4D30M3D18M1D18M2I79M2I38M
118	2980	0.317	5.013E-70	3	754	776	2	977	978	103M1I161M60D29M18D2M2D10M22D8M7D31M1D5M4D4M31D1M14D11M4D7M25D14M14D2M2D39M2I38M3I3M1D47M2D17M1I14M6D21M2D8M2D19M5D28M12D17M2D56M2I40M3I5M
122	2975	0.323	6.592E-70	0	757	776	0	972	1001	6M2I97M1I162M22D11M38D6M20D4M6D27M14D17M20D5M8D16M17D40M8D37M2I38M3I5M2D45M2D18M1I13M7D32M4D16M9D24M21D7M2D20M19D4M14D42M2I25M3D4M7I8M3I8M
102	2962	0.316	1.343E-69	1	745	776	0	956	964	105M1I163M25D12M25D30M21D7M2D28M58D18M10D20M8D7M43D39M2I33M3I8M1D47M2D18M1I14M7D36M2D11M16D33M1D63M3D2M5I39M
58	2959	0.346	1.583E-69	1	756	776	0	888	889	104M1I162M64D4M6D43M4D21M45D11M7D6M1D25M8D14M2D39M2I37M3I4M1D47M2D18M1I10M2D7M5D22M3D26M4I33M2I16M1I41M2I34M1I15M
83	2957	0.344	1.766E-69	6	748	776	29	942	947	2M1D97M1I162M30D32M33D18M9D3M37D20M4D11M30D5M12D20M8D12M3D3M2D39M2I37M3I4M1D47M2D18M1I14M7D28M3D60M1I59M2I34M1I7M
96	2947	0.325	3.054E-69	5	744	776	37	933	948	28M2I3M3I64M1I162M19D27M4I27M2D17M59D9M51D5M2D33M39D3M3D39M2I21M4I64M1D18M3I1M2D11M10D9M4I19M3D47M8I25M1I33M2I41M
68	2945	0.324	3.407E-69	23	757	776	17	900	901	6M2I74M1I163M25D25M1D23M15D14M13D58M87D42M2I38M3I3M1D47M2D20M1I11M6D28M1D10M1D10M10D12M2D28M2D61M2I39M6I6M
74	2935	0.311	5.892E-69	8	740	776	1	924	926	97M1I162M16D14M4I7M62D5M5D19M15D2M13D37M54D2M6D21M5D16M9D36M2I43M2I45M2D18M1I14M3D4M2D35M1D13M1I12M7D24M2D60M2I20M2D14M
101	2898	0.314	4.468E-68	1	745	776	15	929	936	107M1I159M29D4M19D7M5D16M3I8M18D8M2D26M19D11M11D26M31D12M17D43M2I26M2D9M3I6M1D46M2D20M1I11M11D5M7D33M3D10M2D63M3D33M2I44M
60	2897	0.289	4.719E-68	12	757	776	9	993	994	20M10D7M3D66M1I172M18D3M5I16M21D19M9D10M26D24M8D6M47D2M18D25M65D5M10D38M2I38M3I3M1D47M2D18M1I12M6D28M3D22M2D62M6D2M1D36M2I40M3I8M
73	2896	0.318	4.985E-68	22	745	776	0	926	933	86M1I159M16D14M4I7M31D11M25D9M14D6M27D14M36D17M3D10M29D13M1D7M5D12M2D39M2I38M3I3M1D46M2D19M1I13M6D32M2I5M3D8M12D14M4D31M1D57M2I39M
65	2870	0.309	2.070E-67	8	746	776	2	870	879	97M1I163M27D16M17D14M1D30M24D26M32D8M3D14M55D16M18D38M2I43M2I46M2D17M1I14M6D33M19I8M3I18M25I43M2I40M
2	2868	0.355	2.309E-67	2	745	776	3	773	781	3M3D101M2I55M1I106M12D10M2D1M5I59M2D10M5D7M5D25M1D45M1I36M3I6M4D47M3D8M1D12M3D11M6D1M1D31M7D18M19I10M2I27M4I39M1D7M5D12M3D20M
55	2850	0.331	6.188E-67	0	759	776	0	892	893	5M1I99M1I8M1I166M7I12M9D16M84D26M5D11M60D22M8D10M8D7M3D39M2I37M3I4M1D9M1I37M2D10M1I7M1I13M7D9M17I9M5I2M4I40M1I18M2I42M2I9M1I24M1I7M3I8M
121	2819	0.448	3.379E-66	11	631	776	0	618	619	95M1I162M11I1M6D5M4D22M7I4M2D27M11D14M7D15M13I29M1D128M1D22M2D28M1I10M3I23M
12	2818	0.414	3.569E-66	5	653	776	1	674	675	97M1I165M20D13M5I8M5D50M7D17M9D29M1D30M1I43M1D6M3I3M2I80M1D27M3I23M4I39M
92	2803	0.285	8.114E-66	5	743	776	0	1075	1084	100M1I162M13D7M10D6M5I14M97D50M18D13M45D19M3D12M68D37M2I42M2I2M2D45M2D18M1I13M7D38M2D8M24D10M5D19M23D4M14D11M17D55M2I41M
125	2738	0.329	2.850E-64	5	744	776	26	808	813	100M1I162M25D12M5D5M8D10M2I7M23D13M4D35M1D27M6D52M2I30M15I46M2D19M1I16M7D25M2D8M1I11M10I8M8I3M2D70M2I39M
18	2731	0.264	4.182E-64	5	753	776	0	1247	1248	103M1I159M66D7M16D5M8D10M15D40M12D11M36D39M62D14M46D37M2I23M1I13M3I4M2D47M2D18M1I13M3D2M4D34M2D14M85D14M101D19M35D26M17D37M2I43M3I4M
114	2709	0.296	1.395E-63	1	745	776	0	923	929	107M1I108M1D53M11D11M2I16M11D13M2D19M48D6M15D7M27D17M16D3M20D14M1D16M18D38M2I25M2D16M2I45M1D4M1D15M6I10M3D4M7D27M3D80M6D1M1D33M2I42M
104	2707	0.294	1.556E-63	0	745	776	0	930	938	5M1I38M32I28M1I163M69D13M5I26M8D23M8D17M6D23M9D10M29D8M75D38M2I37M3I4M1D47M2D17M1I14M3D2M4D37M2D9M5D12M3D7M6D42M2D40M2I39M
79	2705	0.338	1.736E-63	54	752	776	1	888	889	51M1I164M17D19M29D7M18D7M3D16M2D5M7D9M13D11M14D12M25D4M22D11M23D21M3D39M2I37M3I4M1D47M2D18M1I13M7D29M3D19M8D26M3D15M1I55M2I38M1I11M
80	2702	0.314	2.046E-63	43	743	776	1	922	931	62M1I163M25D12M68D5M5D17M12D15M1I27M1D14M9D28M84D5M2D38M2I40M1D2M3I46M2D17M1I14M6D28M2D20M10D8M6D32M2I59M2I37M
32	2676	0.299	8.497E-63	43	759	776	1	928	929	61M1I163M25D15M21D13M3D18M23D21M8D17M6D12M38D29M75D38M2I39M4I3M2D45M2D18M1I14M7D38M2D8M13D38M5D17M2I45M2I38M7I8M
84	2653	0.315	2.994E-62	49	742	776	1	919	929	56M1I162M25D25M2D11M41D13M32D3M9D28M1D5M42D9M4D31M54D38M2I37M3I4M1D47M2D17M1I14M4D4M2D34M2D32M2D24M4D15M7D40M2I36M
14	2637	0.331	7.190E-62	4	746	776	83	883	886	104M26I7M3I72M1D52M10D5M1D11M2I11M2D2M13D6M36D23M27D20M15D10M4D32M6D41M2I91M2D20M1I11M5D2M1D10M1D18M1D26M7I11M3I6M21I42M2I43M
21	2578	0.381	1.819E-60	2	607	776	0	700	745	103M1I110M1D52M8D13M5I56M1D8M16D5M12D3M2D4M13D12M22D16M23D41M2I37M1D5M1I47M2D19M1I8M1I4M6D29M1I22M
11	2537	0.446	1.717E-59	5	626	776	4	589	596	38M32I30M1I169M3I12M1D22M2I21M1I13M9I37M11D22M1D53M2I4M2D69M1D11M2D37M1I12M3I18M
103	2512	0.299	6.749E-59	27	745	776	0	879	886	49M4I8M5I7M3I168M11D12M3I7M23D10M21D15M3D31M10D3M10D7M59D21M21D12M3D39M2I89M1D4M1D16M1I13M4D5M3D32M3D13M1I58M9D40M2I39M
110	2417	0.280	1.226E-56	91	759	776	0	879	880	13M1I164M69D12M5I26M8D23M8D17M13D17M31D24M75D38M2I37M3I4M1D47M2D18M1I14M7D38M2D9M5D12M3D48M8D41M2I39M7I7M
81	2364	0.288	2.232E-55	40	775	776	7	878	885	66M1I162M69D12M5I10M25D13M3D19M1D3M31D6M23D17M13D20M20D19M17D38M2I39M4I3M2D45M2D18M1I10M2D7M5D35M2D12M18I30M2I19M16I3M7I3M23I48M
123	2055	0.331	4.975E-48	45	571	776	0	713	715	60M1I168M35D11M9D30M1D6M8D26M9D8M1D2M17D2M11D9M21D26M69D37M2I42M2I47M2D32M9D16M
19	1876	0.230	8.983E-44	3	741	776	9	724	735	30M1D14M2I2M4D41M1I13M2I42M1D11M5D6M8D18M1I3M3D28M2D7M5D7M5I32M12I10D15M3I38M1I14M3I15M9I9M1I4M2I12M2D6M2D19M2I29M1I8M3I4M2D6M2D42M2D16M1I13M4D4M7D24M1D10M9I9M4D38M1D6M4I11M7I8M7I1M13I7M1D10M1I17M
90	1493	0.191	1.151E-34	0	745	776	0	692	697	7M1I25M1I16M5I49M2I42M5D18M1I20M1I24M1I4M11I4M1I35M6I7M20D14M8I36M4I7M10I12M5I54M5I7M2D6M1D18M2I8M5D38M4D8M1I19M1D10M2D6M6I22M2I18M20I17M2I27M2D4M1I10M1D12M2D3M3I6M1D34M
4	1472	0.194	3.636E-34	5	743	776	3	683	688	47M4I48M2I40M3D3M2D16M1I21M1I23M4D10M12I34M4D37M1D12M3D4M8D65M1I17M3D28M5I11M3D2M1D8M2I8M4I7M5D7M5D31M4D8M1I16M1D15M2I6M3I27M64I8M2I8M4D13M7I10M1I19M3D18M
129	1312	0.187	2.320E-30	12	742	776	1	653	656	2M1D2M1I15M1I11M35I3M2D4M1D18M2I42M5D18M1I20M1I24M1I4M12I38M7D14M8D6M7D7M5I17M6I16M25I9M5I24M2D25M3I5M2I7M2D6M1D7M1D21M1I6M3D31M4D9M1I16M1D14M1I11M7I15M2I4M2D4M2I16M8I51M4I4M4I18M1I5M1D13M1D8M4D10M
99	1136	0.221	3.554E-26	6	480	776	17	448	450	8M1D2M1I15M1I17M5I51M2I38M3D3M1D14M1I23M1I40M10I36M6I1M6D13M5I11M1I7M9I19M11I74M5I9M3D4M1D6M1D11M3I9M2D3M
17	688	0.154	1.600E-15	10	773	776	3	713	985	21M2I12M3I28M1I4M1D26M2I38M3D24M9D19M1I17M8D2M3D8M2D13M10D27M4D10M27D8M3D4M16D73M1I16M5D40M15I6M2I16M4I33M20I10M13I5M5I3M11I9M26I93M18I6M6I19M16I4M2D24M
93	633	0.134	3.252E-14	2	771	776	0	665	803	6M1D4M2D34M2I9M5I43M3I40M7D15M3I19M2D28M10D5M8D10M4I31M2I3M13I4M4I7M4I50M12I28M11I8M44I20M1I3M8I21M16I3M15I3M12I9M2D11M12D13M27D27M2D36M10D27M1I7M12I4M9I19M6I36M
 