10	6244	1.00	0.000E+00	0	783	784	0	783	784	784M
97	4900	0.745	0.000E+00	0	783	784	0	785	786	301M1D8M1D51M2I21M2D24M1D88M1I168M1D70M1I49M
0	4872	0.764	0.000E+00	17	783	784	4	753	754	286M4D2M3I53M24I22M2D13M1D75M1I94M1D74M1D30M2D90M
98	4778	0.731	7.715E-104	17	783	784	4	775	776	292M1D32M6D19M2I16M3D19M5I9M1I15M1D162M1I107M1D61M2D26M
91	4237	0.604	5.540E-92	18	783	784	0	787	788	2M1D278M3D7M5I16M3D15M5D39M6D49M4D221M1D15M1D27M1D63M2D29M
124	3395	0.440	1.548E-73	25	777	784	0	712	713	103M1I163M9D24M1I14M15I17M7D30M28I51M1D21M1D104M5D53M5I26M11I7M3D30M1I12M1I9M2I20M1I3M
7	3285	0.399	3.977E-71	18	783	784	0	826	857	286M5D43M3D13M1D10M11D7M14D46M6D48M2D22M2D17M1D50M2I20M1D95M3D16M7D4M3D55M2I21M6D9M
87	3284	0.408	4.182E-71	23	782	784	4	747	770	272M4D13M1I36M10I30M2I28M15I41M2D22M2D67M2I17M2D2M1I15M1I26M1I22M3D49M4D56M2I17M1D7M1D5M
100	3277	0.403	5.953E-71	25	783	784	3	804	806	102M1I159M9I10M3D18M2D3M1D16M5D45M1D12M6D29M15D66M2D99M4D4M4D30M2D6M2D63M3D36M2I11M1D4M2I24M6D8M
40	3262	0.417	1.269E-70	20	783	784	0	754	776	267M4I1M8D13M2I31M1I58M5I5M16I48M2D25M2D64M2I17M2D2M1I15M1I22M3I6M2D28M3D28M1D7M4D6M3D54M2I17M1D13M
63	3257	0.405	1.633E-70	17	783	784	0	755	778	4M2I269M15I26M4D27M2I12M1I37M2I57M2D25M2D64M2I16M2D3M1I17M1I20M3I6M2D18M3D43M1D8M3D54M2I17M1D13M
1	3256	0.421	1.717E-70	24	783	784	3	777	787	103M1I159M10I11M4I11M4I39M1I45M3I18M1D24M1D12M2D26M2D65M1I2M1I15M2D16M1D32M2I17M4D52M6D32M1D11M5D14M11D18M6D11M
128	3246	0.375	2.844E-70	24	783	784	4	875	876	101M1I163M4D36M22D16M8D14M7D23M9D20M4D13M7D10M22D12M2D63M2D10M1I90M6D32M2D17M14D23M1D15M3D13M5D32M2I21M2I30M
120	3231	0.439	6.061E-70	18	781	784	0	757	764	3M1I102M3I160M4I20M3D4M2D12M2D12M1D3M7D28M2D33M14D10M2I17M2I37M2D24M2D65M2I20M1D13M6D32M4I12M1I6M3I9M4I11M17I34M3I21M2I28M
20	3221	0.395	1.004E-69	19	783	784	0	752	772	108M1I161M20I12M6D10M8D6M7I10M1I42M11I63M2D22M2D67M2I17M2D2M1I19M1I18M3I6M2D26M3D43M8D54M2I17M1D4M3D9M
70	3200	0.353	2.895E-69	21	783	784	0	855	858	106M1I161M3D6M38D20M6D47M5D48M23D16M2D6M2D63M2D14M3I1M1D84M6D32M2D37M5D32M6D31M2I21M2I30M
95	3186	0.412	5.866E-69	25	783	784	0	718	720	99M3I169M4I12M4I24M12I18M1I26M2I15M2I15M3D40M2D24M2D65M2I18M2D1M1I15M6D28M4I16M7I6M3I24M6I38M3I20M2I22M1D8M
89	3185	0.404	6.170E-69	20	783	784	0	755	777	4M1D263M9I26M11D16M1I70M21I41M2D22M2D67M2I17M2D2M1I15M1I26M1I32M3D28M1D7M4D6M3D54M2I17M1D13M
49	3174	0.352	1.075E-68	21	783	784	0	861	862	106M1I160M3I17M5D24M8D14M15D34M41D18M8D29M7D5M2D63M2D14M3I1M1D84M6D36M2D15M4D18M1D32M6D31M2I21M2I23M2D7M
47	3158	0.373	2.409E-68	21	774	784	0	807	820	106M1I160M2I16M2D33M5D14M10D15M1D5M10D16M1D36M33D8M2D62M2D11M4I6M2D81M6D37M2D15M1D28M5I8M7I32M2I21M2I21M
48	3154	0.346	2.947E-68	21	781	784	0	898	899	106M1I160M3I15M10D12M1D30M1I19M6D20M98D41M13D3M2D63M2D14M3I1M1D84M6D37M2D12M5D47M1D4M3D32M2I21M2I28M
3	3151	0.347	3.429E-68	21	781	784	0	881	882	106M1I160M3I17M51D9M6D21M25D8M5D17M3D5M3D32M10D33M7D62M2D11M4I6M2D81M6D36M2D33M5D32M6D31M2I21M2I28M
52	3151	0.344	3.429E-68	21	783	784	0	905	913	106M1I160M3I14M85D6M12D3M7D3M5D16M7D31M4D21M5D48M7D62M2D11M4I6M2D81M6D36M2D11M5D54M6D31M2I21M2I30M
88	3148	0.403	3.989E-68	24	783	784	5	750	770	103M1I160M10I70M5I39M12I47M2D22M2D67M2I15M2D4M1I15M1I22M3I6M2D26M3D40M5D3M3D54M2I17M1D7M3D6M
54	3145	0.336	4.640E-68	21	783	784	0	920	923	106M1I160M3I12M29D12M39D7M4D18M24D10M8D23M16D37M25D22M2D63M2D11M4I6M2D81M6D33M2D36M5D32M6D31M2I21M2I30M
50	3144	0.357	4.881E-68	21	783	784	0	905	906	106M1I160M3I11M52D12M22D24M23D8M6D24M2D40M23D14M1D8M3D63M2D14M3I1M1D84M6D37M2D32M5D32M6D31M2I21M2I30M
35	3142	0.340	5.399E-68	21	783	784	0	928	929	106M1I161M2D42M8D25M1D17M40D6M28D11M5D6M35D18M10D7M17D11M3D63M2D11M4I6M2D81M6D37M2D12M2I3M3D15M5D32M6D31M2I21M2I25M2D5M
13	3139	0.350	6.281E-68	21	783	784	0	891	894	106M1I160M3I14M29D10M32D8M8D12M1D12M18D7M1D27M4D16M5D21M6D9M12D5M2D63M2D11M4I6M2D81M6D37M2D16M4D11M4D36M3D32M2I21M2I30M
131	3137	0.347	6.947E-68	26	782	784	5	895	896	101M1I159M10I7M4D10M3D29M5D10M15D12M2D17M7D17M5D21M13D12M58D63M2D11M4I5M2D82M6D34M1D15M17D7M5D44M8D32M2I21M2I29M
46	3133	0.337	8.501E-68	21	778	784	0	917	926	106M1I160M3I14M13D37M46D7M23D22M29D42M8D14M20D5M2D63M2D14M3I1M1D84M6D36M2D33M1D32M6D31M2I19M10D29M
45	3133	0.334	8.501E-68	21	783	784	0	924	927	106M1I160M3I4M2I31M3D7M5D4M2D11M75D18M13D10M3D4M25D28M25D22M2D63M2D11M4I6M2D81M6D33M2D35M5D33M6D31M2I21M2I30M
56	3132	0.339	8.940E-68	21	783	784	0	928	931	106M1I160M3I14M29D10M35D8M8D14M25D9M5D27M15D18M9D32M22D7M5D2M2D63M2D11M4I6M2D81M6D37M2D48M5D16M6D31M2I21M2I30M
43	3126	0.330	1.210E-67	21	783	784	0	928	931	106M1I160M3I11M5D33M1D4M2D11M75D5M13D16M31D37M24D20M2D4M2D63M2D11M4I6M2D81M6D37M2D35M8D5M3D55M2I21M2I30M
61	3126	0.327	1.210E-67	21	782	784	0	932	933	106M1I159M10I7M76D15M22D40M20D12M7D43M20D19M7D62M2D11M4I3M2D84M6D34M1D17M12D7M3D26M3D16M9D32M2I21M2I29M
115	3121	0.330	1.557E-67	21	781	784	0	981	982	105M1I162M10I6M19D13M3D20M86D14M21D11M25D28M4D4M2D14M2D16M20D8M16D62M2D14M1I2M1I82M6D34M2D43M4D3M18D22M8D32M2I21M2I28M
113	3120	0.334	1.638E-67	21	781	784	0	914	915	106M1I158M3I13M5D30M8D11M79D10M6D29M20D38M16D13M11D62M2D11M4I6M2D81M6D36M2D18M2D45M2D33M2I21M2I24M5D4M
37	3115	0.371	2.108E-67	25	783	784	2	813	829	11M2D91M1I54M1I109M3D35M1D34M30D15M4D53M11D42M2D24M2D65M2I18M2D1M1I9M2I9M5D25M2I121M2I24M2D8M
116	3112	0.347	2.452E-67	21	782	784	0	892	893	106M1I160M3I11M5D30M8D10M73D11M6D29M11D33M11D18M11D62M2D14M3I1M1D84M6D36M2D18M2D22M2D23M1D13M1D19M2I22M2I29M
41	3112	0.348	2.452E-67	21	783	784	0	923	924	105M1I161M3I12M26D12M36D7M21D11M4D18M13D4M10D12M12D38M4D9M19D21M6D60M2D14M3I1M1D82M6D39M2D21M2D43M6D31M2I21M2I24M2D6M
71	3112	0.336	2.452E-67	25	778	784	16	926	934	102M1I160M3I10M13D41M12D9M17D6M54D21M3D4M20D28M23D22M4D63M2D14M3I1M1D84M6D33M2D36M5D32M6D32M2I20M2I25M
117	3107	0.331	3.155E-67	25	783	784	6	996	1003	102M1I181M5D17M36D21M1D34M27D5M39D13M2D30M22D4M35D62M2D14M1I87M6D32M3D15M9D15M4D16M35D17M1D6M11D33M2I19M2I30M
58	3106	0.349	3.319E-67	21	783	784	0	886	889	106M1I160M3I4M2I31M3D7M5D4M2D17M5D6M4D5M20D10M48D8M8D38M20D10M7D62M2D11M4I6M2D81M6D36M2D31M1D33M3D33M2I18M4I6M2D24M
94	3103	0.336	3.861E-67	21	782	784	0	923	924	106M1I159M15I13M20D5M41D18M1I32M12D11M40D13M8D10M20D7M3D22M11D61M2D11M4I5M2D82M6D30M1D18M5D6M4D6M9D12M2I23M5D35M2I21M2I29M
69	3102	0.338	4.061E-67	21	783	784	0	921	924	106M1I160M3I9M2I13M9D16M6D12M80D12M11D13M13D18M1D12M9D14M5D10M9D11M7D62M2D11M4I6M2D81M6D37M2D12M7D18M1D33M3D32M2I21M2I30M
51	3100	0.341	4.492E-67	26	778	784	5	923	932	101M1I160M3I10M13D41M46D7M23D23M43D41M8D17M20D2M2D63M2D11M4I6M2D81M6D37M2D32M5D32M6D31M2I21M2I25M
44	3096	0.348	5.496E-67	21	783	784	0	883	886	106M1I160M8I10M3D8M59D20M14D17M4D3M5D20M13D26M10D33M7D62M2D11M4I6M2D81M6D37M2D32M5D32M6D31M2I21M2I30M
62	3094	0.329	6.079E-67	26	782	784	5	930	931	101M1I159M10I40M12D16M15D12M25D20M14D4M34D10M11D19M34D15M7D62M2D11M4I5M2D82M6D34M1D17M3D10M16D39M6D32M2I21M2I29M
16	3091	0.324	7.072E-67	0	774	784	13	971	978	127M1I162M10I55M4D29M23D17M32D10M77D5M10D17M22D62M2D14M3I1M1D81M1D3M4D35M1D14M4D9M4D9M8D11M5D20M1D2M3D33M2I20M2I21M
108	3089	0.335	7.823E-67	21	782	784	0	927	928	106M1I166M8I6M2D6M3D21M5D18M7D9M5D3M4D8M10D15M20D13M22D15M68D10M2D7M2D62M2D11M4I3M2D84M6D34M1D13M5D7M3D47M14D32M2I20M2I29M
15	3087	0.320	8.654E-67	0	774	784	22	976	983	14M4I3M3I103M1I166M6I14M5D46M4D24M13D17M32D10M20D6M75D14M16D64M2D14M3I1M1D82M5D37M1D29M16D14M5D4M1D18M5D33M2I20M2I21M
6	3084	0.325	1.007E-66	26	782	784	5	969	970	99M1I168M8I6M72D11M1D9M13D28M23D11M19D11M6D6M8D11M9D13M4D26M32D61M2D11M4I3M2D84M6D34M1D14M5D10M10D11M5D11M2D21M5D31M2I21M2I29M
76	3083	0.346	1.059E-66	21	783	784	0	922	925	106M1I160M3I4M2I18M9D16M6D11M47D11M25D8M1D5M40D46M3D15M4D7M16D61M2D14M3I1M1D84M6D37M2D9M2D8M1I10M7D35M3D32M2I21M2I30M
105	3082	0.327	1.114E-66	21	782	784	0	962	963	106M1I159M10I7M76D15M1D6M13D21M16D9M6D17M15D9M18D13M8D6M14D10M3D23M19D62M2D11M4I5M2D82M6D34M1D14M3D6M6D28M2D18M9D32M2I21M2I29M
30	3082	0.323	1.114E-66	26	782	784	5	971	972	101M1I159M10I7M76D15M1D9M13D18M7D3M2D14M58D55M26D12M6D3M2D62M2D11M4I3M2D84M6D34M1D12M17D11M2D15M3D28M5D32M2I21M2I29M
111	3080	0.323	1.232E-66	26	782	784	5	937	938	101M1I159M10I7M76D15M22D56M7D18M17D7M9D12M8D15M17D5M2D61M2I1M4D10M4I3M2D84M6D34M1D15M16D9M2D13M1D28M7D33M2I21M2I29M
36	3079	0.372	1.296E-66	25	781	784	2	821	829	10M2D88M1I58M1I109M3D35M1D37M25D36M1D27M4D8M15D36M2D24M2D65M2I18M2D1M1I9M2I9M5D25M2I14M6D8M8I32M1I7M3D51M2I18M1D7M11D5M
25	3079	0.324	1.296E-66	26	782	784	5	969	970	99M1I168M8I6M2D6M27D5M34D8M23D29M5D15M13D4M46D8M1D25M4D15M25D10M7D62M2D11M4I5M2D82M6D34M1D14M5D11M14D13M3D29M5D31M2I20M2I30M
130	3077	0.336	1.433E-66	21	781	784	0	982	983	105M1I167M6I14M30D5M22D8M29D7M36D22M5D14M1D14M23D12M14D13M5D6M10D7M22D6M1D67M2D14M3I1M1D84M6D37M2D14M8D12M6D9M8D6M1I21M6D32M2I21M2I28M
8	3076	0.330	1.507E-66	24	783	784	5	1015	1016	103M1I161M4D15M7D13M1D33M24D23M12D20M4D19M82D21M62D70M2D91M6D35M2D14M5D20M19D13M17D22M8D35M2I17M2I19M1D11M
66	3073	0.330	1.753E-66	21	781	784	0	922	923	82M1D24M1I165M8I4M3D11M8D15M6D17M17D26M20D20M32D17M15D15M44D69M2D13M4I4M2D79M6D39M2D20M8D12M5D5M6D26M2D32M2I21M2I28M
82	3072	0.337	1.844E-66	22	777	784	28	942	947	5M1I99M1I160M3I15M14D21M57D10M29D16M4D32M26D36M18D11M2D63M2D11M4I6M2D81M6D37M2D20M1D14M1D2M2D27M6D32M2I21M2I24M
86	3072	0.317	1.844E-66	26	782	784	5	969	970	99M1I161M10I14M74D8M22D24M29D11M5D24M6D6M8D46M43D3M2D62M2D11M4I5M2D82M6D34M1D14M5D11M14D12M1D5M2D24M5D32M2I21M2I29M
22	3070	0.316	2.040E-66	21	782	784	0	957	958	106M1I160M10I13M4D3M3D29M33D12M14D13M21D44M58D10M30D10M15D63M2D11M4I5M2D82M6D34M1D15M16D9M2D13M3D29M5D32M2I21M2I29M
72	3068	0.336	2.257E-66	26	781	784	5	957	958	100M1I167M8I6M2D6M62D20M16D12M5D15M38D5M18D23M4D10M10D16M19D12M4D6M2D62M2D16M2I81M5D38M1D14M13D52M11D31M2I21M2I28M
31	3067	0.317	2.373E-66	26	782	784	5	969	970	99M1I161M10I14M74D8M22D24M29D11M5D24M6D5M17D25M4D19M30D6M2D62M2D11M4I3M2D84M6D34M1D12M5D13M14D12M1D3M2D27M5D31M2I21M2I29M
42	3066	0.334	2.496E-66	21	781	784	0	932	933	106M1I160M8I8M10D27M6D8M24D10M1D25M6D32M21D10M14D10M74D69M2D11M4I6M2D79M6D39M2D24M8D11M8D29M5D31M2I21M2I28M
112	3066	0.327	2.496E-66	25	782	784	4	970	971	102M1I159M10I18M67D12M14D19M7D8M24D7M7D10M35D14M12D20M10D13M7D9M5D6M2D62M2D11M4I3M2D82M6D36M1D13M5D4M4D4M1D26M12D20M5D34M2I16M2I31M
127	3065	0.322	2.625E-66	0	781	784	22	1012	1013	126M1I163M8I10M2D6M62D23M33D10M22D24M33D18M4D16M11D10M19D12M4D6M2D62M2D14M3I1M1D81M5D38M1D14M13D51M11D32M2I21M2I28M
33	3064	0.323	2.761E-66	26	782	784	5	969	970	99M1I161M10I7M43D5M31D10M1D9M13D12M7D25M35D13M6D6M8D46M43D3M2D62M2D11M4I5M2D82M6D34M1D13M5D12M14D12M1D3M2D26M5D32M2I21M2I29M
67	3062	0.310	3.054E-66	18	783	784	0	963	964	5M2I102M1I160M10I33M19D14M32D38M9D8M37D12M31D12M7D12M50D5M2D63M2D14M1I2M1I82M6D37M1D13M3D19M12D32M7D33M2I21M2I24M1I5M
75	3061	0.306	3.212E-66	26	782	784	5	969	970	101M1I159M10I19M98D28M8D11M59D56M5D16M17D6M2D62M2D11M4I3M2D82M6D36M1D14M3D23M17D28M7D33M2I21M2I29M
126	3060	0.359	3.378E-66	17	777	784	0	807	808	106M2I2M1I228M1I74M27D64M2D16M2I49M1I31M4D33M2I14M14D22M3D33M12D29M3I4M1I17M2I24M
107	3060	0.319	3.378E-66	26	783	784	5	968	969	101M1I166M6I14M27D5M26D8M22D13M16D9M52D6M18D46M16D28M6D3M2D63M2D11M4I3M2D84M6D34M1D13M5D18M14D30M2D6M5D31M2I21M2I24M1I5M
106	3060	0.324	3.378E-66	26	782	784	5	969	970	99M1I161M10I7M4D10M27D5M34D8M14D21M2D30M55D6M8D11M9D7M28D20M1D11M7D62M2D11M4I5M2D82M6D34M1D14M5D11M14D12M1D5M2D24M5D32M2I21M2I29M
26	3059	0.322	3.553E-66	21	782	784	0	969	970	104M1I168M8I6M2D6M27D5M34D8M23D29M23D22M25D5M17D25M4D19M30D6M2D62M2D11M4I3M2D84M6D34M1D14M5D11M14D12M1D3M2D27M5D31M2I21M2I29M
64	3058	0.313	3.737E-66	26	782	784	5	967	968	101M1I159M10I7M76D15M22D44M62D13M14D14M6D37M5D6M2D62M2D11M4I3M2D84M6D34M1D15M17D10M2D37M7D4M1D32M2I21M2I29M
109	3057	0.327	3.930E-66	21	780	784	0	914	915	106M1I160M10I7M5D10M9D16M6D17M32D35M18D5M27D7M39D15M7D6M2D11M9D6M2D62M2D11M4I6M2D81M6D37M2D32M4D31M2D32M2I21M2I27M
53	3057	0.321	3.930E-66	26	783	784	5	963	964	101M1I159M10I14M4D3M3D71M25D26M37D14M58D8M56D62M2D11M4I3M2D84M6D34M1D13M5D32M4D12M8D9M10D33M2I20M2I24M1I5M
34	3055	0.319	4.347E-66	26	782	784	5	969	970	99M1I161M10I18M65D19M16D44M55D6M8D16M2D9M11D14M25D10M7D62M2D11M4I5M2D82M6D34M1D14M5D11M14D13M3D28M5D32M2I21M2I29M
85	3055	0.318	4.347E-66	26	782	784	5	969	970	100M1I160M10I7M4D10M27D5M34D15M16D42M2D36M60D22M46D61M2D11M4I5M2D82M6D34M1D14M5D11M14D12M1D6M2D23M5D32M2I20M2I30M
39	3054	0.322	4.572E-66	26	782	784	5	964	965	101M1I159M10I7M43D7M33D6M1D11M13D18M16D9M7D24M38D11M3D28M25D15M7D62M2D11M4I5M2D82M6D34M1D26M18D11M1D6M1D23M5D32M2I21M2I29M
38	3053	0.320	4.809E-66	26	782	784	5	968	969	101M1I159M10I7M4D10M27D5M36D15M8D21M5D10M4D5M22D9M38D29M3D10M34D15M7D62M2D11M4I3M2D84M6D34M1D15M5D8M11D21M6D22M5D32M2I21M2I29M
77	3052	0.336	5.058E-66	21	783	784	0	919	925	106M1I165M5I17M9D16M6D11M99D13M3D13M13D59M4D5M16D63M2D11M4I6M2D81M6D30M2D19M6D51M3D32M2I21M2I30M
59	3050	0.328	5.595E-66	18	782	784	0	981	982	7M2I100M1I166M8I6M77D16M17D16M37D41M1D13M38D24M17D14M23D63M2D14M3I1M1D81M4D6M1D31M2D15M3D8M1I26M1D16M10D32M2I19M4I6M2D17M2D6M
27	3049	0.321	5.884E-66	26	782	784	5	969	970	99M1I161M10I14M74D8M1D9M13D28M23D22M25D5M17D25M4D19M30D6M2D62M2D11M4I3M2D84M6D34M1D17M10D4M5D45M12D32M2I21M2I29M
28	3043	0.317	7.964E-66	26	782	784	5	970	971	99M1I161M10I18M65D20M11D16M6D27M55D6M8D11M9D7M28D20M1D11M7D62M2D11M4I3M2D84M6D34M1D14M5D11M14D12M1D5M2D25M5D31M2I21M2I29M
29	3040	0.318	9.265E-66	26	782	784	5	969	970	99M1I161M10I18M65D12M23D29M5D15M13D7M30D6M8D11M9D13M4D19M30D5M2D63M2D11M4I3M2D84M6D34M1D14M5D10M10D42M12D32M2I21M2I29M
83	3037	0.324	1.078E-65	1	777	784	18	942	947	14M13I99M1I160M3I15M3D25M9D12M74D10M15D30M47D46M1D3M2D63M2D11M4I6M2D79M1I8M7D30M2D12M5D52M5D31M2I21M2I24M
57	3036	0.342	1.134E-65	21	783	784	0	929	931	106M1I166M8I6M3D9M5D6M9D39M1D7M9D31M27D20M31D9M72D4M2D62M2D11M4I6M2D81M6D37M2D12M4D22M1D30M6D32M2I20M2I24M2D6M
118	3028	0.326	1.697E-65	21	783	784	0	977	978	106M1I159M10I15M75D8M1D5M27D12M53D12M18D9M1D41M9D34M10D62M2D14M3I1M1D81M5D18M2D20M1D12M5D11M7D16M6D17M1D9M11D35M2I18M2I24M2I4M
23	3025	0.325	1.975E-65	21	781	784	0	934	935	106M1I160M3I9M16D17M24D5M22D4M4D11M45D6M9D86M33D66M2D11M4I6M2D79M6D36M2D23M13D15M6D28M2D32M2I21M2I28M
119	3022	0.320	2.297E-65	25	782	784	4	967	968	102M1I159M10I7M43D7M13D8M1D8M6D17M8D11M7D10M6D5M22D12M44D5M5D30M14D10M17D5M2D63M2D11M4I5M2D82M6D34M1D26M18D12M3D28M5D32M2I21M2I29M
5	3017	0.317	2.956E-65	26	782	784	5	969	970	99M1I161M10I18M65D12M23D29M5D15M13D7M30D5M17D25M4D19M30D6M2D62M2D11M4I3M2D84M6D34M1D14M5D11M14D12M1D3M2D27M5D31M2I21M2I29M
24	3014	0.313	3.439E-65	26	782	784	5	969	970	99M1I161M10I14M74D8M22D59M40D6M8D46M43D2M2D63M2D11M4I3M2D84M6D34M1D14M5D11M14D12M1D5M2D25M5D31M2I21M2I29M
78	3010	0.320	4.208E-65	21	781	784	0	939	940	105M1I160M14I6M9D8M8D16M6D8M31D31M7D24M4D5M29D13M1D17M74D66M2D11M4I6M2D79M6D35M2D16M8D20M5D32M8D31M2I21M2I28M
96	2989	0.363	1.214E-64	24	783	784	36	942	948	30M2I2M3I66M1I174M4D14M4D49M9D12M11D40M69D10M26D8M28D60M2I66M1I31M7D9M2I23M2D20M3I44M5D32M2I20M4I6M2D24M
92	2987	0.300	1.343E-64	25	781	784	0	1083	1084	102M1I159M8I10M6D10M11D10M56D20M15D29M35D6M4D6M11D16M97D30M2D63M2D100M6D37M1D9M32D31M22D8M33D16M7D35M2I21M2I26M
122	2986	0.320	1.412E-64	17	783	784	1	970	1001	7M6I97M1I160M77D14M7D22M9D54M5D7M4D16M21D15M7D17M3D62M2D14M3I1M2D82M6D28M1D9M2D12M9D22M36D14M16D16M15D36M2I25M7I18M
102	2984	0.327	1.562E-64	21	782	784	0	963	964	106M1I167M6I13M27D5M35D15M22D7M17D11M20D29M21D19M9D8M5D12M15D13M7D62M2D14M3I1M1D82M6D36M1D17M9D12M11D6M1D7M6D24M1D32M2I20M2I30M
101	2980	0.317	1.911E-64	24	775	784	18	929	936	102M1I160M11I6M30D15M3D3M36D12M24D8M5D26M4D11M1D57M36D57M3D19M1I84M17D35M2D12M5D52M11D32M2I21M2I23M
74	2978	0.324	2.114E-64	31	771	784	4	924	926	96M1I161M8I8M72D14M22D24M14D8M9D20M3D11M45D49M2D2M2D62M2D14M2I84M4D51M6D5M7D46M6D32M2I18M4I6M3D13M
125	2966	0.345	3.873E-64	22	779	784	23	812	813	105M1I171M3I61M24D5M5D20M14D9M9D11M1D86M4I5M9I85M6D46M1I15M3I35M1I36M2I15M2I21M1I5M
68	2957	0.336	6.098E-64	38	781	784	9	900	901	5M3D11M2I70M1I167M8I6M2D8M3D26M14D17M8D24M3D36M17D6M48D8M34D62M2D14M3I1M1D81M5D38M1D16M10D50M15D31M2I21M2I28M
73	2927	0.335	2.770E-63	42	781	784	0	932	933	85M1I166M8I6M2D6M9D16M6D23M8D5M1D20M30D7M8D9M78D17M10D6M14D11M5D5M2D62M2D14M3I1M1D81M5D52M11D5M6D21M5D24M6D33M2I21M2I28M
60	2907	0.308	7.595E-63	25	783	784	0	992	994	12M2D13M10D9M3D68M1I166M6I22M12D8M15D21M2D5M32D38M15D8M9D7M50D24M68D62M2D14M3I1M1D82M5D37M2D11M3D14M6D24M1D16M10D32M2I19M4I6M2D24M
65	2881	0.331	2.819E-62	28	783	784	2	878	879	99M1I165M9I11M14D17M16D39M1D39M71D10M57D15M7D62M2D14M3I1M1D82M5D34M25I16M12I46M2I20M4I6M2D16M1D8M
2	2879	0.365	3.119E-62	18	772	784	3	770	781	5M1I102M2I54M1I104M10I19M1I60M7D25M3D25M3D41M1D27M2D18M1D48M1D10M1D10M4D14M6D37M6D18M4I14M4I4M1I11M5I35M2D6M1I7M5D14M1D17M
55	2871	0.315	4.669E-62	21	783	784	0	890	893	106M1I9M1I150M10I1M4D11M1D9M7D37M9D17M5D38M27D8M57D5M33D11M17D60M2D11M4I6M2D7M1I48M1I22M6D14M23I32M1D33M3D35M2I10M1I7M2I30M
18	2847	0.279	1.567E-61	25	781	784	0	1247	1248	98M1I164M3I26M15D8M50D15M17D28M9D22M11D10M72D18M20D15M50D62M1D17M1I84M6D34M1D14M137D6M1D10M18D4M77D10M8D23M8D31M2I21M2I19M1I8M
114	2824	0.319	4.999E-61	25	775	784	4	923	929	101M1I110M1D53M11I21M23D13M9D16M6D14M14D5M16D19M3D5M42D17M8D25M37D56M4D19M2I66M5I11M10D6M1I26M2D51M6D19M12D30M2I22M2I22M
21	2801	0.392	1.595E-60	24	648	784	2	702	745	103M1I108M1D57M7I37M23D18M11D25M16D28M2D16M6D5M21D66M2D90M1I7M5D27M6I8M4D15M
14	2799	0.340	1.764E-60	0	773	784	57	880	886	9M1I4M1I9M4D104M26I7M3I72M1D51M5I11M42D16M8D17M42D61M1D15M3D13M1D70M2D100M6D48M3D7M4I13M22I8M3D35M2I15M4I3M2D18M
12	2768	0.419	8.428E-60	25	690	784	1	674	675	98M1I285M17D51M1I6M2D28M2I65M2I18M1D43M4I14M1I32M1I14M
80	2768	0.320	8.428E-60	63	781	784	1	930	931	63M1I165M100D24M6D15M18D6M22D9M5D13M14D16M6D32M3D8M5D12M4D6M2D62M2D14M1I2M1I81M5D38M1D16M21D49M4D32M2I21M2I28M
32	2755	0.305	1.624E-59	63	782	784	1	928	929	62M1I168M98D19M16D36M6D24M22D10M1D25M4D15M25D10M7D62M2D11M4I3M2D84M6D35M1D12M5D12M14D12M1D3M2D26M5D32M2I20M2I30M
121	2729	0.449	6.027E-59	31	667	784	0	618	619	92M1I166M1D31M23I7M8I33M9D13M2D13M2I40M1D8M2D27M2D65M1I2M1I16M2D22M1D25M2I39M
104	2721	0.296	9.023E-59	21	782	784	0	937	938	43M32I29M1I161M10I14M74D8M1D9M13D25M21D12M21D13M6D6M8D46M43D3M2D62M2D11M4I5M2D82M6D35M1D11M5D17M10D37M12D32M2I21M2I29M
84	2710	0.311	1.572E-58	71	781	784	3	928	929	55M1I160M10I7M43D8M32D8M5D17M11D13M30D21M4D18M15D26M4D10M54D8M2D62M2D14M1I2M1I81M5D37M1D14M3D13M18D39M3D32M2I21M2I28M
79	2678	0.316	7.895E-58	73	781	784	0	888	889	53M1I161M8I12M3D7M8D16M6D17M31D22M7D25M1I10M21D12M24D11M65D66M2D14M3I1M1D82M6D33M2D18M8D51M13D32M2I21M2I28M
103	2614	0.312	1.993E-56	47	781	784	0	885	886	49M4I10M5I5M3I164M11I16M12D6M49D16M2D47M19D22M40D23M25D5M2D62M2D100M5D5M1D27M2D16M1I14M12D15M1I23M9D32M2I20M2I29M
9	2510	0.339	3.783E-54	18	783	784	0	623	639	4M1I268M22I19M41I8M15I8M42I5M46I13M16D50M2I17M2D2M1I17M1I24M1I18M3I30M3D16M4D6M3D51M4I1M2D17M1D5M6D8M
110	2441	0.286	1.229E-52	111	782	784	0	879	880	14M1I161M10I18M65D19M16D44M55D5M8D12M9D13M4D25M32D62M2D11M4I5M2D82M6D35M1D13M5D10M10D42M12D32M2I23M2I27M
11	2422	0.413	3.204E-52	25	659	784	4	583	596	38M32I32M1I195M5I4M10I29M3I30M1I5M3I19M1I26M1D8M2D26M2D67M2I18M2D15M1D32M2I22M3I6M
81	2408	0.316	6.493E-52	60	695	784	7	814	885	67M1I159M10I7M76D17M5D50M25D8M56D5M1D16M8D14M9D19M7D62M2D11M4I3M2D84M6D35M1D18M11I35M
123	2185	0.363	4.987E-47	65	607	784	0	711	715	62M1I159M1I2M2D16M91D27M8D24M4D6M31D49M7D14M6D8M13D61M2D14M1I2M1I66M1D15M8D14M
19	2059	0.238	2.872E-44	25	783	784	11	732	735	28M1D17M2D44M1I7M2I46M1D12M2D6M11D18M2D30M2D51M2D17M1D10M3I4M1I64M38I8M2I12M2D6M2D42M1D16M1I9M2D80M10D30M1D17M3I4M2D42M4I14M4I1M16I7M1D10M3I15M1I3M3I7M
90	1567	0.192	1.724E-33	19	774	784	0	695	697	7M2I26M1I12M5I54M2I40M5D17M1I21M1I24M16I6M3D36M18D23M1I35M6I34M44I33M1I7M1D2M1I10M1I4M3D4M2D18M2D33M1I3M5D10M3I17M2D17M2I11M6I14M2I15M11I15M1D21M1D11M1D10M1D18M1I7M1D10M2I5M4D16M
4	1542	0.214	6.086E-33	24	772	784	1	682	688	7M1D41M4I50M2I38M3D3M2D16M1I22M1I20M1D3M3D9M12I39M12I49M3I7M5D12M1D47M3D16M4D33M3I9M3D4M1D20M4D4M3I7M5D29M4D11M3I15M1D3M1D9M2I28M66I10M6D7M4D13M7I10M1I13M2D7M1I17M
129	1374	0.183	2.916E-29	32	772	784	1	649	656	22M1I9M23I3M10I4M1D22M2I40M5D17M1I18M1I27M16I6M3D36M25D13M3I20M7I6M2I12M19I13M33I24M2D24M1I6M2I6M2D6M1D8M1D7M1D18M3D30M2D1M2D10M3I17M2D16M1I12M11I11M3D1M1I20M1I45M7I9M1D18M1I5M1D10M1I22M
99	1193	0.241	2.692E-25	18	516	784	4	448	450	8M5D25M1I14M5I55M2I38M3D3M1D14M1I23M1I24M1D13M11I34M2D19M14I16M6I53M28I45M3I9M3D4M1D6M2D24M
17	752	0.168	1.234E-15	30	711	784	3	595	985	21M2I28M2I3M1I9M1I4M1D21M2I43M2D3M1D21M9D17M1I19M12D8M1D15M10D32M2I5M4D22M7I48M5D24M1D58M2D11M3I7M19I5M3I26M53I6M7I10M34I11M2I25M1D31M1D10M
93	690	0.176	2.816E-14	32	407	784	13	392	803	32M3D7M10I33M1I11M2I39M3D5M4D17M3I13M2D26M1I1M11D15M7D1M3I29M5I26M3I34M1D17M2D17M1I24M
 80	6533	1.00	0.000E+00	0	930	931	0	930	931	931M
127	5738	0.901	0.000E+00	1	930	931	85	1012	1013	497M1D24M2I291M1I115M
84	5680	0.889	0.000E+00	6	930	931	0	928	929	517M5D292M1I115M
72	5631	0.877	0.000E+00	1	930	931	42	957	958	404M11I106M2I291M1I115M
68	5479	0.855	0.000E+00	1	930	931	35	900	901	289M1D92M66I74M1D409M
118	5202	0.788	0.000E+00	1	930	931	42	977	978	526M1I208M2D47M1D7M1D27M3D114M
73	4835	0.706	0.000E+00	1	930	931	21	932	933	406M9I40M5I49M6I11M1I17M1D213M1I26M2D20M1D126M
24	4691	0.654	0.000E+00	1	930	931	42	968	970	291M1D16M2I57M1D38M4I48M1I37M1I26M1I22M1D178M1D61M1D14M1D133M
32	4684	0.656	0.000E+00	0	930	931	0	927	929	292M1D16M2I56M1D38M4I57M1I29M1I26M1I22M1D177M1D59M1D17M1D133M
34	4674	0.655	0.000E+00	1	930	931	42	968	970	291M1D16M2I55M1D39M4I57M1I29M1I26M1I22M1D178M1D58M1D17M1D133M
86	4673	0.658	0.000E+00	1	930	931	42	968	970	291M1D16M2I56M1D38M4I57M1I29M1I26M1I22M1D177M1D62M1D14M1D133M
26	4663	0.660	0.000E+00	1	928	931	42	966	970	291M1D16M2I56M1D38M4I57M1I29M1I26M1I22M1D177M1D59M1D17M1D131M
29	4647	0.659	0.000E+00	1	930	931	42	968	970	295M1D12M2I56M1D38M4I57M1I29M1I26M1I22M1D177M1D59M1D17M1D133M
75	4646	0.650	0.000E+00	1	930	931	42	968	970	291M1D75M1D35M4I59M1I8M1I8M1I11M1I26M1I22M1D178M1D61M1D15M1D132M
105	4644	0.652	0.000E+00	1	930	931	42	961	963	291M1D75M1D23M1I11M4I56M1I11M1I20M1I23M1I25M1D178M1D73M5I130M
33	4644	0.652	0.000E+00	1	930	931	42	968	970	291M1D16M2I57M1D38M4I53M1I32M1I26M1I22M1D177M1D60M1D16M1D133M
5	4642	0.657	0.000E+00	1	930	931	42	968	970	291M1D16M2I56M1D38M4I57M1I29M1I26M1I22M1D177M1D59M1D17M1D133M
31	4638	0.655	0.000E+00	1	930	931	42	968	970	295M1D12M2I56M1D38M4I57M1I29M1I26M1I22M1D177M1D59M1D17M1D133M
6	4633	0.652	0.000E+00	1	930	931	42	968	970	291M1D16M2I56M1D38M4I54M1I32M1I26M1I22M1D177M1D59M1D17M1D133M
111	4631	0.654	0.000E+00	1	930	931	42	936	938	295M1D84M36I49M1I29M1I26M1I23M1D176M1D77M1D132M
67	4627	0.655	0.000E+00	1	930	931	43	963	964	367M1D29M4I18M2I38M1I14M1I20M1I27M1I21M1D178M1D80M2I7M1I115M1D3M
25	4624	0.655	0.000E+00	1	930	931	42	968	970	291M1D16M2I56M1D38M4I57M1I29M1I26M1I22M1D177M1D59M1D17M1D133M
27	4617	0.657	0.000E+00	1	930	931	42	968	970	291M1D16M2I56M1D38M4I57M1I29M1I26M1I22M1D177M1D61M1D20M1D128M
112	4616	0.644	0.000E+00	1	930	931	42	969	971	291M1D76M1D37M4I49M2I35M1I26M1I22M1D178M1D75M3D21M1I111M
38	4609	0.654	0.000E+00	1	930	931	42	967	969	291M1D83M1I28M4I57M1I8M1I20M1I26M1I22M1D177M1D62M3D23M1I123M
85	4602	0.655	0.000E+00	1	930	931	42	968	970	291M1D16M2I56M1D38M4I57M1I29M1I26M1I22M1D178M1D61M1D14M1D133M
61	4596	0.639	0.000E+00	1	930	931	42	931	933	288M1D116M4I40M10I4M30I29M1I22M1D177M1D61M1D19M1D129M
64	4596	0.649	0.000E+00	1	930	931	42	966	968	288M1D116M4I48M2I15M1I23M2I22M1I22M1D178M1D60M1D15M1D133M
30	4593	0.657	0.000E+00	1	930	931	42	970	972	291M1D75M1D37M4I54M1I11M1I20M1I26M1I21M2D178M1D59M1D18M1D132M
53	4572	0.645	0.000E+00	1	930	931	42	962	964	291M1D79M1D33M4I57M1I8M1I8M1I31M8I22M1D178M1D59M1D16M1D133M
106	4572	0.658	0.000E+00	1	930	931	42	968	970	291M1D16M2I56M1D38M4I57M1I29M1I26M1I22M1D178M1D61M1D14M1D133M
28	4537	0.657	0.000E+00	1	930	931	42	969	971	291M1D16M2I17M1D39M1D38M4I57M1I29M1I26M1I22M1D178M1D58M1D17M1D133M
107	4524	0.630	0.000E+00	1	930	931	42	967	969	295M1D12M2I53M1D41M4I25M16D8M13I9M4I27M1I32M1I17M1D177M1D62M1D21M1D10M1I115M
39	4522	0.646	0.000E+00	1	930	931	42	963	965	294M1D72M1D37M4I26M16D8M17I15M1I13M5I29M1I22M1D177M1D61M1D56M1I91M
119	4484	0.647	0.000E+00	1	930	931	42	966	968	291M1D60M2I13M1D37M1I3M3I54M1I8M1I20M1I26M1I22M1D177M1D61M11I7M12D130M
62	4458	0.620	4.349E-104	1	930	931	42	929	931	295M1D71M29I12M8I18M16D8M17I15M1I13M5I29M1I22M1D177M1D61M11I7M12D38M1I91M
115	4448	0.605	7.915E-104	1	930	931	42	981	982	252M3D33M1D40M1D28M1D14M1D12M4I7M2I34M3I20M1D19M3D57M1D196M1D37M1D42M3D28M2D102M
22	4440	0.612	1.218E-103	1	930	931	42	956	958	307M2I52M1D18M7I17M1I3M3I13M2I7M16D8M17I16M1I23M1I23M1I22M1D178M1D76M1D132M
16	4409	0.604	6.530E-103	1	929	931	76	977	978	266M1I21M2I21M1I40M1D24M2I17M5I33M2I73M9I21M6I260M2D31M2I92M
108	4405	0.616	8.110E-103	1	930	931	42	926	928	344M1I29M38I39M1I20M1I65M2I181M1D64M1D36M3I17M1I88M
131	4396	0.618	1.321E-102	1	930	931	42	894	896	288M1D116M4I42M81I13M1D177M1D60M1D32M4D117M
94	4389	0.621	1.930E-102	1	930	931	42	922	924	344M1I32M37I48M4I7M1I23M1I23M3I20M1D175M1D66M1D52M5I88M
74	4346	0.649	1.983E-101	1	919	931	36	924	926	288M2I14M1D80M1I63M21I57M1I195M1I30M1I34M5I24M1I87M2D14M
104	4344	0.629	2.210E-101	31	930	931	39	936	938	3M1D8M1I5M1D244M1D16M2I57M1D38M4I53M1I32M1I26M1I22M1D177M1D62M1D17M1D130M
102	4320	0.600	8.113E-101	1	930	931	42	963	964	367M1D36M4I9M2I21M6I13M1I23M1I37M1I22M1D178M1D86M3D120M1D3M
130	4289	0.587	4.352E-100	1	930	931	42	982	983	249M3D39M1D37M1D25M1D17M1D31M2I47M3I9M1D9M3D61M1I15M2D174M1D39M1D46M1D25M1D101M
15	4280	0.581	7.087E-100	1	929	931	78	982	983	266M1I28M2I6M2I47M1D15M2I25M5I97M11I33M4I261M2D124M
110	4241	0.641	5.864E-99	49	930	931	0	878	880	243M1D16M2I56M1D38M4I57M1I29M1I26M1I22M1D177M1D62M1D14M1D133M
59	4219	0.561	1.931E-98	1	930	931	43	978	982	252M3D33M1D38M1D30M1D26M1I67M1D9M3D26M5D29M3D247M1D16M2I17M3I9M8I16M1D101M
60	4179	0.558	1.687E-97	1	930	931	53	990	994	249M3D34M1I39M1D29M1D13M3I7M2I11M4D59M1D20M3D47M1I35M6D208M1D16M1I33M5I22M1D95M
42	3988	0.529	5.268E-93	1	930	931	42	932	933	237M1D20M2I52M7I35M1I10M2I4M5I18M9I35M1I3M3I19M1I85M7I163M1D39M1D37M5I40M1D90M
109	3955	0.525	3.149E-92	1	929	931	42	914	915	239M1D50M1I35M1D43M3I18M15I44M3I5M2I31M5I18M1I16M11I181M1D37M1D25M14I41M5I86M
57	3955	0.524	3.149E-92	1	926	931	42	921	931	236M1D26M1I62M1D40M4I13M1D9M14I46M1I35M10I9M7I206M1D39M1D18M12I18M1I31M1I87M
3	3954	0.520	3.324E-92	1	930	931	42	881	882	224M10D1M4I4M5I51M1I8M17I9M1D41M3I22M15I14M1I28M39I13M2I45M2I170M1D39M1D17M8I14M5I36M1I91M
56	3937	0.516	8.350E-92	1	930	931	42	926	931	224M10D1M4I4M5I42M2I7M1I34M1D51M3I12M15I39M1I36M11I8M1I25M1I192M1D38M1D23M13I45M1I91M
44	3930	0.525	1.220E-91	1	930	931	42	881	886	224M5D9M4I52M3I8M15I9M1D41M3I22M15I14M1I28M2I46M23I6M18I176M1D39M1D17M8I14M5I36M1I91M
76	3928	0.520	1.360E-91	1	930	931	42	924	925	239M1D64M2I20M1D28M1I12M3I21M15I43M3I5M2I8M1I22M5I21M1I13M8I182M1D39M1D12M3I20M10I35M1I84M4D7M
54	3920	0.516	2.098E-91	1	930	931	42	918	923	239M1D46M1D40M1D27M2I13M3I20M15I15M1I21M17I6M8I76M2D170M1D39M1D24M8I7M5I36M1I91M
113	3916	0.520	2.605E-91	1	930	931	42	914	915	235M1D53M7I29M1D41M19I22M1D42M3I60M2I15M15I178M1D37M1D19M4I6M12I39M5I83M5D4M
43	3916	0.517	2.605E-91	1	930	931	42	926	931	224M10D4M9I52M1I35M1D17M1I21M20I5M1D17M1D42M3I5M3I54M2I10M7I189M1D37M1D18M8I13M5I36M1I91M
23	3916	0.525	2.605E-91	1	930	931	42	934	935	237M1D24M1I49M7I35M1I10M2I4M5I18M9I4M1D5M2D13M4I13M3I12M1I15M5I35M1I206M1D38M1D38M5I28M1D102M
41	3914	0.508	2.904E-91	1	930	931	42	923	924	236M1D15M3I35M1I17M1I19M16I20M2I64M1I18M3I14M3I22M7I29M1I192M1D39M1D16M4I9M12I39M1I87M4D4M
69	3914	0.514	2.904E-91	1	930	931	42	919	924	225M4I6D6M1I80M10I15M2I22M2I3M1I19M15I18M1D25M3I17M8I55M1I189M1D37M1D17M6I6M7I44M1I91M
52	3906	0.509	4.479E-91	1	930	931	42	912	913	224M10D1M4I4M5I49M4I13M1I20M1D40M3I22M15I6M3I6M1I27M3I15M8I9M8I22M5I7M7I187M1D39M1D24M13I43M1I87M9D4M
35	3905	0.514	4.728E-91	1	930	931	42	928	929	224M12D1M11I89M1D15M1I24M2I3M17I19M1D19M3I48M6I19M9I19M1I189M1D39M1D18M12I50M1I87M4D4M
51	3905	0.531	4.728E-91	1	930	931	42	926	932	239M1D50M1I11M2I22M1D40M2I3M1I18M15I25M1I17M3I6M3I30M5I6M1I25M1I192M1D39M1D14M11I19M2I34M1I91M
79	3904	0.518	4.992E-91	11	930	931	0	888	889	228M1D13M1I37M1I17M1I12M1D33M1I10M2I4M5I18M9I4M1D7M2I26M3I34M2I20M1I49M4I165M1D39M1D14M3I2M4I23M2D30M1D96M
66	3903	0.515	5.270E-91	1	930	931	42	922	923	40M1D198M1D19M1I26M6I11M9I43M1I10M2I4M5I18M9I4M1D15M1I15M1I3M3I19M3D31M1D31M7I10M1D2M10I165M1D39M1D24M5I53M1D90M
78	3903	0.521	5.270E-91	1	930	931	42	939	940	238M1D13M1I37M1I17M1I17M1D28M1I10M2I4M5I18M8I12M2I29M3I31M2I19M1D50M7I164M1D38M1D11M2I18M3I42M1D96M
83	3903	0.517	5.270E-91	1	930	931	67	946	947	223M11D6M10I14M1I49M6I16M1D29M1D10M6I23M9I4M1D36M3I20M3I21M5I28M8I189M1D39M1D22M16I41M1D93M
48	3895	0.527	8.129E-91	1	930	931	42	898	899	233M2D2M1I20M2I43M5I14M1D30M4I10M6I24M9I27M3I8M3I12M2I15M5I5M7I20M5I21M10I175M1D37M1D14M3I7M13I135M
49	3893	0.513	9.059E-91	1	930	931	42	857	862	224M10D1M4I4M5I51M1I8M17I9M1D41M3I22M15I11M27I53M23I6M18I176M1D39M1D17M8I14M5I36M1I91M
77	3887	0.507	1.254E-90	1	930	931	42	922	925	235M1D81M1D39M1I24M3I13M8I12M5I25M5I14M3I57M14I5M3I172M1D38M1D19M2D10M17I35M1I88M5D3M
45	3879	0.513	1.934E-90	1	930	931	42	922	927	239M1D86M1D27M2I13M3I20M15I14M14I4M6I9M3I11M2D83M2D172M1D37M1D24M8I7M5I36M1I91M
82	3879	0.523	1.934E-90	1	930	931	68	946	947	233M2D2M1I19M1D42M3I4M2I19M1D29M1D10M6I23M9I4M1D35M3I21M3I56M17I178M1D39M1D14M3I6M3I13M10I30M1D93M
81	3867	0.607	3.706E-90	1	854	931	10	884	885	291M1D83M1I28M4I29M1I27M1I8M1I23M1I23M1I22M1D177M1D67M3D10M1D20M24D36M
71	3867	0.517	3.706E-90	1	927	931	54	926	934	239M1D86M1D27M2I13M3I20M15I15M1I26M11I8M2I33M2D12M5I7M7I187M1D39M1D22M13I45M1I88M
65	3861	0.521	5.130E-90	1	926	931	37	871	879	254M2D26M1D40M1D46M3I28M10D20M6I27M7I15M1I19M8I23M17I219M40I20M23I84M
116	3846	0.517	1.156E-89	1	928	931	42	889	893	225M4I6D6M1I53M1I27M7I10M4I30M19I19M1D42M3I19M1I30M15I13M15I175M1D39M1D19M4I6M12I22M1D17M5I18M1D67M
50	3830	0.493	2.751E-89	1	928	931	42	901	906	224M10D4M9I52M1I34M16I7M6I18M11I14M4I46M5I2M4I49M2D7M5I7M7I187M1D39M1D22M13I45M1I89M
13	3811	0.509	7.703E-89	1	930	931	42	889	894	224M10D4M9I46M1I8M5I27M1D40M6I20M15I15M1I27M13I20M9I19M7I10M4I4M11I174M1D39M1D22M13I45M1I91M
46	3809	0.522	8.585E-89	1	927	931	42	917	926	239M1D50M1I11M2I22M1D40M2I3M1I18M15I13M11I7M1I10M6I4M3I30M5I6M1I25M2I18M1D175M1D37M1D28M17I35M1I61M12D27M
70	3754	0.488	1.690E-87	1	930	931	42	853	858	239M1D22M67I7M7D27M17I45M4I16M4I7M6I5M1I6M5I23M2D12M5I7M7I189M1D37M1D22M13I45M1I91M
58	3700	0.508	3.152E-86	1	930	931	42	884	889	239M1D86M1D27M2I13M3I17M4D14M2I4M21I29M6I16M28I6M4I15M8I179M1D39M1D10M1I13M19I37M1I91M
47	3690	0.492	5.419E-86	1	926	931	42	810	820	225M11D4M10I57M3I8M1I14M1D20M1I22M39I14M3I17M4I8M41I17M33I180M1D37M1D17M6I8M7I20M23I87M
55	3573	0.493	3.070E-83	1	930	931	42	888	893	70M1I168M1D82M1D7M2I35M3I22M15I8M1I5M8I12M5I3M11D14M1I34M4I5M3I16M6I114M1I48M1I27M1D16M18I5M7I15M19I37M1I55M1I35M
103	3509	0.480	9.843E-82	0	930	931	15	885	886	34M4I10M5I5M2I166M2I8M3I13M1D12M1D26M1I22M12I25M2I53M4I35M9D30M19I4M5I5M3I3M4I24M3I87M2D96M1D29M1D20M4I19M2I130M
92	3343	0.368	7.931E-78	1	930	931	38	1083	1084	226M4D73M1D31M8I88M23D42M2D22M1D30M7D17M14D95M2D85M1D50M25D38M4D6M7D2M14D7M18D23M1D87M
117	3325	0.369	2.103E-77	1	930	931	44	994	1003	224M3I3M6D5M2I26M3I16M5D13M2I32M9I19M1I18M3I5M1I66M9I19M5I26M1I9M10D114M1D85M1D36M2D16M24D17M9D38M2D104M
122	3255	0.342	9.334E-76	1	930	931	41	969	1001	223M2D28M6I13M5I20M23I12M15D8M2I12M23I30M2D60M2I27M5I49M1D2M6I77M1D85M1D33M1D7M1D12M20D23M24D30M1D19M6D69M4I15M
128	3244	0.361	1.694E-75	1	924	931	43	867	876	229M3D27M8I12M1I17M47I8M13I42M27I13M9I43M2I28M11D12M7I81M2D7M1I85M1D39M1D84M2I80M
8	3183	0.344	4.617E-74	1	930	931	44	1013	1016	225M13D8M1D66M1D23M16I64M3D43M7D60M2D111M2I8M2D8M2D83M1D43M1D11M13D30M1D15M3D5M6D25M1D76M1D8M
101	3150	0.363	2.760E-73	1	923	931	57	928	936	223M1I8M5I12M3I23M1I4M11I38M16I8M11I25M6I70M9I34M1D46M4D3M1D58M2D103M12D31M2D9M1I11M2I30M2I7M3I8M4I20M2D77M
18	3099	0.304	4.375E-72	1	929	931	38	1247	1248	225M2D7M3D66M5D31M12I26M8D33M19D19M4D111M19D20M8D68M1I14M1D88M1D49M7D8M19D4M66D4M24D8M75D5M25D22M8D108M
114	2964	0.349	6.572E-69	1	923	931	42	922	929	178M1D45M1I5M4I21M2I48M12I14M8I80M2I41M1D77M3I9M7I56M2D87M5I17M4D36M1D12M6D21M4I21M9I98M
126	2934	0.331	3.339E-68	1	925	931	46	806	808	60M2I161M98I4M4I9M3I9M17I18M16I10M17I14M3I26M1I211M1I33M1I31M3I18M1D12M4I59M7D37M2I41M
98	2898	0.318	2.348E-67	1	930	931	50	773	776	63M1D163M103I28M2I14M18I35M6I32M2I15M1I11M48I11M2I63M2I13M1D2M1D74M1I6M5I38M1I11M13I5M8I50M3I32M2D22M4D27M
91	2892	0.326	3.251E-67	1	930	931	46	785	788	63M1D161M106I6M10D3M6I13M6I43M2I9M13I9M2I12M8I16M21I6M11I29M2I4M2I64M2I7M1D8M1D81M5I38M1I12M15I22M4I34M3I30M2D21M4D30M
100	2831	0.321	8.859E-66	1	930	931	41	799	806	230M10I10M25I6M2I4M58I8M1I6M21I28M20I24M17I21M2I17M1I27M4I82M1D10M1D81M2D9M1D30M3D16M16I23M5I32M1I49M1D20M3D14M
96	2815	0.304	2.108E-65	2	930	931	71	942	948	222M18D6M2I10M11I22M1I22M21I10M13I24M2I51M28I7M35D12M12I71M2D6M1D63M4I14M2D49M1I72M1D53M22I16M1I74M2D7M
97	2795	0.320	6.230E-65	1	930	931	63	783	786	63M1D164M102I47M42I10M5I55M15I16M12I14M4I3M2I62M3I13M1D2M1D81M5I38M1I12M3D7M4I9M19I34M4I36M1D16M2D30M
7	2786	0.330	1.015E-64	1	930	931	45	821	857	61M1D184M11I7M21I14M15I14M39I35M1D16M5I10M6I10M3I12M5I7M29I9M8I22M2I6M2I39M2D43M3D46M2I17M1D14M4I6M1I33M1I31M10I11M3I26M1D41M2D38M3D11M
10	2776	0.325	1.744E-64	1	930	931	63	781	784	63M1D160M5D2M105I22M6I15M18I6M22I9M5I13M14I16M6I32M3I8M5I12M4I6M2I62M2I14M1D2M1D81M5I38M1I16M9I3M7I11M1I7M4I5M4I55M2D21M2D28M
124	2774	0.325	1.944E-64	1	925	931	38	712	713	221M3D11M95I21M29I30M12I5M9D6M54I5M17I8M8I10M8I11M2I40M1D22M1I18M2D114M1I24M10I3M10I22M18I49M1D6M1I33M
0	2730	0.329	2.109E-63	1	930	931	50	751	754	63M1D162M104I10M8D10M9I15M18I5M25I12M2I12M3I17M34I5M6I22M10I8M2I62M3I13M1D2M1D77M1D4M5I38M1I12M3D5M7I10M7I22M6I13M2I3M3I30M2D21M2D30M
120	2712	0.316	5.592E-63	1	930	931	44	757	764	60M2I163M104I49M35I23M2I15M21I9M1I36M8D26M6I4M1I31M2D39M1D7M1D47M2I17M1D21M1D28M4I8M1I11M12I21M35I5M3I32M1I48M
123	2708	0.415	6.946E-63	3	736	931	0	713	715	222M1D8M3I15M2I61M4I12M12I45M8I25M5I13M6I14M16D53M2I32M1D157M1D18M3D17M
40	2694	0.308	1.483E-62	1	930	931	43	756	776	62M1D166M25I9M68I6M4I8M3D18M15I32M1I12M9I28M84I4M2I39M2D40M1I2M3D46M2I17M1D14M6I29M2I41M2I22M5I17M7I40M2D38M5D7M
20	2684	0.305	2.550E-62	1	930	931	44	750	772	229M78I10M17I17M25I12M6I53M5I2M12I10M65I10M2I39M2D36M2D53M2I17M1D14M6I29M2I19M16I40M2D56M2D42M4D6M
63	2683	0.315	2.692E-62	1	930	931	44	755	778	59M1D167M17I13M4I7M4I11M7I7M17I8M22I53M19I12M22I7M87I8M2I39M2D40M2D49M2I17M1D14M3I6M3I23M2I19M16I38M2I53M2D46M3D5M
88	2668	0.313	6.067E-62	1	930	931	44	748	770	223M1I13M76I3M25I14M21I12M6I54M1I12M79I10M3I39M2D43M2D44M1I4M1I18M1D11M6I29M2I19M16I40M2D59M2D39M4D6M
89	2650	0.312	1.609E-61	1	930	931	44	758	777	62M1D166M25I21M10I10M15I11M23I9M36I25M1I5M42I19M29I11M21I9M3I39M2D40M1I2M3D44M1I4M1I15M1D13M6I30M2I19M8I4M2I4M6I32M2D59M2D37M6D8M
87	2647	0.302	1.893E-61	1	930	931	44	749	770	58M1D165M3D10M6D16M41I8M43I17M7I31M14I19M76I6M35I5M2I39M2D42M2D47M2I17M1D14M3I6M3I23M2I19M16I38M2I53M2D44M5D7M
125	2631	0.311	4.504E-61	1	928	931	64	812	813	229M3D21M11I35M22I9M3I8M8D2M20I22M49I5M25I20M2I58M14I62M13I89M1D33M1I14M1D10M6I27M5I8M14I6M6I70M1I8M
37	2624	0.305	6.582E-61	1	930	931	42	809	829	117M1I107M105I7M7D16M5I22M12I12M9I5M13I6M29D13M8I68M15I9M5I37M2D40M1D2M1D47M2I18M1D13M1I11M1I22M3I18M9I9M13I5M2I24M1I50M2D47M
95	2612	0.313	1.261E-60	1	930	931	38	715	720	61M2I162M104I20M37I16M29I9M1I11M21I18M5I16M3I17M5I17M2I32M2D44M2D49M2I17M1D21M1D28M4I8M1I12M27I19M13I15M1I32M1I48M
2	2605	0.298	1.843E-60	1	927	931	47	780	781	64M1I54M1I112M110I14M9I10M56I33M3I81M5I36M1D36M1D10M2D46M1D11M1D6M4D23M1D38M5D22M3I28M36I31M3D13M5D12M3D16M4D7M
14	2589	0.306	4.385E-60	1	927	931	122	885	886	67M25I5M3I72M1D51M10D7M24I23M10I8M24I8M15I14M5I70M10I43M1I11M2I13M5I7M5I24M2I80M2D87M1D40M1I12M7I7M12I13M27I6M1D81M
1	2588	0.299	4.629E-60	1	930	931	42	775	787	225M110I17M1I52M27I24M13I9M42I7M12I13M1I25M1D13M2D40M1D3M1D47M2I18M2D14M2I1M1I21M1I8M3I23M9I48M5I11M1I32M1D4M2D9M7D6M8D2M3D18M6D10M
36	2571	0.313	1.163E-59	1	930	931	42	810	829	117M1I105M12D16M10I28M6I20M20I8M11D8M3I7M2I4M13I27M25I16M15I5M24I4M26I4M13I24M2I39M2D42M2D47M2I18M1D13M1I11M1I20M2I12M1I8M7D2M29I5M2I24M1I47M4D3M2I37M1D8M
21	2444	0.339	1.132E-56	1	775	931	41	701	745	171M1D52M107I9M5I29M1I14M4I35M3D29M3I49M3D12M3D31M2I81M2D72M1I43M3I22M
121	2248	0.323	4.636E-52	1	805	931	32	618	619	227M12D8M5I8M12I13M14I28M14I20M2I2M70I8M50I16M45I4M4I4M2I22M1D11M2D43M2D49M2I15M2D17M1D10M5I19M3I23M10I20M
12	2134	0.311	2.232E-49	1	818	931	39	674	675	224M3D10M5I5M38I7M10I12M32I13M5I18M8I14M13I6M40I8M16I30M1I30M1I5M2I28M1I6M2D46M2I46M2I17M1D13M5I18M1D5M1I6M7I4M2D14M2I42M
11	1980	0.293	9.387E-46	33	785	931	42	583	596	200M97I2M3I21M23I20M47I24M35I47M3I24M1D10M2D44M1D2M1D47M2I19M2D21M4I22M3I23M1I9M
9	1946	0.254	5.924E-45	1	930	931	44	617	639	59M1D164M3D25M31I3M10I18M8I5M6I5M3D6M210I5M76I50M2I17M1D14M3I5M3I24M2I21M12I27M6I62M2D46M3D5M
19	1554	0.199	9.928E-36	10	919	931	61	723	735	42M1I9M1I44M1D11M5D4M8D20M1I3M3D27M2D53M105I7M7D13M11I12M5I33M13I4M46I11M14I12M35I5M4I12M2D6M2D68M2D82M5D36M4I13M18I50M7I6M19I16M1D11M1I15M
90	1146	0.156	3.960E-26	12	922	931	47	691	697	52M1I39M5D18M1I21M1I24M16I5M3D34M1D6M15D2M98I14M56I18M30I34M38I23M12I33M2I5M1I3M2D10M1D22M5D38M1I3M5D7M3I20M2D17M13I29M6I8M4I22M2I18M22I9M1I4M1I10M1D10M1D13M1D14M1D17M
129	1113	0.164	2.367E-25	31	918	931	28	646	656	4M2I3M2D8M1D13M1I42M3D5M2D13M1I18M1I27M16I5M3D34M1D9M69I13M7I5M3I14M12I25M4I23M107I10M15I13M6I29M3I12M2D6M1D8M1D10M3D12M1D31M1I2M5D9M3I18M2D14M7I3M11I18M2D25M8I16M2I17M11I14M3I5M4I3M2I3M2I14M1D6M1D13M1D15M
4	1007	0.157	7.388E-23	12	925	931	48	687	688	29M1D3M1I17M1I40M3D3M2D19M1I19M1I22M4D10M12I36M3D5M1I18M8I36M41I5M46I33M32I9M42I25M14I7M6I26M1I1M1D8M3I14M3D2M1D8M2I11M5D8M2I3M5D30M2D6M2D3M3I19M2D11M8I4M6I15M1I10M12I4M2I6M61I5M3I7M3I2M2I14M3D25M3D11M1D10M
99	791	0.163	8.939E-18	12	637	931	59	449	450	49M1I41M3D3M1D14M1I23M1I24M2D12M12I39M98I16M20I11M69I13M17I30M13I11M1I15M4I5M4I3M5I11M1D3M1I11M3I9M3D4M1D25M4D4M
17	638	0.155	3.561E-14	0	859	931	34	909	985	14M1D6M5I9M1I4M1D26M1I38M2D3M1D21M9D19M1I18M12D8M8D3M7D7M4I30M20D2M3I29M2D44M27D35M8I34M2D13M4D16M1I26M4D24M5D55M9D57M2I13M9I10M3I3M9I4M2I21M1D23M55I15M8D26M7I18M1D38M1D26M2D11M
93	562	0.138	2.188E-12	16	664	931	52	802	803	36M1I12M1I38M3D5M4D13M2I4M1I13M2D29M4I6M2I6M20D31M2I2M7D47M2D25M4D43M90D19M4I118M13D21M5D29M2I41M13I6M21I14M8D9M1I9M2I17M
 