125	6357	1.00	0.000E+00	0	812	813	0	812	813	813M
128	3114	0.336	2.183E-71	27	806	813	6	864	876	262M6D72M16I17M8D39M5D32M8D9M16D10M8D62M1D5M13D118M2D49M2D18M26D71M
97	3053	0.352	5.673E-70	26	812	813	25	780	786	102M1D172M5D25M11I22M18I38M14I9M9I96M3D8M9D84M6I46M7D16M1D15M2I53M1D8M2D33M
131	3049	0.321	7.024E-70	25	805	813	3	884	896	268M3I27M11D13M3D25M16I18M8D15M3D59M33D14M13D62M7D4M6D124M1D13M5D34M10D6M6D9M14D71M
124	3034	0.350	1.565E-69	26	810	813	0	712	713	259M3D13M11D9M2I34M24I35M32I7M34I47M1D29M14D81M1I33M1I20M2I8M4I25M1I41M1D9M1I33M
61	3032	0.315	1.741E-69	25	805	813	3	921	933	268M3I27M11D12M24D16M1I9M12I4M6D47M7D14M5D7M30D25M12D13M13D63M7D3M6D124M1D13M5D30M7D10M6D9M14D71M
100	3031	0.361	1.837E-69	27	808	813	4	789	806	262M7I40M1D23M18I37M2D13M2I17M2I12M2I21M2D62M9D4M5D1M1D81M7D5M5I28M2D7M2D17M1D19M3D25M4D45M1D27M
70	3031	0.338	1.837E-69	23	805	813	1	843	858	266M2I35M20D35M16I9M11D16M5D43M5D40M6D60M13D131M2D22M1I15M10D12M3D10M4D70M
98	3027	0.352	2.274E-69	23	812	813	9	770	776	105M1D169M4D24M24I12M20I9M10I31M3I21M2I29M8D67M12D1M1D77M1I6M6I45M7D50M1I36M2D17M4D24M
122	3025	0.308	2.531E-69	24	812	813	1	969	1001	265M1I23M4D63M6D2M8D20M12D8M13D37M1D11M17D15M2D14M21D63M7D3M7D117M3D20M2D27M32D21M5D2M42D55M2D11M3I8M
10	3019	0.345	3.486E-69	23	812	813	22	779	784	105M1D159M5D13M2I27M7I25M17I12M5I19M14I9M9I11M1I85M6D7M7D84M6I46M1D15M3D35M1D36M2D15M2D21M1D5M
49	3019	0.335	3.486E-69	24	812	813	2	855	862	265M3D11M3D19M1D28M7D14M17I13M1D20M19D39M5D33M5D2M6D60M7D3M6D128M2D10M3D31M6D18M7D71M1D7M
3	3016	0.325	4.092E-69	23	812	813	1	879	882	266M3D11M3D19M1D28M7D14M17I13M1D20M19D5M1D35M28D34M11D60M7D3M6D128M2D10M3D31M6D17M7D72M1D7M
111	3015	0.315	4.317E-69	25	812	813	3	932	938	264M1I4M2I27M11D9M10D5M43D15M5D9M16I9M1D13M21D16M2D38M8D9M3D21M13D60M10D6M3D124M1D10M1I7M8D7M2I11M1D25M25D66M1I10M
94	3013	0.317	4.803E-69	25	812	813	3	920	924	268M3I33M17D12M15D20M16I33M12D13M43D18M13D44M8D61M13D123M1D14M1I22M5D12M2D18M20D73M1D4M
16	3012	0.313	5.067E-69	25	805	813	37	968	978	268M3I22M9D3M1D40M16I17M12D21M7D13M27D20M20D11M18D15M14D10M19D61M7D4M6D86M1I39M1D11M11D15M1I15M14D18M6D71M
48	3011	0.324	5.345E-69	24	811	813	2	895	899	265M3D7M5I16M7D9M11D9M7D25M17I3M2D27M13D17M11D24M8D11M14D24M22D63M13D130M2D10M1D19M11D29M2D72M1D6M
50	3011	0.334	5.345E-69	27	805	813	5	893	906	262M2I24M6D9M20D7M2D22M6D8M16I33M16D5M36D42M5D28M6D58M10D5M3D128M2D22M1I15M10D12M3D10M4D70M
41	3009	0.320	5.947E-69	24	805	813	2	909	924	265M2I32M2D39M15I54M27D15M1D8M17D24M48D7M20D58M10D5M3D119M2D19M4D9M5D41M4D70M
91	3005	0.337	7.364E-69	23	812	813	5	782	788	104M1D161M5D5M3D30M5I13M1D20M17I20M1I18M17I16M5I27M2D63M4D5M9D84M6I46M2D16M3D34M3D34M2D16M4D27M
27	3005	0.309	7.364E-69	25	812	813	3	966	970	264M1I4M2I21M11D14M42D6M9D15M5D11M14I9M3D8M8D17M2D8M50D43M3D22M13D62M7D3M6D124M1D10M1I16M19D34M14D75M1D4M
33	3005	0.311	7.364E-69	25	812	813	3	965	970	264M1I4M2I21M11D19M39D22M17D5M14I14M4D33M33D32M3D19M24D8M15D60M10D5M3D125M1D12M6D11M4D20M2D19M20D78M
62	3004	0.308	7.768E-69	25	812	813	3	927	931	264M1I4M2I27M17D18M16D20M11I7M10D25M1D18M43D40M6D21M13D62M7D4M6D124M1D11M11D10M11D16M1D24M7D75M1D4M
52	3003	0.319	8.194E-69	23	805	813	1	893	913	266M3D7M5I16M2D45M15I70M3D20M43D6M20D12M28D60M13D131M2D33M9D27M7D70M
6	3003	0.311	8.194E-69	25	805	813	3	958	970	264M1I4M2I21M11D19M51D16M5D11M14I16M32D8M8D19M23D42M3D22M13D61M7D4M6D124M1D10M1I14M6D14M2D22M25D72M
108	2998	0.317	1.070E-68	25	812	813	3	924	928	268M3I32M1D3M9D20M10D10M16I13M12D20M15D8M34D6M15D27M5D25M3D8M7D61M8D4M5D124M1D10M1I4M14D8M1D14M3D7M4D18M6D74M1D4M
47	2997	0.340	1.129E-68	23	805	813	1	804	820	266M3D18M1D53M18I23M8D22M1I61M19D61M13D130M2D22M4I22M2I80M
106	2996	0.318	1.191E-68	25	805	813	3	958	970	264M1I4M2I27M17D27M6D20M2I13M9D26M16D27M25D8M19D16M29D22M13D61M13D128M1D10M1I14M6D14M2D18M4D6M21D70M
113	2993	0.320	1.398E-68	24	806	813	2	900	915	275M2I19M13D28M12D18M9I10M19D19M14D45M15D31M21D5M9D60M13D131M2D10M4I24M10D20M3D73M
69	2992	0.329	1.474E-68	24	805	813	2	909	924	265M2I26M9D7M17D7M8D8M14D23M15I2M17D26M13D31M18D18M10D31M6D61M13D130M2D10M1D3M11D47M4D70M
76	2992	0.331	1.474E-68	23	805	813	1	910	925	266M2I26M9D7M17D25M4D17M9I10M18D19M14D16M19D17M1I46M27D61M13D131M2D9M3D13M5D15M1D13M3D8M4D72M
45	2990	0.333	1.641E-68	20	805	813	0	912	927	2M2I265M2I24M6D9M20D7M2D15M6D14M7I11M2D8M11D17M37D24M12D30M5D28M6D58M10D5M3D128M2D10M5D12M4D38M7D70M
13	2989	0.330	1.731E-68	24	812	813	2	887	894	265M3D7M5I15M3D30M25D15M17I17M1D16M16D7M7D14M2D3M18D25M4D25M8D61M13D130M2D15M7D17M2D12M7D86M1D7M
54	2988	0.329	1.826E-68	27	811	813	5	915	923	261M2I25M6D9M20D7M2D30M17I25M6D8M19D5M37D11M12D30M5D28M6D60M13D131M2D10M5D20M4D20M3D10M4D73M1D3M
56	2988	0.328	1.826E-68	23	812	813	1	923	931	266M3D18M1D17M18D7M2D26M2D4M16I3M2D11M1D19M19D8M7D14M21D12M9D25M1D7M4D9M28D60M13D129M2D12M9D1M1I25M1D13M3D10M4D77M
109	2987	0.325	1.926E-68	24	805	813	2	905	915	264M2I30M12D9M8D4M18D23M15D5M16I16M4D9M5D17M28D12M7D13M4D29M4D11M9D61M13D131M2D10M1D20M7D22M1D8M2D70M
35	2987	0.328	1.926E-68	25	805	813	3	914	929	262M4D37M20D8M13D17M17D11M17I8M2D19M14D16M16D17M14D30M8D11M2D7M6D61M13D130M2D10M1D4M3D27M6D9M3D10M4D70M
39	2987	0.316	1.926E-68	25	812	813	3	961	965	264M1I4M2I27M11D12M41D26M14I7M11D7M1D11M1D21M7D6M31D11M16D24M11D21M13D62M7D4M6D124M1D10M1I8M23D22M1D20M7D75M1D4M
116	2984	0.334	2.260E-68	24	808	813	2	884	893	265M2I26M9D7M15D26M19D11M16I8M2D19M14D15M19D25M1D12M3D29M8D60M13D131M2D7M1I8M3I20M11D20M3D15M1D59M
25	2983	0.311	2.384E-68	25	812	813	3	966	970	264M1I4M2I21M11D20M51D15M5D11M14I14M4D21M9D7M50D43M3D21M13D62M7D4M6D124M1D10M1I14M11D16M19D20M3D75M1D4M
105	2982	0.307	2.515E-68	24	812	813	2	959	963	265M1I4M2I27M17D27M8D11M10I3M8D24M71D11M3D23M18D9M1D22M3D20M13D62M7D4M6D124M1D13M10D50M15D69M1D8M
51	2980	0.320	2.799E-68	24	805	813	2	916	932	265M2I26M53D44M16I8M2D18M6D29M7D3M36D29M8D17M2D4M6D60M13D131M2D22M1I15M10D12M3D10M4D70M
130	2980	0.314	2.799E-68	27	811	813	5	979	983	260M3I31M29D10M29D6M10D14M6D12M14I3M1D8M33D15M18D7M2D17M22D22M2D35M7D62M13D130M2D15M4D5M10D14M9D16M3D9M6D70M1D7M
71	2979	0.328	2.952E-68	21	805	813	13	919	934	7M2I259M2I24M6D9M20D7M2D15M6D7M12D8M17I8M11D17M15D15M17D16M1I13M17D10M1D26M6D61M13D131M2D10M5D20M4D20M3D10M4D70M
117	2979	0.316	2.952E-68	26	812	813	6	991	1003	261M6D12M20D9M24D24M4D20M8D5M5D5M15I29M1D12M40D20M1I20M18D6M1D19M6D61M6D6M8D115M3D13M1I7M2D7M35D18M20D24M9D77M
64	2977	0.308	3.285E-68	25	812	813	3	964	968	268M3I27M11D13M21D14M1D11M10I16M9D24M35D6M30D20M9D16M1I30M25D61M7D4M6D124M1D13M10D28M2D12M6D9M14D70M1D8M
30	2976	0.304	3.465E-68	25	812	813	3	967	972	264M1I4M2I27M17D16M18D12M34D14M12I20M30D2M30D63M3D21M14D62M7D4M6D124M1D10M1I14M34D3M1I111M
57	2975	0.320	3.655E-68	27	805	813	5	915	931	261M2I40M27D19M4D13M15I25M30D6M7D12M22D14M6D10M11D39M11D62M13D131M2D10M5D21M4D20M1D9M6D70M
112	2975	0.306	3.655E-68	25	812	813	3	966	971	264M1I4M2I27M11D13M53D16M5D11M14I14M4D21M9D5M41D7M8D38M3D21M13D63M7D3M6D124M1D11M5D21M8D31M19D77M
23	2974	0.308	3.856E-68	24	805	813	2	924	935	269M3I8M1D16M11D9M6D12M26D20M16I6M26D6M29D10M8D38M3D37M3D10M6D62M13D121M2D32M24D35M2D72M
44	2973	0.323	4.067E-68	24	812	813	2	879	886	266M2I25M9D44M16I37M1D21M13D12M41D38M11D60M7D3M6D128M2D12M3D29M6D17M7D72M1D7M
29	2972	0.309	4.290E-68	25	812	813	3	966	970	264M1I4M2I21M11D20M51D15M5D11M14I14M4D33M59D38M3D21M13D60M10D6M3D124M1D10M1I14M11D19M1D19M21D73M1D4M
86	2972	0.314	4.290E-68	25	812	813	3	965	970	264M1I4M2I21M11D18M57D4M11D22M14I28M28D17M15D52M11D11M13D62M7D4M6D124M1D10M1I14M6D14M2D18M4D6M21D77M
0	2969	0.352	5.036E-68	23	812	813	9	748	754	105M1D160M9D12M5I17M24I15M17I9M12I15M14I9M8I37M1D63M3D4M8D1M1D76M1D8M6I47M1D10M2I36M9D35M2D10M2D33M
107	2969	0.310	5.036E-68	25	812	813	3	964	969	262M3I33M11D12M20D26M10I36M19D4M6D30M25D12M30D9M18D23M13D60M7D4M6D124M1D6M1I18M7D8M5D20M8D10M12D77M
85	2967	0.309	5.603E-68	25	812	813	3	965	970	264M1I4M2I21M11D18M17D8M39D20M14I14M4D21M9D7M50D43M3D22M13D61M7D4M6D124M1D10M1I14M6D14M2D18M4D6M21D77M
15	2967	0.311	5.603E-68	24	805	813	38	973	983	269M3I22M9D3M1D40M17I12M12D25M7D13M14D34M13D21M73D62M7D4M6D86M1I39M1D11M3D9M3D12M4D10M2D9M4D10M16D70M
38	2965	0.311	6.235E-68	25	812	813	3	965	969	264M1I4M2I27M11D12M23D26M12I4M10D31M8D3M6D29M25D13M29D11M18D19M13D62M7D4M6D124M1D10M1I14M1I6M10D11M4D19M20D74M1D4M
126	2962	0.329	7.319E-68	23	812	813	5	807	808	101M2I162M3D35M2I33M21I26M4I14M1I12M10I19M2D16M9D64M13D54M1I28M2D8M4I26M2I29M15D11M1D5M4D23M14D31M2I40M1I3M
28	2961	0.313	7.720E-68	25	812	813	3	967	971	264M1I4M2I27M17D18M16D10M27D7M8D5M14I14M4D21M9D7M50D43M3D21M13D62M7D4M6D124M1D10M1I14M11D19M14D14M2D5M6D73M1D4M
24	2960	0.307	8.144E-68	25	812	813	3	965	970	264M1I4M2I27M17D22M14D16M11I5M10D46M4D15M5D8M34D8M2D21M42D8M15D62M7D4M6D124M1D11M10D31M19D19M3D79M
26	2960	0.312	8.144E-68	24	812	813	2	966	970	265M1I4M2I27M17D27M6D20M3I4M33D14M4D6M7D14M2D8M50D43M3D21M13D62M7D4M6D124M1D10M1I14M11D18M3D20M19D73M1D4M
43	2958	0.327	9.062E-68	23	805	813	1	916	931	266M2I26M2D3M11D11M25D18M18D12M16I27M14D16M19D21M24D17M1D27M6D58M10D5M3D128M2D22M1I11M4D7M6D9M3D10M4D70M
82	2958	0.309	9.062E-68	6	805	813	2	936	947	11M6D8M2D264M3D7M5I16M9D13M2D4M18D14M1D13M17I17M10D35M7D15M49D28M2D12M18D61M13D130M2D10M1D10M10D40M4D70M
67	2958	0.300	9.062E-68	27	812	813	6	960	964	296M8D12M44D26M16I8M10D16M40D6M10D15M8D35M1I14M11D13M13D61M13D120M1D17M1I14M17D3M1I28M1D5M11D70M1D8M
46	2955	0.319	1.064E-67	24	805	813	2	910	926	265M2I29M56D32M2D10M15I2M31D85M8D21M8D58M10D5M3D128M2D8M5I25M10D12M3D10M4D57M12D13M
31	2954	0.309	1.122E-67	25	812	813	3	966	970	264M1I4M2I27M17D18M16D10M34D12M14I19M32D5M8D19M23D42M3D21M13D63M7D3M6D124M1D10M1I14M11D18M3D20M19D73M1D4M
5	2952	0.312	1.248E-67	25	812	813	3	966	970	264M1I4M2I21M11D20M51D15M5D11M14I14M4D23M39D16M20D32M3D21M13D62M7D4M6D124M1D6M1I18M11D17M19D19M3D75M1D4M
119	2951	0.311	1.317E-67	25	812	813	3	964	968	264M1I4M2I27M11D12M41D26M14I10M10D14M30D6M28D16M2D3M7D38M3D21M13D62M7D4M6D124M1D10M1I17M18D18M2D16M12D74M1D4M
83	2947	0.319	1.631E-67	6	810	813	2	942	947	9M4I11M11D259M3D7M5I16M7D12M12D10M5D22M16I3M2D26M17D44M24D16M27D18M22D61M7D3M6D128M2D9M8D14M5D35M2D72M1D5M
72	2947	0.307	1.631E-67	25	812	813	3	955	958	268M3I24M11D17M52D14M5D12M14I8M31D5M26D33M1I24M1D37M14D61M13D91M1I35M1D11M5D15M4D30M14D6M6D70M1D8M
78	2942	0.310	2.130E-67	24	812	813	2	936	940	270M2I23M11D10M6D12M32D17M3D3M16I8M1D18M20D13M27D25M3D22M1D19M19D64M13D130M2D9M2D21M2D29M22D78M
127	2942	0.310	2.130E-67	22	812	813	43	1010	1013	271M3I24M11D15M44D8M8D8M5D12M14I4M15D11M20D8M8D6M25D17M1I21M2D40M14D60M13D92M1I28M1D19M6D11M3D39M20D70M1D8M
58	2941	0.332	2.246E-67	24	805	813	2	874	889	265M2I27M13D13M15D15M6D7M12D8M17I8M11D15M18D56M5D27M6D61M13D131M2D5M1D32M1D13M3D10M4D70M
102	2941	0.303	2.246E-67	25	812	813	3	960	964	298M14D15M17D13M21D10M16I8M10D16M24D10M5D8M23D23M1I30M12D12M13D60M13D123M6D6M6I22M4D4M24D29M6D70M1D8M
75	2940	0.303	2.370E-67	25	812	813	3	965	970	264M1I4M2I27M11D13M21D30M9I57M4D30M92D21M13D60M10D6M3D124M1D13M16D15M5D1M11D111M
77	2938	0.329	2.637E-67	24	805	813	2	907	925	264M2I30M12D7M1D16M39D15M3D3M16I8M2D25M25D11M8D4M1D8M5D11M5D33M3D6M3D2M6D60M13D128M2D15M2D18M5D20M1I8M8D71M
66	2935	0.312	3.095E-67	27	812	813	5	918	923	77M1D190M2I23M11D10M6D12M18D20M13I11M2D5M17D6M10D13M24D9M1D8M6D36M3D22M4D61M13D131M2D10M4D26M7D5M6D18M9D72M1I5M
53	2935	0.315	3.095E-67	25	812	813	3	959	964	264M1I4M2I32M17D13M16D20M10I14M9D4M18D10M1I19M9D10M23D13M1D6M19D9M2D18M8D8M15D63M13D127M1D10M1I14M1I6M20D31M14D77M
42	2933	0.313	3.444E-67	23	811	813	1	929	933	264M4I14M2D14M10D10M6D10M26D22M13I11M8D24M45D42M10D25M3D8M5D62M13D130M2D10M4D12M1I15M14D21M9D74M1D3M
95	2932	0.339	3.633E-67	26	812	813	0	712	720	99M2I161M2D34M31I7M19I34M14I7M11I9M8I22M9D37M2D24M8D4M7D48M2I18M1D51M4I15M1I9M8I27M2I33M1I45M
118	2932	0.311	3.633E-67	25	812	813	3	975	978	268M3I24M11D17M52D14M5D14M12I22M17D12M49D18M1D15M2D39M12D63M13D87M2D4M3I15M2D10M1D18M1I4M31D10M1I36M6D70M1D8M
115	2927	0.301	4.745E-67	23	812	813	1	979	982	266M2I9M12D23M7D38M16I13M11D17M13D4M12D6M7D15M4D22M3D24M15D7M72D60M13D129M2D10M12D10M19D9M4D106M1D4M
22	2926	0.312	5.005E-67	24	812	813	2	953	958	263M2I5M1I28M17D16M14D22M11I29M9D10M9D33M32D4M26D14M12D21M13D60M10D5M3D125M1D10M1I7M5D10M5D16M12D18M10D78M
101	2924	0.296	5.569E-67	11	806	813	3	926	936	14M1D262M9I26M9D38M18I6M3D19M9D8M9D13M17D13M6D2M4D4M24D20M4D7M3D12M17D67M15D85M11D38M2D15M2I17M1D10M4D19M18D72M
120	2908	0.345	1.309E-66	23	812	813	3	757	764	102M2I162M2D37M2I30M19I9M4I13M1D10M5I8M2I18M2I36M4D37M2D23M7D6M8D47M2I18M1D51M4I7M1I7M18I30M1I31M1I41M3D4M
34	2906	0.313	1.456E-66	25	805	813	3	958	970	264M1I4M2I21M11D14M42D6M9D17M17D7M14I28M28D17M15D52M11D11M13D62M7D4M6D124M1D13M10D28M19D20M3D72M
87	2895	0.336	2.621E-66	26	812	813	6	746	770	97M1D170M8D13M2I18M11I13M2I7M24I31M25I6M22I18M4D36M2D24M6D5M9D47M2I18M1D17M7I25M1I19M5D5M10D8M1D18M4I49M2D15M1I1M1D22M5D4M
74	2882	0.309	5.247E-66	29	784	813	1	902	926	264M3I24M12D9M30D13M20D20M15I24M12D12M3D6M32D26M12D40M8D60M13D93M2I45M6D6M2D23M3D22M13D49M
65	2870	0.311	9.960E-66	29	812	813	2	872	879	258M3I45M55D26M12I18M15D8M1D6M21D25M4D20M8D5M4D30M14D60M13D88M2D4M3I35M32I106M
59	2861	0.300	1.611E-65	23	805	813	1	968	982	7M1D263M3I22M16D24M7D15M4D3M4D45M78D46M8D21M6D13M32D61M13D89M5I3M4D32M2D11M10D6M2D44M6D70M
7	2858	0.325	1.891E-65	27	812	813	8	822	857	97M1D173M5D7M3D9M1D47M18I13M3D53M5I33M1D39M2D24M8D6M8D46M2I18M1D20M6I36M1I9M20D28M1I53M2D38M7D4M
68	2851	0.318	2.748E-65	20	812	813	5	898	901	14M12I7M2I238M3I19M11D20M53D16M5D12M14I4M2D45M2D16M1D42M14D61M13D90M1I37M1D13M10D3M18D9M3I27M1I6M6D70M1D8M
8	2851	0.282	2.748E-65	27	812	813	7	1009	1016	260M9D14M4D20M1I6M40D20M39D13M16I15M1D7M14D7M27D16M16D43M6D19M7D65M15D120M3D6M1I3M1I9M13D12M6D18M19D17M17D77M
63	2846	0.336	3.589E-65	27	808	813	7	745	778	96M1D169M20I26M4D11M3I5M20I22M2I15M2I39M23I41M2D24M6D6M9D46M2I18M1D19M7I23M1I19M2I14M8D10M1D23M5D36M2D38M
92	2818	0.276	1.601E-64	26	806	813	0	1074	1084	261M3I10M4D24M13D15M19D4M1D8M9D10M16I3M7D11M1D17M74D17M23D17M10D14M11D12M8D10M4D6M14D61M15D124M1D15M24D10M22D14M12D10M2D6M32D11M7D72M
1	2804	0.318	3.381E-64	27	812	813	5	773	787	301M20I13M17I44M8I8M5I12M20I10M1I21M1D16M2D21M6D5M8D1M1D47M2I18M2D14M5I33M2I18M15D81M3D6M7D11M11D22M7D4M
73	2799	0.308	4.416E-64	47	812	813	4	930	933	246M3I25M17D18M34D22M16I5M13D20M13D20M18D16M9D20M6D13M11D14M13D60M6D4M7D84M3D3M4I46M19D3M11D19M1D26M2D71M1D8M
40	2789	0.330	7.533E-64	26	808	813	5	744	776	100M1D168M8D11M3I39M5I9M17I12M8I10M25I17M20I51M2D30M15D46M2I19M1D16M7I25M2I8M1D11M10D8M6D75M2D39M
60	2789	0.280	7.533E-64	26	805	813	0	980	994	6M2D21M8D6M5D234M3I27M27D38M13I11D12M4D32M22D8M10D8M15D11M6D18M10D13M13D5M9D4M36D61M13D83M2D8M3I26M2D20M4D43M7D7M14D70M
37	2783	0.331	1.038E-63	27	812	813	3	807	829	10M2D144M1I105M8D33M2I39M1I10M5D7M5D15M6I45M13I26M3D37M2D24M6D4M8D1M1D47M2I18M1D13M1I11M2I23M2I17M4I7M3I17M3D7M4D13M5D29M2D42M1D5M
89	2781	0.325	1.155E-63	26	808	813	6	745	777	100M1D162M12I44M8I8M17I6M3I8M5I9M1I17M4I18M24I13M4D36M2D24M5D6M10D46M2I19M1D16M7I25M1I19M10D9M1D40M5D33M2D41M
114	2775	0.288	1.591E-63	25	806	813	3	920	929	212M1D50M9I7M1D19M2D20M3D18M17I3M19D27M13D13M12D10M2D26M2D9M29D21M40D56M15D72M5I13M3D35M2D12M1I2M12D42M3D12M9D71M
20	2756	0.316	4.389E-63	23	808	813	3	739	772	265M8I11M12D6M3D13M15I20M19I6M3I17M22I10M27I20M4D36M2D24M8D6M7D46M2I18M1D17M7I25M1I19M10D10M1D39M5D33M2D41M
36	2755	0.320	4.630E-63	24	812	813	0	806	829	12M2D145M1I105M8D33M2I40M5D3M2I11M1I30M1D36M13I26M3D37M2D24M6D4M8D1M1D47M2I18M1D13M1I11M2I23M2I17M4I9M3I15M3D19M9D30M2D47M
88	2747	0.321	7.098E-63	20	808	813	0	737	770	268M4I8M5D14M3D12M52I38M11I10M3I11M19I15M4D36M2D24M5D6M10D46M2I14M1D21M7I25M1I19M10D10M1D39M5D33M2D41M
18	2743	0.260	8.788E-63	26	808	813	0	1241	1248	271M2D27M17D22M1D9M14D6M17I5M98D24M15D10M10D17M3D25M4D14M16D11M28D67M13D122M1D13M180D3M5D8M30D3M12D7M20D25M2D4M5D73M
55	2719	0.306	3.166E-62	23	812	813	1	886	893	111M1I152M4I15M2D9M6D5M6D10M16D16M22D14M17I21M25D17M23D50M7D20M14D60M7D3M6D11M1I49M1I36M15I15M4I18M2I26M5D10M2D44M1I28M1D4M
96	2691	0.313	1.412E-61	3	812	813	5	937	948	6M4D11M5D33M2I4M3I227M8D10M15D26M27D16M7D20M16I33M42D13M1D16M5D44M12D61M4D7M7D49M1I32M1I35M2D17M3D8M4D10M1I31M1D77M
2	2682	0.295	2.284E-61	24	808	813	7	772	781	103M1I55M1I105M7I24M9I34M15I18M4I15M7I4M2I46M4I40M1D26M8D4M8D49M1D11M1D6M1D3M3D52M4D6M2D12M2I8M6I32M1I31M2D5M1D7M5D6M3D24M
80	2682	0.311	2.284E-61	64	812	813	1	928	931	229M3I24M11D25M3D13M2D3M20D8M8I2M20D21M49D6M25D20M2D59M14D61M13D89M1I33M1D14M1I4M6D33M5D8M14D6M6D70M1D8M
32	2659	0.311	7.801E-61	64	812	813	1	925	929	225M1I4M2I27M17D27M6D14M7D10M23D18M4D16M9D11M50D43M3D21M13D63M7D3M6D124M1D10M1I14M6D14M2D17M6D7M19D73M1D4M
14	2612	0.321	9.600E-60	17	812	813	77	885	886	6M2I107M25I4M3I72M1D54M2I11M2I28M2D28M16I23M4D12M22D21M1D11M2I21M6D17M29D61M8D5M7D136M3I8M8I17M8I6M4D77M
104	2611	0.290	1.013E-59	24	805	813	2	926	938	42M32I191M1I4M2I21M11D14M43D11M8D10M5D11M14I14M4D33M59D38M3D21M13D63M13D127M1D10M1I14M6D13M2D25M25D70M
79	2591	0.307	2.947E-59	76	812	813	2	885	889	212M2I29M11D10M6D10M32D19M3D3M16I8M10D18M11D13M27D6M11D30M7D28M6D66M13D130M2D10M1D10M19D10M4D30M2D77M
21	2587	0.340	3.649E-59	26	707	813	3	719	745	210M1D91M8D5M12D14M3D15M17I25M1D16M7D10M1I11M1I42M10D60M6D6M9D75M1I7M5D1M6I27M4I5M2D10M1D22M
84	2565	0.306	1.181E-58	72	812	813	3	926	929	221M3I21M11D18M40D25M17D3M14I4M15D15M20D4M8D6M25D20M2D45M7D13M12D62M13D87M2D4M3I33M1D10M1I4M29D21M1D96M1D8M
12	2474	0.357	1.524E-56	26	729	813	1	674	675	261M1D8M1I45M8I8M21I87M4I40M1I7M2D26M1D3M9D4M1D48M2I17M1D13M2I6M4I26M1I3M3I33M2D22M
81	2469	0.322	1.991E-56	61	732	813	7	816	885	228M1I4M2I26M17D17M18D12M3D11M15I7M9D27M14D27M24D15M47D30M13D61M7D5M6D124M1D10M1I14M2I33M
103	2400	0.279	7.932E-55	48	805	813	0	875	886	49M4I8M5I10M2I167M5D42M27D24M18I18M11D56M30D32M33D65M15D119M2D19M3I20M12D8M5D18M10D71M
121	2395	0.333	1.036E-54	33	718	813	1	618	619	256M8D10M4I44M5I20M2I19M53I5M21I12M6D23M1D11M2D26M15D53M2I18M2D14M2I9M3I22M2I23M8I19M
110	2391	0.297	1.283E-54	112	812	813	0	876	880	177M1I4M2I21M11D19M51D16M5D11M14I14M4D21M9D9M42D3M8D38M3D21M13D62M7D4M6D124M1D10M1I14M5D4M6D14M3D20M19D68M1D9M
9	2354	0.302	9.253E-54	27	808	813	7	607	639	96M1D201M16I19M2I22M169I45M2I18M1D17M7I25M1I19M4D11M2I12M5D16M5D44M2D14M1I2M1D21M
11	2118	0.344	2.755E-48	26	715	813	4	595	596	37M30I2M2I193M3D4M1D6M1I29M19I12M17I15M14I9M11I17M18I16M3D29M1D10M2D26M1D1M5D5M8D1M1D49M2I17M2D13M2I7M2I6M1I19M2I22M4I20M
123	2054	0.302	8.404E-47	66	652	813	0	713	715	234M9D19M21D25M46D8M13D8M17I31M28D19M4D55M7D63M13D74M1D20M2D14M
19	1856	0.210	3.287E-42	22	812	813	7	729	735	33M1D16M2D44M1I10M1I44M1D10M2D7M11D17M1I3M3D28M2D52M72I25M7I13M1D39M16I23M3D10M2D11M2D46M13D6M2D76M1D4M3D29M3D7M9I16M1I12M2I29M1D19M1D9M9I12M5I12M2D5M
90	1494	0.179	8.185E-34	23	803	813	1	691	697	32M1I10M5I56M1I39M5D18M1I21M1I24M1I4M11I4M1I47M60I17M5D19M2I25M5I9M21I63M3I7M2D5M1I5M10D9M10D33M1I3M5D7M3I21M2D16M11I41M1I13M1D1M6I30M1I4M1I10M1D18M1D3M1D22M5D7M
4	1430	0.196	2.497E-32	26	803	813	2	679	688	6M1D38M4I53M1I38M3D5M2D15M1I21M1I22M4D10M12I36M4I3M3I26M2I21M1I14M18I8M3I5M7I12M8I36M5I14M1I41M3I8M1D5M3D6M1D2M15D8M1D5M2D29M4D10M3I16M2D15M9I5M3I19M20I7M3D5M36I2M2D5M4D12M7I11M1D12M1D5M2D15M
129	1314	0.184	1.224E-29	32	806	813	0	649	656	23M1I9M35I3M2D4M1D20M1I39M5D18M1I18M1I27M1I4M11I4M1I43M51I76M23I23M18I2M5D16M1I4M1D6M1I5M2I7M2D6M1D6M12D3M5D7M1D35M4D9M3I16M2D18M7I5M4I13M4I9M1I4M1D29M2I9M1D14M3I16M1D18M1D3M1D14M1D18M
99	1153	0.228	6.640E-26	23	558	813	8	437	450	4M5D28M1I11M5I55M1I38M3D3M1D14M1I23M1I24M2D12M12I33M10I2M58I26M5I36M14I11M9I46M1D3M1I11M3I7M2D15M1D13M
17	759	0.191	9.131E-17	31	497	813	3	512	985	22M2I11M4I18M1D9M1I4M1D26M1I38M2D3M1D14M2I7M11D16M1I19M12D8M9D3M6D7M4I32M2I5M9D10M13D51M4D11M15I9M6D22M1I42M1I32M2D14M
93	708	0.149	1.391E-15	33	492	813	13	610	803	34M7I40M1I12M1I39M3D3M4D11M3I25M1I2M3D21M10D5M4D45M2I37M2D16M4D7M28D16M25D16M71D29M2I73M1D12M
 96	6952	1.00	0.000E+00	0	947	948	0	947	948	948M
39	3210	0.343	7.171E-75	38	941	948	5	964	965	30M5D225M14I16M9D44M14D12M9D3M5D48M11D21M4D11M8I11M8I25M6D43M1D23M3I6M1I62M4D9M4I5M2D48M1D32M1D38M1I18M6D14M8D18M4D20M5D83M
62	3208	0.335	7.994E-75	38	941	948	5	930	931	30M5D225M16I18M5D80M17D20M2I43M16I37M3D54M1D10M1I62M4D9M4I5M2D48M1D32M1D38M1I18M6D13M8D40M9D82M
3	3179	0.339	3.861E-74	38	942	948	5	881	882	30M5D225M3I13M3I36M3D72M2I39M38I10M2I32M2D46M1I63M4D14M2I49M1D32M1D103M4D7M5D74M2I7M
56	3176	0.339	4.544E-74	38	942	948	5	928	931	30M5D239M3D14M1I25M7D17M7D18M4D27M5D24M2D31M33I23M2D31M3D21M3D17M1I62M4D15M2I49M1D32M1D88M8D22M1D83M
67	3172	0.336	5.647E-74	38	944	948	6	963	964	30M5D233M5I7D20M24D45M4D40M2D29M5D27M24I18M4D2M2D17M2D21M5D17M1D23M1I62M4D15M2I49M1D34M1D36M1I29M20D116M3I8M
94	3167	0.334	7.409E-74	38	940	948	5	923	924	30M5D225M16I18M1D32M5D102M10D8M23I20M3I24M3I20M11D28M6D62M4D8M4I6M2D48M1D32M1D36M2D5M3I14M2D6M3D46M14D70M1D11M
30	3166	0.333	7.822E-74	38	941	948	5	971	972	30M5D227M10I3M12D21M9D62M3D27M3D22M10D18M10D12M21I15M12D43M1D13M4D20M2I5M1I62M4D9M4I5M2D48M1D32M1D38M1I16M2D7M4D25M9D23M10D82M
61	3160	0.323	1.084E-73	36	940	948	3	932	933	32M5D225M13I20M2D83M6D55M34I30M16D10M1D52M13D62M4D9M4I5M2D48M1D32M1D38M1I19M2D34M20D18M3D72M1D9M
52	3157	0.335	1.275E-73	38	941	948	5	905	913	30M5D239M3D14M1I66M2D18M4D28M3D30M34I8M4D5M2I76M1I63M4D14M2I49M1D32M1D107M8D3M1D74M1D8M
91	3155	0.367	1.422E-73	36	942	948	7	787	788	29M2D3M3D65M1D185M32I14M1I7M28I7M3I9M20I10M5I6M39I10M3I66M1I8M3I65M2D63M1D26M2I5M3I34M2I15M4D12M3I74M2D17M4D32M
117	3151	0.330	1.766E-73	31	943	948	0	997	1003	37M5D226M2D14M1D21M25D10M3D32M3D16M1D64M5D12M35I9M5D44M11D28M4I6M1I62M4D16M1I49M1D32M1D37M1D18M1D24M29D14M1D3M12D14M15D84M
112	3145	0.331	2.447E-73	36	942	948	3	968	971	32M5D227M10I3M12D11M1D10M8D41M7D12M5D61M17D20M28I30M6D27M2I40M13D62M4D9M4I5M2D48M1D32M1D38M1I56M10D15M15D74M3I6M
124	3144	0.371	2.583E-73	37	933	948	0	710	713	31M5D223M3D4M5D5M1D19M9I10M5I4M26I9M39I5M30I6M16I5M12I14M8I14M35I16M8I37M1D24M3D67M1D65M2I28M13I9M5I22M3D31M1D9M1I31M
128	3139	0.359	3.389E-73	37	942	948	5	875	876	31M5D227M5D33M2I62M4I16M5I37M44I30M1I14M9D7M11I10M5I6M8I62M4D6M1I59M1D32M1D64M8D14M5D18M8D97M
85	3135	0.327	4.212E-73	31	942	948	0	967	970	5M2I30M5D225M14I13M5D35M2I29M40D16M2D36M7D29M24I29M3D28M2I41M13D61M4D9M4I5M2D48M1D32M1D38M1I18M6D41M4D12M15D74M3I6M
49	3132	0.336	4.957E-73	38	942	948	5	859	862	30M5D236M6I44M5I30M15I14M9I36M36I46M4D44M1I63M4D14M2I49M1D32M1D103M4D7M5D83M
131	3131	0.330	5.234E-73	38	941	948	5	895	896	30M5D227M11I93M6D65M34I40M10D9M16I17M3I6M1I62M4D9M4I5M2D48M1D32M1D38M1I19M2D13M8D12M8D26M10D83M
22	3129	0.333	5.834E-73	36	941	948	3	957	958	32M5D225M15I6M10D55M3D19M19D21M7D33M4D21M13I8M5I10M4D8M2D66M4D10M3D1M6I60M4D11M4I5M2D48M1D32M1D38M1I19M5D46M4D6M15D82M
35	3121	0.324	9.009E-73	36	942	948	3	928	929	30M2D2M3D226M4I47M1D17M2I13M3D25M14D34M3D21M11D8M33I60M6D31M1I63M4D14M2I49M1D32M1D107M9D3M1D79M2D4M
108	3118	0.337	1.060E-72	38	942	948	5	925	928	30M5D227M10I7M5D57M2D6M2D25M5D27M1I36M25I4M1D26M7D40M1D31M4D62M4D8M4I6M2D48M1D32M1D38M1I34M1D21M13D16M6D74M3I6M
69	3117	0.326	1.119E-72	38	944	948	5	923	924	30M5D227M4I47M1D17M11D19M1I25M8D11M6D17M3D26M37I13M1I19M3D16M8D21M2I18M1I62M4D15M2I49M1D32M1D54M8D56M1D85M
119	3117	0.333	1.119E-72	36	942	948	3	965	968	32M5D227M10I3M12D11M1D10M8D78M10D30M4D21M10D12M21I99M13D62M4D9M4I5M2D48M1D32M1D38M1I18M6D7M15D13M2D33M1D74M3I6M
107	3112	0.328	1.469E-72	38	942	948	5	966	969	30M5D225M12I1M14D84M10D29M3D21M10D18M10D14M15I32M2D71M6D62M4D9M4I5M2D48M1D32M1D38M1I48M2D8M7D15M15D74M3I6M
105	3109	0.318	1.729E-72	38	941	948	5	962	963	30M5D225M14I15M3D87M5D56M33I32M3D11M3D7M25D4M3D26M4D7M4D7M25D60M4D9M4I5M2D48M1D32M1D36M2D5M3I14M14D16M3D36M1D82M
38	3109	0.313	1.729E-72	38	941	948	5	968	969	30M5D225M14I16M9D46M4D22M15D27M3D22M8D18M10D12M21I99M13D62M4D9M4I5M2D48M1D32M1D30M2D11M3I11M6D55M19D82M
48	3106	0.332	2.034E-72	38	940	948	5	898	899	30M5D237M3D32M1D17M5D5M1D12M1D17M3I31M1D20M1D21M35I34M4D49M3I5M1I62M4D15M2I49M1D32M1D57M7I19M3D27M11D81M
76	3105	0.336	2.148E-72	36	943	948	3	923	925	32M5D227M4I8M7D14M1I52M7D11M7D40M4D19M1D11M6D7M36I43M2D25M3D23M1I63M4D11M3I1M1D50M1D32M1D106M5D4M4D84M
0	3104	0.365	2.268E-72	36	941	948	11	753	754	32M5D66M1D177M2D17M7I22M9I6M71I19M40I7M26I16M11I15M6I4M3I60M1D68M1D26M1D4M3D7M8I25M2I15M3D17M1I25M1I42M2D20M2D25M1D6M
97	3104	0.370	2.268E-72	36	942	948	24	785	786	30M2D2M3D66M1D173M2I19M13I30M12I3M14I33M21I4M41I10M23I13M11I19M8I4M3I60M1D68M1D30M3D7M8I25M2I19M3D14M1I34M3I35M1D16M2D31M
116	3104	0.328	2.268E-72	38	941	948	5	892	893	30M5D227M4I47M1D24M2D20M7D35M4D19M6D20M32I16M1I29M6I1M1I27M2I4M7I4D62M4D15M2I49M1D32M1D58M4D9M2I41M1D15M1D67M
41	3103	0.326	2.394E-72	38	942	948	5	922	924	30M5D227M4I9M7D46M4D15M3D87M2D6M36I12M3D49M2D13M17D17M1I63M4D11M3I1M1D50M1D32M1D87M5D23M1D79M1D4M
25	3103	0.330	2.394E-72	31	941	948	0	969	970	5M2I30M5D227M10I3M12D17M5D10M14D18M2D18M8D67M7D29M24I28M3D29M2I40M13D62M4D9M4I5M2D48M1D32M1D38M1I19M18D19M6D33M1D82M
72	3101	0.336	2.669E-72	38	942	948	5	957	958	30M5D232M7I65M13D18M7D28M8D12M10D34M25I12M8D11M2I56M7D4M4D7M1I7M1I62M4D12M3I2M1D47M1D72M1I19M11D33M10D19M1D74M2I7M
44	3100	0.333	2.818E-72	38	942	948	5	883	886	30M5D227M10I11M4D32M3D74M2I37M38I90M1I63M4D14M2I49M1D32M1D103M4D4M4D3M1D83M
50	3100	0.330	2.818E-72	38	942	948	5	905	906	30M5D227M4I47M1D84M1I16M6D17M34I29M8D19M7D26M4I13M1I63M4D14M2I49M1D32M1D56M1I50M9D3M1D83M
113	3100	0.324	2.818E-72	38	942	948	5	914	915	30M5D227M7I14M1D59M6D15M15D13M6D28M1I20M3D13M33I16M1I43M3I16M1I12M6D63M4D14M2I49M1D32M1D57M4I49M6D76M3D7M
106	3096	0.324	3.502E-72	31	941	948	0	969	970	5M2I30M5D225M14I7M5D41M2I36M23D24M9D18M4D31M10D4M21I29M3D28M3D2M8D12M4D19M3I5M1I62M4D9M4I5M2D48M1D32M1D38M1I18M6D41M4D12M15D82M
54	3091	0.326	4.594E-72	38	942	948	5	920	923	30M5D227M7I13M3D31M1D66M2D18M1I16M6D19M32I36M19D38M3D17M1I62M4D15M2I49M1D32M1D7M4I13M4D32M1I48M9D5M1D83M
43	3091	0.333	4.594E-72	38	944	948	5	930	931	30M5D225M3I11M6D14M1I28M4D41M11D7M4D11M5D10M6D25M2D22M31I35M1I56M1I63M4D14M2I49M1D32M1D77M6D10M2D23M1D85M
42	3090	0.319	4.851E-72	36	940	948	3	932	933	32M5D225M13I1M16D25M16D17M2I44M4D11M5D58M34I43M6D46M1I64M4D15M2I49M1D34M3I17M4D45M14D6M4D37M1D81M
51	3089	0.328	5.122E-72	38	938	948	5	924	932	30M5D227M4I9M7D13M1I25M2D12M12D66M4D30M6D8M36I35M6D38M6D17M1I62M4D15M2I49M1D32M1D57M1I49M9D3M1D79M
98	3087	0.375	5.709E-72	36	942	948	11	775	776	30M2D2M3D66M1D167M3I24M4I11M18I21M48I19M4I8M37I11M27I10M4I37M3I60M2D68M1D21M1I8M3D7M8I23M1D5M3I15M3D13M2I24M2I42M2D19M4D32M
1	3086	0.349	6.028E-72	37	943	948	4	781	787	31M5D228M13I10M62I8M9I22M1I15M1I22M39I11M44I29M3I29M1D14M2D23M4D63M1I19M2D25M4I27M4I14M2I10M3D32M6D8M1D31M3D15M7D5M11D23M9D10M
26	3086	0.320	6.028E-72	38	941	948	5	969	970	30M5D227M10I3M12D82M19D47M4D20M27D6M35I50M2I40M13D62M4D9M4I5M2D48M1D32M1D38M1I23M6D38M4D10M15D82M
28	3083	0.331	7.094E-72	31	941	948	0	970	971	5M2I30M5D227M10I3M12D17M5D10M14D18M2D30M1D21M8D39M7D22M28I10M7D45M3D2M8D16M1D23M1I62M4D9M4I5M2D48M1D32M1D38M1I18M6D41M4D12M15D82M
102	3081	0.326	7.908E-72	38	941	948	5	963	964	29M2D1M3D225M13I38M4D13M5D5M2D12M8D15M18D15M9D38M4D23M31I1M1D26M3I21M2I17M20D23M1I62M4D15M2I49M1D32M1D38M1I19M16D22M10D112M
115	3077	0.300	9.827E-72	36	940	948	3	981	982	32M5D225M13I19M2D84M10D18M1D27M11D3M11D8M33I46M17D18M1D28M30D62M4D15M2I49M1D32M1D57M26D16M1I36M3D81M
86	3076	0.330	1.038E-71	38	942	948	5	967	970	30M5D227M10I3M12D17M5D60M14D17M10D36M7D9M14D16M35I55M2I35M13D62M4D9M4I5M2D48M1D32M1D38M1I46M2D9M13D15M10D75M3I6M
13	3071	0.331	1.361E-71	38	942	948	5	892	894	30M5D239M3D14M1I35M10D6M1D19M1I23M1D15M1D44M33I15M8I54M8I6M1I62M4D15M2I49M1D32M1D94M6D16M3D79M1D4M
64	3070	0.317	1.437E-71	38	940	948	5	967	968	30M5D227M10I19M5D25M7D18M7D17M22D18M2D34M12D3M1D8M18D16M35I56M2I33M1I62M4D9M4I5M2D48M1D32M1D38M1I19M2D41M2D11M21D70M1D11M
109	3069	0.334	1.517E-71	38	939	948	5	914	915	30M5D225M3I9M6D26M1I23M16D27M1I19M1D23M4D19M1D4M6D17M33I7M4D33M4I47M1I63M4D14M2I49M1D32M1D57M3D53M1D80M
111	3067	0.333	1.692E-71	38	942	948	5	935	938	30M5D227M10I18M5D26M7D11M7D24M14D59M2I20M32I22M2D71M6D60M4D11M4I5M2D48M1D32M1D38M1I19M10D9M1I42M15D74M3I6M
71	3066	0.335	1.786E-71	33	938	948	13	927	934	6M1I28M5D227M4I9M7D10M1I28M2D9M5D42M1D27M1D11M10D19M6D10M33I7M1D32M3D11M1I21M4I15M1I63M4D14M2I49M1D32M1D56M1I50M10D82M
29	3062	0.315	2.219E-71	31	941	948	0	969	970	5M2I30M5D225M14I16M9D46M12D15M14D53M4D20M27D6M35I50M2I40M13D60M4D11M4I5M2D48M1D32M1D38M1I48M10D23M15D82M
33	3060	0.322	2.474E-71	38	942	948	5	967	970	30M5D227M11I90M4D55M1I13M34I4M2D27M3D11M7D17M25D20M11D12M22D60M4D11M4I5M2D48M1D32M1D38M1I33M6D28M4D10M15D74M3I6M
53	3059	0.328	2.612E-71	31	942	948	0	961	964	5M2I30M5D227M10I3M12D17M5D12M1D27M1D21M14D10M8D15M2D28M7D25M29I10M5D66M7D21M1I62M4D9M4I5M2D48M1D32M1D36M2D3M3I15M6D43M9D10M10D74M3I6M
27	3059	0.325	2.612E-71	38	941	948	5	969	970	30M5D225M14I16M9D26M7D26M3D4M1D15M6D23M19D21M7D27M31I3M3D5M7D44M2I41M13D61M4D9M4I5M2D48M1D32M1D38M1I48M10D23M15D82M
100	3058	0.370	2.758E-71	37	944	948	3	800	806	31M5D231M8I19M23I17M7I9M2I35M8I36M36I10M5I31M27I7M11I63M4D65M1D33M5I4M4D6M4D23M2D15M3D14M2I86M1D39M
46	3055	0.320	3.246E-71	38	939	948	5	925	926	30M5D225M3I14M6D11M1I25M2D20M2D41M3D17M1D40M34I42M6D31M6D17M1I62M4D15M2I49M1D32M1D106M4D4M1D51M12D25M6D4M
59	3053	0.322	3.618E-71	38	940	948	5	981	982	3M1D27M5D227M11I13D12M7D20M16D36M13D14M6D4M1I24M12D18M1D20M5D5M1D5M32I11M1D66M1D16M19D62M4D15M2I49M1D90M11D127M3D6M
6	3052	0.329	3.820E-71	31	941	948	0	969	970	5M2I30M5D227M10I3M12D17M5D10M14D13M20D38M1D50M3D11M7D16M35I50M2I41M13D61M4D9M4I5M2D48M1D32M1D38M1I23M6D38M4D10M15D82M
45	3045	0.322	5.587E-71	38	942	948	5	925	927	30M5D225M5I14M1D34M1D25M1I26M14D27M1D18M4D7M6D5M6D10M33I36M1D38M3D17M1I63M4D14M2I49M1D32M1D7M4I13M4D32M1I50M9D3M1D77M1D6M
47	3044	0.331	5.899E-71	36	938	948	3	812	820	32M5D227M4I30M4I22M2I25M2I34M13I32M36I13M11I9M14I37M1I4M2I63M4D14M2I49M1D32M1D58M7I5M6I113M
31	3042	0.327	6.575E-71	38	941	948	5	969	970	30M5D227M10I3M12D17M5D10M14D18M2D17M14D20M5D47M3D10M7D16M35I50M2I40M13D62M4D9M4I5M2D48M1D32M1D38M1I22M6D39M4D10M15D82M
5	3040	0.330	7.330E-71	38	941	948	5	969	970	30M5D227M10I3M12D17M5D61M14D25M10D27M7D27M28I11M7D44M2I40M13D62M4D9M4I5M2D48M1D32M1D38M1I18M6D43M4D10M15D82M
63	3039	0.329	7.739E-71	37	943	948	6	765	778	29M2D2M3D64M1D164M15I23M2I31M12I7M59I15M42I6M12I28M22I17M3I39M2D21M4D66M1I16M3D1M2I10M4I11M2I22M3I16M2I12M2D15M4D27M1D34M2D40M10D10M
57	3039	0.336	7.739E-71	38	942	948	5	930	931	30M5D232M7I1M10D52M15D22M1I15M4D5M4D5M2D9M6D17M4D29M35I11M1I17M1I44M1D17M1I62M4D15M2I49M1D32M1D104M8D6M1D76M3D7M
8	3039	0.318	7.739E-71	31	942	948	0	1013	1016	35M2D2M3D225M5D41M16D11M2D32M6D8M18D76M37I52M7D15M28D105M4D48M1D35M2I2M3D48M42D16M2D36M2D3M1D74M1I8M
75	3037	0.331	8.627E-71	38	942	948	5	967	970	30M5D227M10I3M12D17M5D10M14D13M4D16M2D3M17D68M2D30M33I39M2D53M13D60M4D11M4I5M2D48M1D32M1D38M1I18M6D20M2D33M17D74M3I6M
16	3037	0.318	8.627E-71	36	939	948	37	977	978	32M5D225M13I43M2I56M10D23M5D30M19D3M35I10M7D4M4D55M5D23M7D62M4D15M2I49M1D71M1I17M8D10M12D43M3D80M
15	3035	0.315	9.617E-71	36	939	948	39	982	983	32M5D229M10I32M1I20M6D34M14D26M1D13M1D8M3D11M4D11M35I9M13D33M1D15M4D35M7D62M4D15M2I49M1D71M1I17M17D17M7D18M1D98M
78	3032	0.317	1.132E-70	38	941	948	5	939	940	30M5D227M9I57M1D17M1D10M30D28M1D8M13D39M35I29M6D55M4I66M4D15M2I49M1D34M3I19M4D31M2I33M17D20M4D74M1I7M
77	3031	0.329	1.195E-70	38	942	948	5	922	925	30M5D225M13I1M16D14M1I19M2D19M8D28M1D3M15D37M5D38M32I13M2I56M1I9M3I7M1I62M4D15M2I49M1D32M1D67M2I36M8D5M1D74M3D9M
24	3031	0.328	1.195E-70	38	942	948	5	967	970	30M5D225M14I13M5D35M2I36M40D9M2D36M7D25M31I5M7D13M2I39M3D37M13D62M4D9M4I5M2D48M1D32M1D38M1I19M6D40M4D12M15D74M3I6M
118	3030	0.309	1.262E-70	38	942	948	5	977	978	28M2D2M3D225M13I20M8D51M11D14M7D72M35I31M2D25M27D8M4D9M4D7M6D14M12D60M4D15M2I49M1D34M4I13M6D19M1I16M19D17M9D112M2I7M
120	3029	0.364	1.332E-70	36	944	948	5	758	764	32M5D63M2I163M4I21M12I20M7I29M2D35M7I17M10I15M83I25M7I41M2D21M4D65M1I18M1D15M1D36M2I4M4I9M28I25M1D36M1I40M3I8M
37	3028	0.344	1.406E-70	31	947	948	0	828	829	3M4I10M2D16M2D4M1D5M2D114M1I136M36I11M14I17M19I9M23I19M8I39M1D61M4I5M1D39M2D24M4D62M1I19M1D27M2I19M4I33M5I19M2D17M1D34M2D38M1D5M3D6M8D5M
66	3028	0.321	1.406E-70	31	940	948	0	922	923	5M2I30M5D39M1D188M11I28M2D19M2D29M8D13M13D12M5D48M4D8M35I47M5I40M3D62M4D15M2I49M1D35M3I16M4D57M19D112M
10	3023	0.370	1.845E-70	36	942	948	24	783	784	30M2D2M3D66M1D174M4I16M4I11M18I15M53I13M1D4M4I11M37I12M9I22M2I9M10I13M8I4M3I62M2D66M1D30M3D7M8I25M2I17M3D44M5I35M2D20M4D6M2I24M
34	3023	0.331	1.845E-70	31	941	948	0	969	970	5M2I30M5D227M10I3M12D17M5D63M16D16M8D34M7D20M14D5M35I55M2I35M13D63M4D8M4I5M2D48M1D32M1D38M1I19M18D19M6D33M1D82M
7	3022	0.347	1.948E-70	37	942	948	7	821	857	31M5D63M1D166M12I34M2I19M9I9M1D10M14I15M4I16M1I16M41I25M11I19M4I15M11I3M3I39M2D21M4D15M1D49M1I18M1D14M5I37M2I42M7D21M3D6M1D32M2D42M1D9M
58	3022	0.326	1.948E-70	38	942	948	5	886	889	30M5D227M7I10M1D34M3D25M1I21M2D37M1I16M2I16M31I76M3D17M1I62M4D15M2I49M1D32M1D7M4I13M4D50M2D119M
60	3020	0.311	2.172E-70	37	942	948	0	992	994	6M2D19M10D6M8D227M13I18M2D51M1D6M7D21M9D14M9D15M39D24M6D8M33I10M2D69M2I11M19D62M4D15M2I49M1D113M2D16M6D13M10D83M
70	3013	0.322	3.176E-70	38	942	948	5	857	858	30M5D227M7I19M15I19M16D26M10I10M11I18M1I16M2I14M35I19M1D29M3I21M4I15M1I62M4D15M2I49M1D32M1D7M4I13M4D32M1I48M9D5M1D76M2D7M
83	3010	0.311	3.738E-70	16	940	948	1	946	947	17M2I7M9D26M5D237M3D49M7D13M2D15M1I14M2D39M2D24M2D5M33I42M16D8M1D33M3I5M1I62M4D15M2I49M1D32M1D77M7D33M1D81M
65	3009	0.310	3.947E-70	38	942	948	0	877	879	27M2D3M3D227M13I18M1D52M3D21M7D47M7D22M25I12M11D56M3D29M12D62M4D15M2I49M1D72M42I28M1D83M
130	3006	0.318	4.645E-70	38	940	948	5	982	983	30M5D232M7I26M1D25M1D12M1D29M14D48M10D10M6D6M35I11M2D4M2D6M8D24M4D14M3D35M31D60M4D15M2I49M1D32M1D87M22D23M3D81M
127	2995	0.328	8.442E-70	36	942	948	46	1012	1013	32M5D232M7I65M24D10M13D23M2D58M35I11M6D6M5D28M16D22M7D9M3D15M1I62M4D15M2I49M1D70M1I14M11D57M11D74M2I7M
82	2994	0.309	8.913E-70	16	940	948	1	946	947	15M4D5M4D32M5D237M3D53M10D54M4D53M33I18M4D15M8D49M3I4M4D2M1I62M4D15M2I49M1D32M1D55M4D20M3D35M1D81M
74	2989	0.334	1.169E-69	40	923	948	1	924	926	28M5D227M10I6M3D49M2D26M26D25M10D15M6D17M3D17M28I21M2D71M3I6M1I62M4D15M2I46M1D38M1I36M2I13M6D55M11D50M8D14M
89	2984	0.322	1.534E-69	30	944	948	2	765	777	4M3I28M2D3M3D64M1D161M19I31M2D46M4I15M3I9M17I4M5I19M125I39M2D21M4D64M1I18M3D1M2I10M10I13M4D16M3I48M1D23M8D35M2D40M9D11M
40	2983	0.325	1.620E-69	37	944	948	5	764	776	28M2D3M3D64M1D161M19I13M6D2M6I7M4D3M3I16M1D24M59I3M51I11M2I20M36I13M3I3M3I39M2D21M4D64M1I18M3D1M2I10M10I10M4D19M3I71M9D34M2D41M9D11M
88	2971	0.328	3.108E-69	31	942	948	1	751	770	5M1I31M5D227M12I21M7I32M12I3M70I9M39I8M10I30M24I7M1D8M5I37M2D21M4D64M1I21M1D13M5I9M1I21M3I48M1D23M8D34M2D41M5D9M
23	2961	0.319	5.350E-69	38	940	948	5	934	935	30M5D227M10I12M1D44M1D12M10D7M6D23M9D13M9D16M1D33M31I46M1I14M1I32M5D62M4D15M2I49M1D54M1D8M2D10M2I40M12D28M7D81M
122	2960	0.309	5.648E-69	37	945	948	3	973	1001	31M5D227M14I71M30D9M1D15M2D10M1D47M38I16M2D29M2D16M1D25M5I62M4D12M3I3M2D48M1D32M1D37M2D3M1I13M21D31M27D5M16D21M10D56M5I24M
73	2955	0.324	7.411E-69	43	942	948	1	932	933	5M1D8M1I5M7I231M7I73M17D11M3D19M4D30M16D25M28I12M6D8M1D48M6D20M3I5M1I62M4D12M3I1M1D48M1D73M2I16M19D19M6D34M1D74M2I7M
87	2954	0.331	7.824E-69	37	942	948	6	751	770	29M2D2M3D59M1D169M15I12M5D4M7I33M12I7M2I23M1I14M5I15M53I3M82I3M3I39M2D21M4D66M1I16M3D1M2I10M4I11M2I28M3I9M6D20M2I35M1D32M2D42M5D9M
20	2953	0.332	8.261E-69	37	942	948	6	759	772	31M5D226M17I18M20I11M4D44M10I6M17I9M5I9M39I6M67I15M5I37M2D21M4D64M1I18M3D1M2I10M1D10M7I22M3I48M1D23M8D34M2D41M11D9M
68	2928	0.325	3.211E-68	35	942	948	9	900	901	13M1I7M1I4M7I232M7I89M2D67M35I14M2I40M6D36M6D62M4D15M2I49M1D70M1I19M11D7M6D30M5D15M1D74M2I7M
36	2925	0.344	3.779E-68	36	943	948	1	811	829	11M2D21M3D5M2D114M1I136M36I11M14I17M19I13M20I18M11I36M1D61M3I45M2D24M4D62M1I19M1D27M2I19M4I20M3D11M8I35M3D32M1D2M1D39M1I10M
95	2924	0.338	3.990E-68	37	942	948	0	717	720	31M5D62M2I165M4I22M6I37M13I7M5I12M8I22M12I3M5I19M120I37M2D25M4D61M1I18M1D16M1D10M4I26M2I14M4I7M8I14M6I48M1I49M
101	2902	0.303	1.318E-67	24	933	948	6	928	936	44M5D225M14I10D19M9D94M1D45M33I12M1D29M3D42M6D4M7I1M1D57M5D3M1D14M2I49M1D36M2D6M4D3M6D17M2D10M2I41M5D26M9D75M
126	2896	0.332	1.826E-67	36	933	948	7	804	808	28M2D4M3D63M2I164M5I21M4I7M8I47M2D25M15I30M3D6M30I11M69I5M9D2M8I63M4D14M2I94M1I19M4I33M10D22M6D18M11D33M2I39M
14	2856	0.366	1.603E-66	30	937	948	76	885	886	6M1D32M3D5M2D65M25I3M4I2M1D70M1D56M6I4M2I24M1I23M1I26M1I46M5D26M41I10M5I12M1D9M1D9M1D33M7I3M3I63M4D65M1D32M1D37M2I28M9I14M13I85M
80	2850	0.319	2.220E-66	71	942	948	2	930	931	224M11I13D24M28D13M3D18M1D4M14D23M1D45M3D14M4D18M31I14M12D57M2I20M1I62M4D12M4I2M2D48M1D72M1I52M20D17M3D74M2I7M
55	2846	0.307	2.758E-66	38	942	948	5	890	893	30M5D72M1I154M12I24M4D66M4D22M1D23M18D20M9D8M24I4M8D26M2I41M3I11M3I5M1I63M4D14M2I9M1I39M1D7M1I34M18I23M2D16M7I36M1D45M1I37M
92	2843	0.281	3.247E-66	37	940	948	0	1083	1084	31M5D225M12I8M18D23M12D10M8D93M13D26M33I19M8D70M57D5M7D60M4D12M2I4M2D48M1D33M6I6M7D25M1I13M29D14M4D25M1D19M58D81M
79	2834	0.302	5.293E-66	80	942	948	0	888	889	213M3I4M8I26M2D27M1D17M1D11M30D36M14D38M35I55M7D27M4I68M4D15M2I49M1D35M3I18M4D50M18D36M1D74M2I7M
84	2829	0.318	6.944E-66	75	942	948	0	928	929	225M6I8D19M5D69M6D20M19D29M1D20M36I10M6D4M5D24M7D21M7D21M10D11M7D62M4D12M4I2M2D47M1D69M2D5M3I49M21D17M1D74M2I7M
32	2826	0.322	8.173E-66	71	941	948	2	928	929	224M10I3M12D11M1D10M13D53M13D20M2D36M7D29M24I28M3D29M2I40M13D60M4D11M4I5M2D48M1D33M1D37M1I23M6D38M4D10M15D82M
18	2799	0.265	3.541E-65	37	933	948	0	1241	1248	31M5D225M11I9M11D66M12D34M1D36M2D12M37I17M5D19M41D17M21D26M8D4M32D5M1D4M4D60M3D14M3I2M2D49M1D32M1D36M3D4M4I11M71D6M70D13M36D13M41D4M16D19M13D74M
114	2781	0.298	9.413E-65	36	933	948	3	922	929	32M5D180M1D45M15I1M12D57M9D6M2D37M2D18M3D38M32I55M1D7M14D90M5D4M1D14M2I49M1D15M5I15M4D67M4D16M3D15M1D9M8D74M
104	2742	0.313	7.826E-64	38	942	948	5	935	938	30M1D5M27I3M1I191M10I3M12D17M5D10M14D13M20D38M1D30M4D39M6D8M35I55M2I35M13D62M4D9M4I5M2D48M1D32M1D38M1I18M6D43M4D10M15D74M3I6M
125	2693	0.307	1.120E-62	17	937	948	6	812	813	47M2D4M3D227M8I15M4I57M18D19M4I5M24I28M39I11M7I35M15I7M18I59M6I2M5I55M1D32M1D35M2I17M3I12M4D17M2I6M5I11M1I77M
21	2642	0.360	1.787E-61	37	828	948	3	720	745	29M2D2M1D7M2D167M1D55M7I6M1D60M11I40M18I10M1D16M33I53M5I7M1I16M3I4M3I63M4D65M1D21M1I19M4I44M3I4M2D15M
2	2627	0.291	4.035E-61	36	941	948	8	780	781	29M2D3M3D62M1I58M1I105M13I31M7I28M5I17M1D18M38I9M38I30M39I12M10I35M1D27M5D63M1D3M1D7M1D9M4D19M1D34M4D15M13I3M6I18M3D31M1D3M1I19M3D7M5D12M3D27M
103	2627	0.265	4.035E-61	59	942	948	0	885	886	9M1D2M4D33M4I10M5I8M2I161M17I31M1I112M1D9M35I36M30D11M5D45M4D62M4D9M1I6M1D50M1D38M1D47M3D26M4D18M2D13M8D74M2I7M
81	2547	0.331	3.110E-59	69	852	948	9	820	885	224M14I7M9D53M14D12M1I21M3D7M3D10M3D18M8D22M10D11M4D1M26I94M13D62M4D9M4I5M2D48M1D32M1D36M2D5M3I30M1I28M
110	2535	0.312	5.967E-59	118	942	948	0	877	880	177M10I3M12D11M1D9M26D74M2D36M7D27M28I12M7D48M2I35M13D62M4D9M4I5M2D48M1D33M1D37M1I33M6D28M4D10M15D74M3I6M
121	2524	0.355	1.084E-58	44	831	948	1	618	619	21M2D3M3D228M2D12M2I11M5I30M5I11M85I6M25I15M15I9M34I1M3D17M4D4M10I21M1D15M2D24M4D61M1I19M2D15M1I9M3I20M4I18M3I25M
12	2473	0.344	1.730E-57	37	856	948	1	674	675	31M5D225M9I45M12I86M1I16M36I8M33I5M40I3M3I27M1I11M2D87M1I14M1D16M9I36M2I23M7I33M
123	2349	0.338	1.454E-54	72	772	948	0	713	715	222M19I42M2D45M7D37M27D4M9D30M20I43M8D42M1I6M3D2M6I61M4D15M2I49M1D17M1D25M1I12M
11	2266	0.343	1.319E-52	35	825	948	1	589	596	3M1D30M1D6M28I194M13I7M4D14M17I17M29I13M35I9M2I9M38I10M5I13M34I5M5I8M4I4M1D6M3D21M1D15M2D21M2D4M2D60M1I19M2D22M4I22M4I19M2I19M
9	2245	0.276	4.126E-52	37	944	948	6	626	639	31M5D64M1D165M15I16M44I11M53I24M20I23M167I46M1I16M3D1M2I11M4I10M2I27M3I40M4D27M1D34M2D40M8D11M
19	1813	0.204	6.374E-42	37	939	948	11	731	735	28M3D3M1D11M4D42M1I8M1I46M1D10M5D6M8D18M3D5M1I25M2D51M2D29M18I18M24I13M20I7M14I8M3I12M100I14M8I4M7I11M2D6M2D42M3D13M3I7M4D44M1D32M4D3M1D35M1I15M1I12M16I35M3I4M5I23M1D11M1I14M2I9M
90	1379	0.173	1.098E-31	36	932	948	3	691	697	9M1D2M1I26M1I55M1I43M3D4M2D14M1I20M1I24M1I4M11I4M1I37M4D11M11D18M9I4M45I16M28I18M4I12M51I2M49I14M13I38M3I3M2D10M1I5M7D18M2D34M1I3M5D10M2I15M2D21M10I31M1I8M6I4M11I39M2D4M1I10M1D17M1D5M1D15M1D17M
4	1267	0.176	4.809E-29	42	932	948	8	684	688	26M1D5M3D6M3I48M1I40M3D6M2D14M1I22M1I22M4D10M12I34M5I5M10I21M12I25M14I8M11I29M8I6M51I12M7I6M9I13M15I22M9I5M2I30M3I8M1D5M3D12M5I3M8D12M5D29M4D11M2I17M2D17M15I23M13I13M43I8M4D13M7I7M1D21M3D7M1D11M
129	1220	0.164	6.174E-28	45	933	948	0	651	656	5M2D24M1I2M30I3M3D20M1I43M3D4M2D14M1I17M1I27M1I4M11I4M1I43M49I4M98I18M18I18M13I26M15I35M5D27M1I8M2I4M2D6M1D6M3D6M1D19M3D31M4D10M2I15M2D21M14I27M1I21M9I33M6D11M1D5M9I12M1D5M1D13M1D20M
99	977	0.255	3.325E-22	38	410	948	17	363	450	8M1D1M1I26M1I57M1I38M3D4M1D14M1I23M1I32M2I7M8I33M2D12M1I24M15I9M2I52M
17	652	0.142	1.538E-14	42	864	948	3	711	985	26M1D10M2I10M1D13M1I4M1D31M1I33M2D3M1D21M9D19M1I18M12D7M1D16M10D32M1I37M1I15M1I47M2D20M1I48M38I108M17I6M18I30M25I14M23I13M2I8M22I80M
93	556	0.135	2.827E-12	44	932	948	13	800	803	24M1D17M3I33M1I11M1I39M3D3M4D15M2I4M1I13M2D29M4I6M1I7M19D31M2I9M6I17M36I68M1I3M7I36M3D5M2D13M59D17M3I42M2I22M5I24M15I6M20I20M2I8M25I2M10I4M35I9M25I12M18D33M10D36M6I2M13I4M4I19M8D16M
 95	5816	1.00	0.000E+00	0	719	720	0	719	720	720M
120	4067	0.572	1.005E-94	1	718	720	7	763	764	289M5D25M5D31M1D19M3D13M31D231M10I15M1D75M3D10M
124	3392	0.452	7.289E-79	0	710	720	0	712	713	98M2D160M16D19M31I33M10D30M2D7M3I37M1I30M1I66M2D17M1I14M1I36M4D15M2D38M1D29M2D10M1I33M
63	3361	0.406	3.900E-78	1	719	720	7	756	778	96M3D166M6I25M6D16M8D17M2D52M4I165M7I28M1D4M2D14M2D7M3D16M6D11M12D34M3D51M
91	3328	0.431	2.325E-77	1	718	720	9	787	788	98M3D171M25D13M14D19M2D76M3I40M2I24M2I65M1D2M1D18M1I13M6I30M4D14M8D14M4D4M2D18M5D35M3D17M4D23M1I9M
87	3317	0.403	4.216E-77	1	719	720	7	753	770	96M3D166M8D15M4I17M1D27M1I48M6I172M7I23M1D5M2D12M3D12M8D23M12D34M3D40M5D11M
98	3276	0.407	3.876E-76	1	718	720	13	775	776	98M3D171M9D75M1D26M14D8M1D38M2I33M2I60M2D20M1I7M1I7M6I28M4D17M7D10M3D19M7D41M3D19M4D19M1I9M
0	3273	0.433	4.558E-76	1	718	720	13	753	754	98M3D169M9D71M1I35M6I40M2I24M3I64M2D18M2I1M1D8M1D7M6I28M4D14M7D13M4D5M8D50M3D20M2D24M1I8M
1	3261	0.409	8.725E-76	1	719	720	5	780	787	96M2D199M1D113M1D124M1D14M1I16M4I18M2D20M19D26M7D39M4D4M7D11M6D2M5D21M7D11M
37	3253	0.390	1.345E-75	1	719	720	3	814	829	10M2D87M2D55M1I109M6D49M50D38M6D24M9D181M3I28M2D13M10D23M3D14M3D33M3D37M1D14M
88	3252	0.405	1.420E-75	1	719	720	7	753	770	97M2D161M6I16M8D4M3D21M2I17M1D33M6I14M3I176M7I22M3D13M20D36M7D34M3D40M5D11M
128	3251	0.372	1.499E-75	1	708	720	6	866	876	99M2D161M9D29M21D19M19D10M10D25M5D19M17D22M26D37M2I27M2D13M3I49M2D16M1I51M6D14M11D36M25D3M3D34M1D38M
89	3237	0.398	3.197E-75	1	719	720	7	761	777	97M3D163M9I4M2I24M3D28M3D13M3D17M5D16M7D1M8I80M2I3M2D78M3I2M4I32M3D15M15D33M12D34M3D40M5D11M
20	3231	0.390	4.423E-75	1	719	720	7	768	772	97M2D161M9I3M1D11M23D8M2I36M7I10M4I9M2I18M3I78M2D12M2I84M7I22M3D13M20D36M7D34M3D40M18D11M
7	3231	0.390	4.423E-75	1	719	720	8	827	857	97M3D173M17D24M21D18M9D10M20D52M5I85M3D6M2I78M1D6M3I38M7D17M11D17M8D4M3D32M3D37M3D6M2D9M
97	3224	0.441	6.459E-75	1	718	720	26	785	786	98M3D171M14D5M1D9M3D30M2D6M5D23M1D28M2D7M3I40M2I23M3I65M2D18M2I1M1D15M6I28M4D15M7D14M4D18M6D39M2D17M2D23M1I8M
36	3223	0.393	6.818E-75	1	715	720	3	810	829	9M2D90M2D53M1I109M6D17M31D21M40D74M6I174M3I27M2D14M10D23M3D14M3D31M4D4M1I34M1D10M
40	3208	0.398	1.535E-74	1	719	720	6	755	776	97M3D161M10I13M8D7M8D46M1I5M4D8M1D8M4I14M4I84M2I3M2D79M7I33M3D13M15D35M12D34M3D51M
10	3189	0.421	4.291E-74	1	718	720	26	783	784	98M3D171M12D5M1D5M3D34M4D8M1D26M2D15M2D15M3I40M2I24M2I65M2D18M2I1M1D15M6I28M4D14M7D8M3D24M6D38M3D20M2D22M1I8M
49	3188	0.372	4.530E-74	1	718	720	5	861	862	97M2D172M7D10M35D7M2D28M31D18M26D36M2D16M2D32M2I44M2I51M2D16M1I50M4D4M2D11M19D29M5D9M3D32M1D38M1D13M
100	3170	0.387	1.200E-73	1	719	720	4	805	806	98M2D162M4I15M19D17M5D10M2D14M7D53M15D7M2D40M2I91M2D17M1I11M2D41M8D14M7D15M3D16M1I6M10D32M1D14M1D27M5D11M
3	3153	0.370	3.009E-73	1	714	720	5	881	882	97M2D172M7D10M35D7M2D28M31D19M6D13M44D22M2D16M2D32M2I44M2I51M2D16M1I50M4D4M2D14M11D35M16D32M1D38M1D9M
131	3150	0.351	3.540E-73	1	715	720	5	895	896	98M2D169M6D28M34D10M13D58M10D9M26D11M30D1M5D32M2I45M2I50M2D16M1I52M5D15M16D15M14D20M13D1M3D32M1D37M1D11M
52	3148	0.357	3.944E-73	1	719	720	5	910	913	96M2D173M7D10M35D9M25D20M13D14M2D18M2D5M31D3M30D32M4D4M2D32M2I44M2I51M2D16M1I51M6D14M8D14M3D24M16D32M1D41M3D11M
126	3145	0.370	4.639E-73	0	711	720	8	807	808	270M5D43M4D14M3D4M7D15M3D18M21D22M5D35M2I41M2I50M1D16M1I10M2D8M4I30M2D13M19D21M16D16M6D1M4D33M1I42M
48	3141	0.358	5.760E-73	1	714	720	5	898	899	97M2D172M7D10M58D35M20D7M13D3M27D5M6D8M4D14M10D13M2D20M1D37M2I39M2I49M2D18M1I51M6D15M8D36M14D2M3D31M1D38M1D9M
56	3134	0.352	8.412E-73	1	719	720	5	930	931	97M2D172M7D10M15D2M38D13M9D13M19D9M2D17M65D9M13D24M4D18M2D32M2I44M2I49M2D18M1I50M4D3M2D12M19D16M7D22M1D32M1D52M
69	3123	0.358	1.525E-72	1	719	720	5	922	924	97M2D173M7D9M15D2M30D17M21D17M4D9M3D9M7D12M8D21M1D6M69D12M2D32M2I44M2I49M2D18M1I51M6D14M11D38M16D32M1D41M1I10M
76	3119	0.350	1.894E-72	1	719	720	5	923	925	97M2D173M7D23M37D21M8D23M24D12M28D24M61D7M1D4M2D32M2I45M2I48M2D18M1I51M6D15M11D37M16D32M1D41M1I10M
113	3114	0.351	2.482E-72	1	708	720	5	902	915	97M2D172M7D28M81D25M5D24M16D11M23D19M34D4M2I34M2I44M2I49M2D18M1I51M6D14M16D38M4D32M1D41M
44	3110	0.366	3.082E-72	1	718	720	5	885	886	97M2D169M7D28M47D11M7D9M14D19M6D13M44D22M2D16M2D32M2I44M2I51M2D16M1I50M4D4M2D12M11D37M16D32M1D38M1D13M
51	3110	0.350	3.082E-72	1	708	720	5	919	932	97M2D173M7D20M36D20M8D11M39D9M5D7M1D9M7D27M68D6M2D5M1D32M2I44M2I51M2D16M1I51M6D15M11D37M16D32M1D41M
54	3109	0.352	3.253E-72	1	719	720	5	921	923	97M2D173M7D28M40D16M9D22M35D9M53D7M7D11M15D13M2I6M2D32M2I44M2I49M2D18M1I51M6D17M11D35M16D32M1D41M1I10M
13	3106	0.357	3.827E-72	1	718	720	5	893	894	97M2D172M7D11M50D14M21D12M7D18M13D14M41D39M3I4M1D32M2I44M2I49M2D18M1I51M6D16M2D18M4D18M21D32M1D38M1D13M
41	3106	0.354	3.827E-72	1	708	720	5	912	924	97M2D172M7D10M60D26M26D16M6D3M2D14M42D16M11D4M15D26M1D32M2I45M2I48M2D18M1I51M6D14M16D15M1I22M9D32M1D41M
70	3105	0.382	4.039E-72	1	708	720	5	846	858	97M2D172M7D17M31D32M28D15M9D3M1D15M10D14M15D11M2I7M2D31M2I44M2I49M2D18M1I51M6D15M11D37M16D32M1D41M
35	3099	0.345	5.589E-72	1	708	720	5	917	929	98M2D171M7D30M34D9M13D8M35D7M3D10M79D8M1D33M3I7M2D32M2I44M2I49M2D18M1I51M6D13M12D39M16D32M1D41M
50	3097	0.365	6.227E-72	1	708	720	5	896	906	97M2D172M7D17M55D32M28D15M28D5M8D7M3D7M6D8M10D3M6D13M2I6M2D32M2I44M2I49M2D18M1I51M6D17M11D35M16D32M1D41M
109	3094	0.355	7.325E-72	1	708	720	5	908	915	97M2D171M7D29M33D11M13D13M39D22M7D7M7D18M6D6M54D10M2D32M2I44M2I49M2D18M1I51M6D16M2D5M8D31M12D32M1D41M
45	3094	0.353	7.325E-72	1	719	720	5	925	927	97M2D173M7D24M34D12M5D8M45D19M12D12M45D7M7D11M15D13M2I6M2D32M2I44M2I49M2D18M1I51M6D16M2D18M9D18M16D32M1D41M1I10M
117	3094	0.338	7.325E-72	0	719	720	6	998	1003	99M2D161M4D11M3D21M36D4M38D18M1D12M9D14M6D11M28D5M13D11M32D9M22D6M3I36M2I40M1I52M2D16M1I51M7D13M16D14M7D13M29D12M24D33M1D51M
47	3089	0.383	9.600E-72	1	708	720	5	807	820	97M2D170M3D3M4D30M5D21M6D13M22D7M33D7M14D26M2D2M5I35M2I44M2I49M2D18M1I51M6D16M8D25M4I7M1D32M1D41M
71	3088	0.350	1.013E-71	3	708	720	19	922	934	95M2D173M7D24M34D14M13D11M1D17M35D9M53D7M7D10M10D18M3D4M2D32M2I44M2I49M2D18M1I51M6D17M11D35M16D32M1D41M
82	3086	0.348	1.129E-71	1	712	720	30	942	947	2M1D95M2D172M7D26M29D15M14D6M43D8M50D13M8D14M7D14M14D13M3I40M2I39M2I49M2D18M1I51M6D13M8D19M15D20M3D32M1D41M1I3M
112	3085	0.326	1.192E-71	1	715	720	5	970	971	97M2D165M6I2M12D25M34D11M21D48M2D21M29D8M105D2M5D31M2I44M2I51M2D16M1I51M5D14M8D19M26D19M9D32M1D41M1D7M
39	3083	0.336	1.328E-71	1	715	720	5	964	965	97M2D169M13D13M9D22M18D4M13D11M1D14M7D30M3D12M27D12M107D32M2I45M2I50M2D16M1I52M5D13M8D6M17D16M7D16M9D32M1D41M1D7M
62	3082	0.327	1.402E-71	1	715	720	5	930	931	97M2D163M5I22M1D45M5D25M22D16M34D11M107D32M2I45M2I50M2D16M1I52M5D13M33D37M5D1M3D32M1D41M1D7M
111	3080	0.342	1.562E-71	1	715	720	5	937	938	97M2D163M5I5M11D25M34D12M21D33M44D9M13D10M47D16M8D6M3I32M2I44M2I51M2D16M1I52M5D15M15D19M18D17M9D32M1D41M1D7M
43	3079	0.345	1.649E-71	1	718	720	5	930	931	97M2D172M7D17M55D12M31D10M10D16M2D48M67D12M2D32M2I44M2I51M2D16M1I51M6D14M11D38M16D32M1D38M1D13M
46	3078	0.347	1.741E-71	1	708	720	5	913	926	97M2D172M7D20M36D21M8D10M51D4M10D18M20D31M27D11M1D32M2I32M1I13M1I50M2D16M1I51M6D12M7D40M16D32M1D18M12D23M
78	3077	0.348	1.838E-71	1	716	720	5	939	940	97M2D163M8I2M15D20M15D19M8D21M6D6M13D28M24D3M30D6M74D48M2I39M2I51M2D16M1I51M6D13M11D3M6D8M2D27M17D1M1D32M1D41M1I7M
116	3076	0.357	1.940E-71	1	708	720	5	884	893	97M2D172M7D28M75D9M10D18M2D17M17D16M15D7M8D10M15D2M5I35M2I44M2I51M2D16M1I51M6D14M16D33M4D5M1D15M1D17M1D41M
6	3073	0.336	2.282E-71	1	718	720	5	969	970	99M2D168M6D30M42D5M3D30M49D11M12D3M1D3M36D27M50D9M2D31M2I44M2I51M2D16M1I51M5D14M34D38M9D32M1D41M2I8M
108	3068	0.344	2.990E-71	1	715	720	5	927	928	97M2D170M6D12M16D22M23D15M8D17M28D7M20D5M37D7M30D22M9I1M5D32M2I44M2I51M2D16M1I51M5D14M16D19M17D17M4D2M1D32M1D41M1D7M
33	3065	0.328	3.517E-71	1	718	720	5	969	970	99M2D161M5I5M11D27M24D5M21D30M49D16M3D3M24D15M22D10M55D5M3I32M2I45M2I50M2D16M1I51M5D14M34D38M9D32M1D41M2I8M
130	3061	0.333	4.367E-71	1	714	720	5	982	983	97M2D172M6D10M88D19M5D16M8D9M14D27M2D15M94D13M3I40M2I39M2I51M2D16M1I49M4D4M2D11M8D5M7D6M25D29M3D31M1D37M1D10M
105	3058	0.335	5.137E-71	1	715	720	5	962	963	98M2D166M6D31M34D12M6D8M8D12M7D33M5D14M120D6M13D4M2D32M2I45M2I48M2D18M1I52M5D13M27D38M9D32M1D37M1D11M
119	3057	0.328	5.422E-71	1	715	720	5	967	968	97M2D163M5I5M11D9M16D23M31D31M6D27M6D11M23D12M107D2M5D31M2I45M2I50M2D16M1I52M5D13M8D6M17D25M8D7M9D32M1D41M1D7M
30	3056	0.332	5.724E-71	1	715	720	5	971	972	97M2D170M6D27M34D13M6D11M8D12M7D30M3D12M27D11M107D2M5D31M2I44M2I51M2D16M1I51M5D14M8D4M21D9M5D25M9D32M1D41M1D7M
66	3055	0.349	6.042E-71	1	716	720	5	922	923	77M1D20M2D173M7D12M30D34M40D10M15D4M8D4M43D6M14D3M3D10M2D25M3I35M2I44M2I51M2D16M1I50M4D4M2D11M27D38M10D32M1D41M1I7M
61	3055	0.336	6.042E-71	1	715	720	5	932	933	98M2D162M5I18M7D71M51D9M6D2M4D8M86D7M13D4M2D32M2I44M2I51M2D16M1I52M5D15M16D19M18D17M9D32M1D37M1D11M
58	3050	0.361	7.919E-71	1	719	720	5	887	889	97M2D172M7D25M34D14M13D11M1D14M3D5M56D7M3D7M7D14M12D14M1D4M2D32M2I44M2I49M2D18M1I51M6D10M4D42M16D32M1D41M1I10M
42	3047	0.345	9.314E-71	1	716	720	5	932	933	97M2D161M10I2M17D19M96D5M4D14M5D14M14D7M6D9M27D9M11D74M2I39M2I49M2D18M1I51M6D14M27D38M10D32M1D41M1I7M
28	3047	0.324	9.314E-71	1	715	720	5	970	971	99M2D161M5I5M11D25M5D30M11D18M4D9M36D23M31D5M107D4M2D32M2I44M2I51M2D16M1I51M5D14M34D38M9D32M1D41M1D7M
38	3041	0.320	1.289E-70	1	715	720	5	968	969	97M2D163M5I5M11D25M34D14M21D64M27D10M107D1M5D32M2I44M2I51M2D16M1I52M5D13M26D22M8D16M9D32M1D41M1D7M
85	3041	0.327	1.289E-70	1	715	720	5	969	970	97M2D163M5I5M11D25M34D9M4D12M15D38M2D21M32D8M103D1M5D32M2I45M2I50M2D16M1I51M5D14M34D38M9D32M1D41M1D7M
67	3039	0.326	1.436E-70	1	715	720	6	963	964	97M2D165M3I13M45D17M3D21M20D14M3D14M2D8M2D11M19D11M3I6M106D2M5D34M2I41M2I49M2D18M1I52M5D13M13D4M15D32M7D2M3D35M1D35M1D10M
106	3039	0.340	1.436E-70	1	715	720	5	969	970	99M2D168M6D30M42D3M44D28M8D15M12D3M1D3M29D4M7D23M50D8M2D32M2I40M2I55M2D16M1I51M5D14M9D18M25D20M9D32M1D41M1D7M
94	3037	0.340	1.600E-70	1	715	720	5	923	924	97M2D163M9I1M15D9M36D14M10D27M26D12M4D8M63D23M8D16M6D5M2D37M2I27M1I11M1I52M2D16M1I50M4D7M1D8M28D37M6D1M3D32M1D41M1D7M
77	3033	0.347	1.987E-70	1	708	720	5	910	925	97M2D171M7D25M37D17M10D11M6D10M3D26M43D17M59D10M2D32M2I44M2I49M2D18M1I49M6D18M9D36M16D32M1D41M
25	3033	0.324	1.987E-70	1	715	720	5	969	970	99M2D168M6D28M34D10M4D10M8D15M7D24M2D21M34D5M104D4M2D32M2I45M2I50M2D16M1I51M5D14M34D38M9D32M1D41M1D7M
57	3030	0.353	2.337E-70	1	708	720	5	918	931	97M2D169M7D24M54D24M1I7M23D3M9D6M7D15M17D10M35D11M20D17M2D32M2I44M2I49M2D18M1I51M6D14M11D38M16D32M1D41M
27	3029	0.328	2.467E-70	1	718	720	5	969	970	99M2D161M5I5M11D27M42D3M44D9M20D37M1D3M36D27M55D5M3I35M2I41M2I51M2D16M1I51M5D14M34D36M6D2M3D32M1D41M2I8M
107	3025	0.323	3.063E-70	1	716	720	5	968	969	97M2D163M5I5M11D9M16D28M37D53M6D10M24D14M112D32M2I44M2I51M2D16M1I51M5D14M16D21M17D13M8D4M1D32M1D49M
24	3025	0.324	3.063E-70	1	718	720	5	969	970	99M2D161M5I5M11D9M34D34M18D52M4D9M26D9M108D2M5D31M2I44M2I51M2D16M1I51M5D14M34D38M9D32M1D41M2I8M
86	3024	0.327	3.233E-70	1	715	720	5	969	970	99M2D163M6I2M12D25M80D11M1D11M11D22M14D7M1D3M36D27M55D5M3I35M2I42M2I50M2D16M1I51M5D14M34D38M9D32M1D41M1D7M
31	3023	0.323	3.413E-70	1	715	720	5	969	970	99M2D161M5I5M11D27M76D23M10D12M8D16M3D3M24D13M13D7M64D10M3I32M2I44M2I51M2D16M1I51M5D14M34D38M9D32M1D41M1D7M
23	3021	0.347	3.803E-70	1	712	720	5	930	935	97M2D170M7D23M15D12M23D22M3D14M11D7M20D7M8D18M82D12M3D39M2I39M2I49M2D18M1I51M6D15M17D12M10D25M10D32M1D41M1I3M
22	3020	0.319	4.014E-70	1	715	720	5	957	958	97M2D163M8I21M2D25M2D27M3D24M9D9M74D6M106D4M2D32M2I45M2I50M2D16M1I51M5D14M21D23M12D15M9D32M1D41M1D7M
53	3015	0.331	5.261E-70	1	715	720	5	963	964	97M2D165M6I2M12D25M34D10M44D12M16D18M2D13M3D2M45D7M9D15M39D9M3I32M2I44M2I51M2D16M1I52M5D13M16D23M16D11M8D4M3D32M1D41M1D7M
64	3014	0.327	5.553E-70	1	715	720	5	967	968	98M2D168M13D13M9D22M18D14M13D48M10D9M31D8M103D4M2D32M2I44M2I51M2D16M1I52M5D15M16D25M15D10M9D1M3D32M1D40M1D8M
34	3014	0.328	5.553E-70	1	715	720	5	969	970	99M2D163M6I2M12D27M42D3M59D15M5D31M1D3M36D27M50D8M2D35M2I42M2I50M2D16M1I51M5D14M34D38M9D32M1D41M1D7M
15	3013	0.325	5.862E-70	0	707	720	40	975	983	98M2D173M6D9M17D33M37D14M10D9M29D19M15D17M70D7M3I35M2I45M2I48M2D18M1I20M1I30M5D14M34D38M9D32M1D40M
29	3011	0.331	6.532E-70	1	715	720	5	969	970	99M2D161M5I5M11D27M42D3M59D15M5D31M1D5M14D13M46D10M13D6M13D4M2D35M2I41M2I51M2D16M1I51M5D14M34D37M6D1M3D32M1D41M1D7M
26	3008	0.327	7.683E-70	1	715	720	5	969	970	99M2D168M6D30M42D3M59D15M5D31M1D3M36D27M55D5M3I32M2I44M2I51M2D16M1I51M5D14M34D38M9D32M1D41M1D7M
75	3008	0.317	7.683E-70	1	715	720	5	969	970	98M2D164M6I2M12D25M34D20M20D24M33D16M65D19M41D10M2D32M2I44M2I51M2D16M1I52M5D13M8D13M26D25M9D32M1D41M1D7M
122	3008	0.318	7.683E-70	0	718	720	3	972	1001	98M2D164M83D8M20D12M7D4M1D21M8D27M12D36M22D15M2D32M2I32M1I64M2D16M1I49M4D8M3D8M6D11M49D8M31D17M2D3M4D31M1D24M3D4M7I16M
83	2997	0.350	1.393E-69	1	712	720	29	942	947	2M1D95M2D172M7D18M49D21M34D16M1D7M9D8M4D36M65D9M1D32M2I44M2I49M2D18M1I51M6D14M16D38M10D32M1D41M1I3M
16	2995	0.332	1.552E-69	0	707	720	38	970	978	99M2D170M6D11M52D12M32D26M5D4M1D16M4D11M3D13M12D9M70D4M6I4M1D32M2I45M2I48M2D18M1I20M1I30M5D14M15D13M11D23M14D2M1D32M1D40M
127	2990	0.319	2.035E-69	0	714	720	47	1012	1013	98M2D163M8I2M14D11M87D27M7D13M21D3M71D10M1D18M6D23M10D3M3I38M2I41M2I49M2D18M1I20M1I30M5D14M18D37M19D1M3D32M1D38M1D9M
115	2984	0.325	2.815E-69	1	716	720	5	981	982	96M2D163M6I6M27D9M34D19M29D6M6D5M14D11M3D20M4D9M14D25M83D9M2D37M2I39M2I51M2D16M1I50M4D3M2D12M14D6M20D29M9D3M3D35M1D38M1I7M
72	2980	0.322	3.495E-69	1	714	720	5	957	958	97M2D163M8I45M7D18M38D13M17D9M7D20M21D11M112D32M2I45M2I50M2D16M1I20M1I30M5D14M18D34M21D4M1D32M1D41M1D6M
5	2980	0.325	3.495E-69	1	715	720	5	969	970	99M2D163M6I2M12D24M20D5M68D32M6D18M49D27M55D5M3I32M2I44M2I51M2D16M1I51M5D14M34D38M9D32M1D41M1D7M
118	2979	0.340	3.689E-69	1	714	720	5	977	978	97M2D163M3I15M45D18M41D22M17D3M1D6M5D13M34D9M10D5M15D8M1D5M11D12M28D5M1D37M2I39M2I49M2D18M1I20M1I8M1D2M4D6M3D11M1I16M19D17M22D16M2D5M3D32M1D38M1D9M
8	2969	0.316	6.338E-69	1	718	720	7	1015	1016	97M2D163M4D9M78D13M10D8M16D25M4D9M2D9M12D11M2D5M54D8M36D15M8D2M8I34M2I97M2D16M1I50M6D15M12D17M18D20M31D2M4D33M1D49M
2	2938	0.366	3.391E-68	1	708	720	10	772	781	96M1D58M1I115M2D32M18D11M2D9M2D99M1I42M1D51M3D8M1D5M3D55M7D4M3D11M2D50M1D3M1I17M4D8M5D12M3D19M
102	2935	0.320	3.989E-68	1	715	720	5	963	964	96M2D164M5I5M11D9M36D15M66D27M5D13M23D8M6D15M41D17M17D4M6I32M2I44M2I49M2D18M1I51M5D14M31D23M3D15M10D35M1D34M1D11M
74	2929	0.328	5.518E-68	0	686	720	0	905	926	2M2I94M2D169M6D25M18D21M5D18M21D23M1D11M12D10M27D10M93D32M2I44M2I51M2D14M1I22M2I25M1D4M3D14M27D36M5D2M3D32M1D17M1D2M
59	2925	0.323	6.852E-68	1	718	720	5	981	982	3M1D94M2D163M108D4M1D10M9D9M2D12M4D13M53D25M4D19M16D4M1D20M28D4M2I34M2I44M2I49M2D18M1I18M4I5M3D23M4D4M2D11M7D21M1I15M22D1M1D32M1D51M
121	2917	0.442	1.056E-67	7	622	720	1	618	619	93M2D164M7D32M3I31M9D4M10I12M2D18M4I29M1D128M1D12M2I14M3I20M2D37M
96	2898	0.338	2.953E-67	0	717	720	37	942	948	31M5I61M2D166M4D22M6D37M3D7M15D15M20D29M5D12M120D37M2I25M4I61M1D18M1I16M1I10M4D26M2D14M4D7M8D14M6D48M1D49M
125	2889	0.342	4.805E-67	0	712	720	26	812	813	99M2D171M9D9M2D5M15D18M22D35M14D7M11D8M8D23M9I37M2I24M8I4M7I48M2D18M1I51M4D15M1D9M8D27M2D33M1D45M
65	2889	0.323	4.805E-67	3	718	720	2	878	879	95M2D161M5I74M8D26M44D3M13D17M114D1M5D32M2I44M2I49M2D18M1I16M2D3M3I30M3I3M12I32M2I29M1D53M
68	2881	0.326	7.407E-67	18	715	720	17	900	901	9M2I69M2D163M3I11M92D7M5D27M12D8M21D18M5D16M4D23M10D5M3I35M2I44M2I49M2D18M1I20M1I31M5D13M18D2M22D36M1D32M1D48M
55	2870	0.353	1.343E-66	1	719	720	5	891	893	97M2D8M1I161M7D10M5D10M59D9M22D10M10D25M45D5M1D8M7D17M5D12M9D11M2D32M2I44M2I12M1I36M2D10M1I7M1I26M13I19M2I43M16D32M1D12M1I28M1I10M
73	2851	0.325	3.755E-66	18	714	720	1	932	933	81M2D169M6D19M29D16M17D18M105D14M14D16M5D23M13D4M3I4M1D32M2I45M2I50M2D16M1I16M1I32M4D15M16D6M7D18M3D15M18D32M1D38M1D9M
18	2839	0.277	7.187E-66	0	708	720	0	1241	1248	100M2D164M11D14M41D16M36D14M7D13M70D10M39D21M8D21M17D8M32D4M2D36M2I24M1D6M3I58M2D18M1I52M5D14M15D8M3D7M9D2M162D9M19D5M21D6M36D32M1D41M
60	2837	0.289	8.008E-66	0	718	720	0	993	994	12M2D15M8D6M5D65M2D161M9I31M32D4M57D7M7D19M38D29M4D16M88D11M2D37M2I39M2I49M2D18M1I18M4I11M3D17M6D16M15D10M7D7M4D20M10D32M1D51M
101	2822	0.311	1.803E-65	1	708	720	20	928	936	99M2D179M8D4M22D6M6D25M19D29M34D7M8D12M51D20M2D40M2I26M2D7M1I7M1I50M2D16M1I17M11D32M6D28M11D13M1D13M20D35M1D38M
92	2804	0.284	4.775E-65	0	713	720	0	1083	1084	99M2D169M10D20M40D30M5D21M20D7M5D7M49D10M64D14M3I60D5M1D32M2I95M2D18M1I52M5D11M53D38M54D2M3D32M1D41M2D5M
12	2759	0.412	5.449E-64	1	634	720	2	673	675	95M2D176M5D25M1D13M1D67M32D33M1I52M4I79M3I7M3I40M4D20M4D16M
114	2702	0.292	1.190E-62	1	708	720	5	922	929	99M2D109M1D51M8I9D34M6D27M25D14M49D6M5D15M88D13M8I2M3D35M2I20M2D20M2I50M2D13M8I13M5D33M2D9M3D5M20D39M15D35M1D38M
14	2693	0.358	1.937E-62	1	712	720	85	885	886	102M23I7M3I72M1D62M5D20M7D9M5D42M17D28M5D5M81D3M6I38M2I93M2D16M1I53M4D13M6D9M8I10M3I7M1D32M1D45M
9	2666	0.352	8.347E-62	1	719	720	7	632	639	96M3D166M8I21M1D10M24I8M30I15M5D14M76I84M7I24M3D14M1D26M10D11M12D34M3D40M14D11M
32	2662	0.308	1.036E-61	38	718	720	1	928	929	62M2D161M103D31M4D35M8D8M1D6M36D34M34D6M13D4M2D32M2I44M2I51M2D16M1I51M5D14M34D38M9D32M1D41M2I8M
104	2661	0.307	1.094E-61	1	715	720	5	937	938	38M32I29M2D161M5I5M11D27M42D3M44D31M8D17M3D3M24D15M25D8M34D6M13D4M2D35M2I42M2I48M2D18M1I51M5D14M34D37M6D1M3D32M1D41M1D7M
79	2644	0.320	2.745E-61	48	716	720	0	888	889	50M2D161M10I2M17D20M15D16M29D14M53D4M51D14M14D9M2D15M7D59M2I39M2I51M2D16M1I50M4D3M2D12M27D38M10D32M1D41M1I7M
80	2634	0.314	4.715E-61	38	715	720	1	930	931	60M2D163M104D9M8D14M29D13M29D9M1D11M21D18M5D16M3D23M5D11M2D32M2I44M2I49M2D17M1I21M1I28M4D8M1D8M27D23M5D10M6D5M3D32M1D48M
21	2605	0.376	2.264E-60	1	614	720	4	724	745	97M2D110M1D60M7D18M18D63M18D4M39D21M15D4M3I36M2I97M2D16M1I7M1I5M5D4M6I31M2D11M3D4M6D11M2D2M
84	2549	0.312	4.685E-59	43	714	720	0	928	929	55M2D168M6D13M87D30M16D6M53D10M30D10M5D16M4D4M3D6M6D24M2D32M2I44M2I49M2D16M1I22M1I31M5D15M7D11M32D25M1D32M1D38M1D9M
103	2548	0.294	4.945E-59	22	713	720	0	885	886	49M4I8M5I175M5I66M21D19M7D21M62D7M73D4M2D35M2I94M2D16M1I51M6D14M26D36M6D2M3D35M1D38M2D5M
11	2429	0.413	3.093E-56	1	605	720	5	581	596	37M32I27M2D167M6D42M1I58M1D10M9I1M2D22M1D128M1D14M5I32M2D13M4D7M
81	2343	0.307	3.244E-54	35	634	720	7	816	885	63M2D163M5I5M11D25M34D12M21D53M4D11M23D9M109D4M2D32M2I44M2I51M2D16M1I52M5D13M7D37M
110	2306	0.289	2.401E-53	86	715	720	0	879	880	14M2D161M5I20M48D17M8D18M1D10M7D24M2D22M31D4M107D4M2D35M2I42M2I48M2D18M1I51M5D14M34D37M6D1M3D32M1D41M1D7M
123	2063	0.323	1.231E-47	40	566	720	0	709	715	59M2D161M4D28M4D9M6D13M8D21M17D10M32D16M3D15M9D12M95D2M5D31M2I44M2I49M2D53M
19	1996	0.255	4.619E-46	1	713	720	12	730	735	28M1D16M2D44M1I10M1D42M1D14M2D4M11D17M1I3M3D28M2D50M4D8M2D7M2I9M10I17M5I43M2I13M6I13M2D8M2D15M2I34M1I10M1I7M2D44M2D16M1I18M4D33M9D6M4I9M2D16M1I23M3I5M5I15M1D7M1D11M1I14M2I8M
90	1548	0.201	1.553E-35	3	709	720	7	696	697	26M1I12M5I53M1D40M5D15M1I23M1I24M1I4M11I4M1I34M9D11M15D43M1D38M32I7M4I27M5I9M3D26M5D9M2I29M1I3M5D9M1I18M1D20M7I4M1I26M5D53M1I10M1D11M2D10M1D16M4D18M
4	1484	0.207	4.955E-34	5	707	720	8	683	688	39M4I52M1D38M3D3M2D16M1I22M1I22M4D10M12I37M6I2M14D25M1D18M4D43M1I16M9D9M1D7M2I14M1I4M1D11M5I10M4D11M2I8M3I2M6D9M1D4M2D29M4D10M1I16M1D15M10I5M2I27M18I6M18I11M4D13M7I6M2D21M3D18M
129	1379	0.192	1.453E-31	8	709	720	0	655	656	5M2D16M1I9M35I3M2D4M1D19M1D40M5D15M1I23M1I24M1I4M11I4M1I43M3I14M18D15M12I16M4I37M4I5M10I33M5I9M3D31M2D5M1D34M4D9M1I16M1D24M4I3M7I19M1I4M1D4M5D10M3D28M8D11M1D15M7I8M1D13M1D8M3D13M
99	1203	0.246	1.985E-27	1	470	720	17	448	450	28M1I11M5I54M1D38M3D3M1D14M1I23M1I24M2D12M12I32M5D10M3D13M15I17M5I20M2I33M10I31M3I5M2I9M4D2M2I5M2D27M
17	756	0.205	6.323E-17	5	373	720	3	422	985	22M2I25M3I14M1I4M1D25M1D38M2D3M1D21M9D19M1I19M11D8M2D10M1D5M9D30M2I8M10D48M3D12M7D18M3D31M
93	751	0.204	8.287E-17	7	383	720	13	403	803	32M3D7M10I33M1I10M1D39M3D5M4D10M3I20M2D29M4I6M1I6M19D30M5I15M4D22M2D89M
 