38	7011	1.00	0.000E+00	0	968	969	0	968	969	969M
119	6301	0.924	0.000E+00	0	968	969	0	967	968	393M2I21M2D420M1I132M
39	6298	0.924	0.000E+00	0	968	969	0	964	965	416M2D103M4I313M1I34M1I97M
30	6193	0.889	0.000E+00	0	968	969	0	971	972	416M2D165M1D388M
25	6192	0.889	0.000E+00	0	968	969	0	969	970	349M2I61M2D99M1D458M
24	6191	0.881	0.000E+00	0	968	969	0	969	970	349M2I62M2D98M1D458M
27	6164	0.886	0.000E+00	0	968	969	0	969	970	349M2I61M2D99M1D458M
106	6156	0.896	0.000E+00	0	968	969	0	969	970	349M2I62M2D98M1D458M
62	6152	0.892	0.000E+00	0	968	969	0	930	931	414M13I7M19I66M4I313M1I34M1I97M
53	6148	0.898	0.000E+00	0	968	969	0	963	964	416M2D129M6I5M1I412M
29	6145	0.888	0.000E+00	0	968	969	0	969	970	349M2I61M2D99M1D458M
85	6140	0.893	0.000E+00	0	968	969	0	969	970	349M2I62M2D98M1D458M
75	6137	0.894	0.000E+00	0	968	969	0	969	970	415M2D105M1I448M
28	6137	0.887	0.000E+00	0	968	969	0	970	971	349M2I18M1D43M2D99M1D458M
26	6134	0.888	0.000E+00	0	968	969	0	969	970	349M2I61M2D99M1D458M
34	6131	0.891	0.000E+00	0	968	969	0	969	970	349M2I62M2D98M1D458M
64	6126	0.891	0.000E+00	0	968	969	0	967	968	417M1D84M1I15M1I451M
5	6125	0.889	0.000E+00	0	968	969	0	969	970	349M2I61M2D99M1D458M
86	6123	0.891	0.000E+00	0	968	969	0	969	970	349M2I62M2D98M1D458M
105	6110	0.886	0.000E+00	0	968	969	0	962	963	416M2D15M1I385M1I9M6I136M
6	6108	0.883	0.000E+00	0	968	969	0	969	970	349M2I61M2D99M1D458M
107	6101	0.866	0.000E+00	0	968	969	0	968	969	349M2I65M2D95M1D341M1I116M
33	6066	0.875	0.000E+00	0	968	969	0	969	970	349M2I63M2D97M1D458M
31	6051	0.884	0.000E+00	0	968	969	0	969	970	349M2I66M2D94M1D458M
112	6005	0.866	0.000E+00	0	968	969	0	970	971	416M2D86M1I8M1D306M1I33M1D118M
61	5992	0.856	0.000E+00	0	968	969	0	932	933	417M1D71M37I444M
111	5985	0.859	0.000E+00	0	968	969	0	937	938	417M31I63M1D306M1I151M
22	5951	0.829	0.000E+00	0	968	969	0	957	958	335M1I15M1I5M1I59M5I41M2I354M1I149M
131	5883	0.823	0.000E+00	0	968	969	0	895	896	417M1D68M77I288M3D119M
108	5684	0.794	0.000E+00	0	968	969	0	927	928	335M1I52M1I30M33I92M1D17M2I254M1I57M4I90M
104	5674	0.849	0.000E+00	0	968	969	0	937	938	43M32I274M2I62M2D98M1D458M
32	5660	0.881	0.000E+00	42	968	969	1	928	929	307M2I61M2D99M1D458M
94	5658	0.791	0.000E+00	0	968	969	0	923	924	335M1I52M1I32M32I34M3I68M2I257M1I56M5I90M
67	5561	0.758	0.000E+00	5	968	969	6	963	964	330M1I78M2D42M2I365M5I141M
102	5312	0.708	0.000E+00	0	968	969	0	963	964	335M1I78M2D38M2I23M6I28M1D325M1D133M
110	5254	0.879	0.000E+00	90	968	969	0	879	880	259M2I62M2D98M1D458M
72	5231	0.678	0.000E+00	0	967	969	0	957	958	333M1I75M1I7M2D28M7I50M1D8M1D20M1D26M1I21M1I177M1I59M6I10M2D13M2D7M1I115M
81	5130	0.890	0.000E+00	39	880	969	7	875	885	438M1I338M2D38M26D27M
118	5119	0.686	0.000E+00	0	967	969	0	977	978	338M1I69M1I8M2D29M4D49M1D15M1D20M1D47M1I179M1I13M2D45M1D28M1I9M3D114M
127	5027	0.657	0.000E+00	0	967	969	43	1012	1013	335M1I73M1I7M2D28M4D49M1D16M1D23M2D23M1I21M1I177M1I58M2I52M1I98M
115	4792	0.581	0.000E+00	0	967	969	0	981	982	305M3D59M1D33M1D73M3I13M1D17M3D5M2D22M1D47M1D217M1D21M1D59M2D94M
73	4767	0.625	0.000E+00	23	967	969	2	932	933	312M1I79M1D29M5I44M1I14M2I24M1D11M1I6M5I200M1I31M1I31M1D147M
68	4708	0.605	0.000E+00	3	967	969	8	900	901	8M10I7M2I381M9I10M29I6M17I15M5I9M1D19M1D44M1D182M1I59M2I150M
16	4693	0.594	0.000E+00	0	966	969	34	977	978	305M1I20M1D9M3I25M2I29M1D21M1I27M1I29M2I25M1D14M1D16M3I23M9I8M2I178M1I60M1I17M1D27M1I18M1I88M
74	4687	0.602	0.000E+00	7	956	969	1	924	926	328M1I10M1I70M1D18M2D5M1D47M1D17M16I17M3I28M1I188M2I30M1I26M3I7M4I24M1I88M2D14M
15	4684	0.580	0.000E+00	0	966	969	36	982	983	303M1I22M1D12M3I4M3I50M1D17M1I27M1I56M1D14M1D20M4I15M8I22M2I168M1I213M
84	4663	0.648	0.000E+00	47	967	969	0	928	929	286M1I83M1D29M4D56M1D8M1D20M1D34M6D13M1I178M1I60M1I17M3I7M2D24M1I98M
80	4641	0.654	0.000E+00	42	967	969	1	930	931	291M1I83M1D28M4D57M1D8M1D20M1D26M1D22M1I177M1I62M3I23M1D123M
130	4617	0.567	0.000E+00	0	967	969	0	982	983	295M3D73M1D26M1D21M2D25M2D39M3I34M6D14M1D46M1D218M1D22M1I49M1D102M
59	4605	0.558	0.000E+00	0	968	969	0	981	982	7M1D287M3D74M1D29M1D37M4D51M1D30M5D9M2D24M6D23M1D184M2I6M1D31M1D16M2I9M13I43M1D86M2D6M
54	4450	0.517	5.773E-101	0	968	969	0	919	923	281M1D87M1D15M2I27M9I37M1I11M13I28M2I35M9I237M1D20M15I34M1I105M
56	4448	0.523	6.414E-101	0	968	969	0	927	931	266M5D11M4I41M2I24M2I17M1D41M9I54M4I35M4I42M3I7M4I222M1D23M15I41M1I97M
3	4432	0.512	1.490E-100	0	967	969	0	881	882	268M8D4M7I59M17I11M1I45M9I32M5I12M12I25M3I5M13I27M14I11M2D214M1D20M15I42M1I96M
52	4428	0.514	1.839E-100	0	968	969	0	904	913	266M5D9M4I54M4I29M1I45M9I35M2I13M6I2M3I17M6I14M6I13M1I13M12I230M1D22M15I32M1I105M
113	4408	0.520	5.275E-100	0	966	969	0	914	915	274M2D4M1I53M7I5M1I22M1D46M6I8M3I40M13I18M3D10M2I39M9I233M1D13M14I15M4I27M5I92M6D3M
116	4405	0.529	6.178E-100	0	968	969	0	892	893	266M5D11M4I51M7I7M1I11M2I8M1D17M4I19M9I24M4I34M3I24M7I7M21I12M3I8M3D230M1D19M2I8M16I41M4I15M1D70M
44	4404	0.522	6.512E-100	0	968	969	0	882	886	268M2D10M1I53M2I7M15I10M1I45M6I12M8I32M13I30M15I9M3I13M8I17M1I215M1D12M3I7M12I43M1I97M
51	4404	0.523	6.512E-100	0	966	969	0	925	932	281M1D59M4I24M1D44M6I13M2I38M6I2M3I29M1I22M5I24M1I230M1D14M15I40M1I103M
109	4392	0.508	1.225E-99	0	966	969	0	914	915	281M1D65M2I20M1D45M6I18M7I26M12I23M5D10M4D23M1I13M15I227M1D20M16I37M5I95M
45	4389	0.514	1.435E-99	0	968	969	0	926	927	266M5D11M4I71M1I15M1D15M2I27M9I37M1D13M10I30M2I35M9I237M1D20M15I41M2I12M1D80M3D5M
42	4378	0.518	2.562E-99	0	967	969	0	932	933	279M1D12M3I16M1D28M9I20M1D29M1I37M4D24M1I11M12I25M2I20M2I33M1I18M6I205M1D39M7I26M1D102M
69	4376	0.524	2.846E-99	0	968	969	0	920	924	277M1D62M1I18M10I22M2I20M9I49M3I6M3I70M6I236M1D14M6D5M2I5M19I24M1I105M
76	4375	0.526	3.000E-99	0	968	969	0	921	925	266M5D11M4I69M3I15M1D28M1I15M6I7M3I43M4I4M3I29M1I8M4I33M9I228M1D20M1I7M14I34M1I98M
41	4374	0.527	3.163E-99	0	967	969	0	923	924	266M5D11M4I18M3I36M1I27M1I40M6I9M4I32M1I10M4I37M4I27M1I12M2I21M4I213M1D12M1I8M1I8M16I23M1I100M4D4M
57	4373	0.523	3.334E-99	0	963	969	0	921	931	278M1D23M1I40M1I25M1D45M2D32M1D25M15I25M4I38M9I17M2I214M1D20M1I5M14I36M1I93M
77	4367	0.509	4.573E-99	0	968	969	0	924	925	277M1D114M1I21M2D57M15I25M4I6M4I29M12I227M1D27M17I27M1I100M6D5M
43	4363	0.526	5.646E-99	0	968	969	0	927	931	266M5D11M4I65M2I20M1D21M1I22M9I50M4I4M3I26M1I11M5I29M3I237M1D22M1I3M14I29M1I105M
23	4361	0.517	6.273E-99	0	963	969	0	930	935	279M1D22M1I36M9I19M1D26M1I19M5D4M1I41M1I11M12I25M1D48M3I23M8I206M1D25M6I11M1I28M1D98M
35	4355	0.516	8.604E-99	0	966	969	0	928	929	266M12D3M11I64M1I23M1D19M1I20M9I53M7I29M7I7M3I19M2I19M1I230M1D18M1I10M13I27M1I100M5D3M
78	4354	0.524	9.070E-99	0	967	969	0	939	940	280M1D21M1I45M3I18M1D28M1I15M6I31M1I23M5I51M2I37M1I15M5I205M1D39M7I45M1D83M
49	4351	0.518	1.062E-98	0	968	969	0	858	862	266M5D9M4I59M17I11M1I45M15I3M9I12M8I11M16I7M2I12M3I5M13I27M14I13M2D212M1D17M6I3M9I42M1I97M
60	4343	0.517	1.619E-98	6	968	969	2	991	994	4M2D21M10D7M3D256M3D39M2I31M1D24M1D22M4I14M3D23M5D32M1D75M1D21M2D4M8D170M1I38M1D12M2I14M6I49M1D92M
71	4340	0.518	1.896E-98	4	963	969	16	925	934	262M5D11M4I71M1I15M1D15M2I27M9I37M1D11M6I4M3I25M8I33M9I237M1D20M15I34M1I100M
50	4339	0.521	1.999E-98	0	968	969	0	904	906	266M5D11M4I87M1I21M2I20M9I14M5I14M2I14M11I20M11I36M9I237M1D12M1I13M14I29M1I105M
13	4302	0.503	1.404E-97	0	968	969	0	890	894	266M5D11M4I41M3D14M1D8M11I12M1D40M15I8M30I10M12I45M1D24M2I241M1D21M1I4M14I38M1I96M
46	4302	0.517	1.404E-97	0	963	969	0	916	926	266M5D11M4I59M4I24M1D44M6I12M8I20M1I11M13I27M4I20M5I24M1I230M1D25M19I25M1I74M12D26M
48	4300	0.525	1.559E-97	0	967	969	0	898	899	265M5D12M4I12M2I38M1I10M5I14M1D21M4I19M5I58M8I29M8I12M6I19M7I8M8I219M1D14M14I3M4I139M
65	4281	0.527	4.243E-97	7	968	969	2	876	879	296M2D60M1D52M4I13M30I23M1D14M1D16M4D5M3D59M1D176M1I35M18I7M14I10M31I6M2I90M
66	4274	0.499	6.134E-97	0	967	969	0	922	923	82M1D198M1D21M1I31M6I19M10I28M1I13M6I33M1D21M7I2M3I19M1D75M1D3M11I204M1D39M7I26M1D102M
83	4265	0.512	9.855E-97	0	963	969	25	942	947	4M1I2M1D258M7D10M6I20M1I31M7I28M1D29M1D10M5I29M4I34M3I29M1I15M1I22M11I233M1D28M18I37M1D87M
82	4252	0.525	1.955E-96	5	963	969	30	942	947	2M1D258M5D12M4I29M1D16M4I17M2I19M1D29M1D17M5I16M5I23M1I4M13I5M3I22M2I281M1D13M14I3M4I49M1D87M
58	4237	0.512	4.308E-96	0	968	969	0	885	889	266M5D11M4I71M1I15M1D15M2I22M34I6M8I14M6I5M1I30M2I35M9I237M1D10M1I12M21I25M1I105M
70	4212	0.493	1.608E-95	0	966	969	0	852	858	266M5D11M4I20M1I3M17D7M42I14M1D15M2I27M9I46M15I23M37I10M12I230M1D20M15I34M1I103M
47	4162	0.493	2.239E-94	0	963	969	0	810	820	266M12D2M11I66M3I15M1I25M1I17M49I14M17I19M33I13M12I12M1I217M1D19M9I10M6I22M23I81M
55	4092	0.491	8.942E-93	0	968	969	0	889	893	112M1I168M1D90M2I42M6I9M8I46M2I13M9I46M2I123M1I48M1I38M21I8M4I23M21I19M1I68M1I36M
79	3922	0.501	6.927E-89	52	967	969	0	888	889	228M1D21M1I43M3I15M1D33M1I16M6I30M1D22M7I51M2I53M5I205M1D20M3I19M4I38M1D90M
103	3826	0.497	1.088E-86	26	967	969	0	885	886	49M4I8M5I8M2I169M5I15M1D23M1D18M2I7M6I11M6I27M2I35M1D55M11D19M7I20M10I13M16I97M2D128M1D60M5I16M3I91M
117	3728	0.367	1.900E-84	0	968	969	0	995	1003	5M2D265M9D3M8I11M1I17M4I12M6D6M2I34M9I23M1I41M1D28M11I73M9D108M1D132M2D13M11D29M1D31M6D10M15D92M
128	3724	0.377	2.346E-84	2	961	969	0	867	876	3M3D262M6I6M9D21M8I22M1D43M3I53M1I51M3I15M82I86M1D127M1D20M5I64M1D79M
92	3701	0.364	7.878E-84	5	967	969	1	1083	1084	264M2D9M2D14M1I47M1D9M7D83M7D39M10I21M9D18M1D14M1D33M7D17M25D83M2D136M25D3M23D61M10D16M9D85M
122	3567	0.348	9.162E-81	7	968	969	6	971	1001	261M2D35M6I3M5I20M24I12M15D4M5D13M2I37M10I4M4I23M11I22M1D69M3I11M3I77M1D119M1D9M1D13M10D36M24D12M15D90M3I21M
8	3511	0.348	1.750E-79	0	968	969	0	1015	1016	5M2D262M14D50M7D49M9D46M4I57M8I16M2D21M1D44M2D22M5I80M2D122M1D16M12D57M9D20M1D76M1D5M1D4M
101	3473	0.362	1.296E-78	5	960	969	20	928	936	260M6I20M3I23M3I45M11I92M15I10M2I10M3I7M1I31M1I6M4I12M4I10M1I7M4D58M2D103M11D41M1D29M6I13M4I37M1I77M
18	3417	0.315	2.475E-77	5	966	969	1	1247	1248	264M5D36M2I48M10D13M4D11M5D56M9D36M10I50M4D27M7D8M24D17M7D70M1I11M1D143M5D9M16D6M82D12M50D31M16D6M12D10M41D85M
126	3287	0.355	2.331E-74	0	962	969	3	806	808	6M1D97M2I165M9D1M10I19M7I26M8I5M38I18M23I16M12I5M25I25M1I5M17I12M16I5M6I13M2I3M4D130M1I36M2I28M3I32M7I41M2D15M7D36M1I2M1I40M
100	3281	0.335	3.198E-74	0	968	969	0	801	806	3M1I268M10I13M17I15M47I37M6I13M4I24M1I10M13I13M3I10M20I12M22I16M11I75M1D5M1D89M1D10M1D22M3D24M26I19M1D18M2D7M1I43M1D23M4D18M
114	3243	0.343	2.367E-73	5	960	969	5	922	929	215M1D45M5I22M2I41M3D38M2I22M4I70M10I26M2I69M2I5M7I56M2D87M5I15M3D39M1D14M14I62M5D77M
91	3221	0.341	7.542E-73	5	968	969	9	787	788	99M1D161M14D7M10I4M27I5M36I5M22I32M3I16M6I17M6I9M16I51M37I4M13I61M2I10M4D5M2I80M1D8M7I29M1I12M10I20M4I12M6I22M1I1M3I34M2D17M4D26M1D5M
98	3148	0.322	3.528E-71	5	968	969	13	774	776	101M1D160M10D8M3I9M27I5M36I8M14I11M16I38M10I8M3I5M22I26M52I20M2I63M2I10M1D5M1D74M1I6M1I3M5I34M1I11M2I11M9I43M14I2M1I32M2D22M4D28M
124	3108	0.337	2.902E-70	5	962	969	1	712	713	258M3D2M3D6M99I5M7D3M39I13M10I14M3I11M1D37M67I14M2I40M1D23M1I17M2D78M2I7M1D28M1I22M16I4M14I29M10I43M1D6M1I33M
96	3102	0.313	3.980E-70	5	968	969	38	941	948	30M5I225M14D16M9I46M23I12M14I70M4I13M24D21M1D39M3I19M14I21M1D62M4I9M4D5M2I48M1I32M1I30M2I11M3D15M6I22M20I28M1D82M
97	3094	0.329	6.066E-70	1	968	969	22	784	786	105M1D160M9D12M1I7M27I5M36I8M14I10M16I27M22I17M20I23M32I10M9I20M7I62M3I10M1D5M1D84M6I34M1I13M5D2M15I2M1I9M4I13M11I58M1D16M2D31M
7	3082	0.321	1.141E-69	5	968	969	8	822	857	100M1D182M61I10M3I5M13I12M25I14M9I29M13I27M1D44M8I22M7I38M2D43M3D46M2I18M1D11M2I10M4I34M1I29M10I21M4I57M2D38M3D12M
120	3072	0.326	1.933E-69	0	968	969	0	758	764	4M2D99M2I163M5D17M7I46M63I14M3I13M4I20M1I24M2I13M3I8M73I7M4I33M2D39M1D7M1D47M2I18M1D52M5I17M20I12M19I11M12I2M1I35M1I46M
10	3054	0.326	4.989E-69	5	968	969	26	782	784	101M1D159M10D14M4I3M27I5M36I8M14I11M16I30M9I11M30I5M8I24M3I10M34I15M7I62M2I11M4D5M2I82M6I34M1I17M10I5M6I22M6I22M5I32M2D21M2D29M
89	3052	0.310	5.543E-69	0	968	969	0	759	777	5M2D100M1D173M106I9M13I21M6I10M4I17M19I22M26I24M7I6M15I3M2I39M2D39M4D3M2I47M2I16M1D13M3I3M4I35M2I10M2I29M9I11M5I61M2D37M6D9M
1	3035	0.305	1.357E-68	0	968	969	0	776	787	269M1D11M6I15M78I18M14I20M11I25M19I14M71I15M1I26M1D13M2D38M1D5M1D49M2I16M2D15M11I31M3D20M15I49M1D7M3I32M1D4M2D9M7D6M8D2M3D18M6D11M
0	3010	0.325	5.065E-68	5	968	969	13	752	754	101M1D160M10D3M6D8M36I5M36I8M14I11M34I8M19I9M29I17M25I28M14I12M7I62M3I10M1D5M1D77M1D4M1I3M5I34M1I13M2D4M12I7M8I12M1I30M5I31M2D21M2D31M
95	3008	0.318	5.628E-68	5	968	969	1	715	720	97M2I163M5D13M27I29M39I58M1I7M26I11M107I1M5I32M2D44M2D51M2I16M1D52M5I13M26I22M8I15M6I1M3I35M1I38M1I7M
87	3004	0.315	6.948E-68	5	968	969	7	749	770	100M1D162M1I10M91I13M27I20M16I25M13I22M34I15M9I16M11I37M2D42M2D47M2I18M1D10M2I7M5I25M2I27M13I29M5I15M5I5M3D33M2D42M5D2M1I5M
20	3001	0.311	8.138E-68	0	968	969	0	754	772	5M2D269M57I7M35I12M26I3M1D2M15I11M7I8M9I2M15I20M3I4M15I21M14I10M5I9M3I40M2D39M4D3M2I45M2I18M1D24M3I25M5I4M1I8M11I41M3I15M2I42M2D41M7D8M
37	2994	0.308	1.177E-67	2	968	969	0	810	829	13M2D144M1I107M14D5M51I13M47I14M19I6M4I5M8I8M5I4M5I15M9D44M3I29M8I26M2I39M2D37M1D5M1D49M2I16M1D13M1I15M2I23M3I15M15I6M9I26M2D9M5I43M2D48M
88	2993	0.314	1.240E-67	5	968	969	7	752	770	270M10I4M9I8M46I6M16I8M3I6M3I16M6I13M9I25M1I6M26I5M48I3M24I7M4I40M2D39M4D3M2I47M2I12M1D14M2I7M5I32M1I4M1I8M11I40M5I61M2D38M7D8M
63	2983	0.314	2.100E-67	5	968	969	7	756	778	100M1D162M1I28M5D29M88I16M12I26M65I7M30I15M3I40M2D39M4D2M2I46M2I17M1D11M2I7M5I23M2I29M13I29M5I15M2I40M4D3M2I40M3D6M
40	2980	0.311	2.460E-67	0	968	969	0	757	776	5M1D100M1D163M69I9M23I2M2D11M1I2M2D13M10I11M30I15M19I17M25I21M1I8M20I4M2I5M2I39M2D39M4D3M2I45M2I18M1D10M2I7M5I34M2I10M5I4M8I33M3I64M2D38M5D8M
2	2968	0.309	4.629E-67	3	966	969	8	780	781	101M1I56M1I167M80I10M16I12M9I14M15I21M51I27M5I35M1D43M3D49M1D11M1D6M4D62M5D32M37I7M1I12M3I32M3D11M5D12M3D16M2D9M
36	2959	0.303	7.436E-67	2	968	969	0	810	829	12M2D145M1I107M14D5M51I13M47I14M19I6M4I5M8I21M7I6M6D47M3I29M8I26M2I39M2D37M1D5M1D49M2I16M1D13M1I15M2I22M2I6M1I8M10D16M16I10M16I9M5I40M4D3M2I46M
14	2911	0.318	9.321E-66	5	964	969	85	885	886	104M25I4M4I2M1D70M1D53M5D8M6I23M4I24M8I26M19I8M7I28M22I15M18I38M3I13M2D40M4I5M2I76M1D5M1D128M1I12M12I14M30I8M6I4M1D81M
125	2908	0.307	1.092E-65	3	965	969	25	812	813	264M1D4M2D21M11I31M26I16M14D11M5I17M18I32M25I15M29I11M18I19M13I63M13I127M1I10M1D13M6I2M3D9M10I8M17I15M3I74M1I5M
123	2804	0.434	2.614E-63	44	771	969	0	713	715	226M2I21M4I55M2I18M2I25M1D17M1I51M3D11M2D23M1D51M13I169M1D23M2D14M
21	2799	0.350	3.402E-63	5	820	969	4	720	745	209M1D51M7D10M6I10M31I18M1I7M29I13M2I56M2D22M13I40M2I12M29I20M2I76M1D5M1D72M1I10M3D3M4I37M3I13M9D9M
121	2498	0.307	2.617E-56	11	836	969	1	618	619	256M12D10M5I11M114I24M17I8M6I9M2I21M63I3M3D17M8I3M1D25M1D11M2D43M2D51M2I16M2D14M2I9M3I22M3I28M6I14M
12	2469	0.318	1.206E-55	5	873	969	2	674	675	260M7D13M4I24M16I10M84I20M2I24M20I15M25I28M15I21M2I27M1I7M2D35M1D7M1I3M2I45M2I18M1D13M2I36M9I10M1I10M21I36M
9	2339	0.275	1.136E-52	5	968	969	7	619	639	100M1D165M21I10M115I16M14I37M102I6M32I4M44I45M2I18M1D13M3I4M4I25M2I19M1I7M12I30M9I22M2D32M2D44M4D6M
11	2187	0.299	3.409E-49	0	828	969	0	589	596	42M32I200M98I6M36I16M9I9M35I33M4I31M15I18M4I25M1D10M2D41M1D5M1D49M2I16M2D14M2I8M3I23M3I17M3I20M
19	1756	0.193	2.470E-39	2	968	969	9	732	735	29M1D18M2D44M1I11M1I42M1D11M5D4M8D20M1I3M3D27M2D55M199I15M2I34M5I27M6I25M7I13M2D6M2D47M1I4M1D14M2D80M4D41M4I5M2I17M18I12M7I34M19I17M1D8M1I20M3I7M
90	1313	0.157	3.367E-29	0	959	969	0	691	697	4M1I2M1D24M1I15M5I52M1I41M5D17M1I21M1I29M12I3M1I40M101I5M93I11M14D38M6I22M8I6M4I9M1I2M12I33M2I5M1I7M2D6M1I5M5I16M12D34M2D4M2D6M3I19M2D18M14I25M3I19M12I32M22I1M1D8M1I4M1I10M1D12M1D11M1D14M1D17M
4	1256	0.170	6.781E-28	9	962	969	8	686	688	39M4I52M1I38M3D6M2D14M1I22M1I22M4D10M12I43M102I17M18I26M11I10M4D11M14I24M3I12M3I22M19I12M7I1M10I3M3D25M3I14M3D2M1D8M2I11M5D8M3I7M2D5M1D10M3D9M2D8M2D2M3I18M2D14M8I13M4I11M20I7M9I4M52I7M3I7M3I2M2I14M3D25M3D21M
129	1197	0.156	1.517E-26	10	959	969	0	650	656	3M1D1M1I16M1I11M35I3M2D4M1D19M1I41M3D4M2D13M1I18M1I33M13I36M9D14M91I7M93I47M8I15M26I22M6I28M2I5M1I7M2D6M1D8M1D7M3D14M1D33M1D2M3D9M3I16M2D16M8I3M6I16M3I27M25I47M1I7M4I3M2I3M2I14M1D6M1D13M1D19M
99	974	0.269	1.917E-21	5	349	969	17	361	450	8M1D1M1I16M1I13M5I54M1I38M3D4M1D14M1I23M1I24M2D12M12I34M16D53M1I28M
17	843	0.163	1.904E-18	9	892	969	3	921	985	21M2I26M2I5M1I9M1I4M1D26M1I38M2D3M1D15M2I6M11D17M1I18M12D8M8D3M7D7M4I33M17D46M6D7M4D27M3D44M7D15M1D9M6D33M8D25M13I30M11D49M7D6M16D18M5I10M2I14M7I6M9I4M5I5M3I14M1I6M3D23M56I15M1D24M7D11M5D42M2D28M3D9M1D10M
93	699	0.156	3.749E-15	11	605	969	13	774	803	34M7I41M1I11M1I39M3D3M4D16M2I3M1I13M2D29M4I6M2I6M20D32M3D9M6D12M21D65M105D23M1D29M1I32M3D13M4D6M2D46M16D58M1D28M5I17M
 31	7009	1.00	0.000E+00	0	969	970	0	969	970	970M
5	6662	0.989	0.000E+00	0	969	970	0	969	970	970M
26	6662	0.989	0.000E+00	0	969	970	0	969	970	970M
25	6640	0.993	0.000E+00	0	969	970	0	969	970	970M
29	6623	0.988	0.000E+00	0	969	970	0	969	970	970M
86	6590	0.973	0.000E+00	0	969	970	0	969	970	970M
34	6554	0.973	0.000E+00	0	969	970	0	969	970	970M
27	6550	0.986	0.000E+00	0	969	970	0	969	970	970M
6	6509	0.983	0.000E+00	0	969	970	0	969	970	970M
28	6492	0.985	0.000E+00	0	969	970	0	970	971	367M1D603M
85	6482	0.973	0.000E+00	0	969	970	0	969	970	970M
106	6481	0.974	0.000E+00	0	969	970	0	969	970	970M
24	6419	0.943	0.000E+00	0	969	970	0	969	970	970M
33	6371	0.934	0.000E+00	0	969	970	0	969	970	970M
75	6186	0.868	0.000E+00	0	969	970	0	969	970	349M2D162M1I9M1I448M
30	6112	0.889	0.000E+00	0	969	970	0	971	972	349M2D162M1I70M1D388M
53	6090	0.868	0.000E+00	0	969	970	0	963	964	352M2D159M1I36M7I415M
64	6078	0.880	0.000E+00	0	969	970	0	967	968	349M2D67M1I84M1I9M1I6M1I451M
32	6026	1.00	0.000E+00	42	969	970	1	928	929	928M
38	6017	0.882	0.000E+00	0	969	970	0	968	969	349M2D64M3I1M1D94M1I458M
112	6012	0.868	0.000E+00	0	969	970	0	970	971	352M2D150M1I314M1I34M1D118M
107	5990	0.858	0.000E+00	0	969	970	0	968	969	853M1I116M
61	5958	0.851	0.000E+00	0	969	970	0	932	933	349M2D67M1I71M10I3M28I441M
105	5923	0.859	0.000E+00	0	969	970	0	962	963	349M2D81M1I80M1I305M1I8M6I138M
111	5895	0.852	0.000E+00	0	969	970	0	937	938	349M2D66M33I369M1I152M
39	5893	0.880	0.000E+00	0	969	970	0	964	965	349M2D162M1I8M4I314M1I35M1I95M
119	5883	0.872	0.000E+00	0	969	970	0	967	968	349M2D42M2I118M1I332M1I125M
104	5863	0.910	0.000E+00	0	969	970	0	937	938	44M32I894M
62	5829	0.851	0.000E+00	0	969	970	0	930	931	349M2D63M15I7M19I58M1I8M4I314M1I35M1I95M
22	5705	0.826	0.000E+00	0	969	970	0	957	958	334M1I86M7I34M2I47M1I305M1I152M
131	5581	0.814	0.000E+00	0	969	970	0	895	896	349M2D67M1I69M78I285M3D121M
108	5541	0.786	0.000E+00	0	969	970	0	927	928	334M1I14M2D37M1I23M3I4M32I60M1I35M1D17M2I253M1I58M4I90M
67	5505	0.756	0.000E+00	0	969	970	1	963	964	334M1I13M2D108M2I53M1I311M5I8M1D9M1I124M
110	5484	0.967	0.000E+00	90	969	970	0	879	880	880M
94	5467	0.781	0.000E+00	0	969	970	0	923	924	334M1I14M2D37M1I23M34I43M3I21M1I50M2I253M1I57M5I90M
102	5255	0.699	0.000E+00	0	969	970	0	963	964	334M1I13M2D105M2I22M6I363M1D124M
118	5127	0.684	0.000E+00	0	968	970	0	977	978	338M1I11M2D56M1I39M4D50M1D35M1D46M1I180M1I13M2D49M1D20M1I13M3D114M
72	5034	0.672	0.000E+00	0	968	970	0	957	958	337M1I12M2D56M1I38M7I42M1D37M1D30M1I17M1I177M1I59M1I18M1I16M1I115M
127	4995	0.652	0.000E+00	0	968	970	43	1012	1013	337M1I12M2D56M1I38M4D57M1D31M2D28M1I17M1I177M1I59M1I20M1I14M1I115M
115	4844	0.591	0.000E+00	0	968	970	0	981	982	305M3D43M2D14M1D33M1D21M2I46M3I19M1D15M4D30M1D47M1D217M1D21M1D59M2D94M
16	4740	0.601	0.000E+00	0	967	970	33	977	978	8M1D296M1I20M1I28M1I37M1D22M3I26M1I24M2I30M1D31M10I19M2I12M2I177M1I60M1I19M1D44M2I88M
130	4729	0.568	0.000E+00	0	968	970	0	982	983	295M3D52M2D19M1D28M1D46M2D42M3I32M5D14M1D46M1D218M1D22M1I49M1D102M
81	4699	0.810	0.000E+00	39	881	970	7	875	885	310M2D66M2I59M1I34M1I305M2D38M26D27M
73	4690	0.626	0.000E+00	23	968	970	2	932	933	311M1I13M2D60M1I35M5I44M1I5M3I51M5I200M1I34M1I34M1D141M
15	4664	0.583	0.000E+00	0	967	970	35	982	983	8M1D295M1I21M1I35M2I33M1D18M3I26M1I56M1D34M10I16M2I14M2I175M1I214M
80	4635	0.655	0.000E+00	42	968	970	1	930	931	295M1I12M2D56M1I38M4D57M1D29M1D26M1D22M1I177M1I59M1I17M1I133M
68	4634	0.612	0.000E+00	4	968	970	9	900	901	7M10I7M2I320M2D59M34I20M3I7M12I3M13I30M1D26M2D22M1I177M1I59M1I25M1I125M
59	4598	0.559	0.000E+00	0	969	970	0	979	982	7M1D287M3D54M2D18M1D29M1D17M2D73M1D18M4D34M2D12M6D23M1D183M1I39M1D23M14I12M1I33M1D92M
84	4593	0.636	0.000E+00	47	968	970	0	928	929	286M1I16M2D59M1I36M4D56M1D21M1D42M6D14M1I177M1I68M1I9M1I33M1I98M
74	4546	0.614	0.000E+00	7	964	970	1	912	926	398M1I24M3D55M20I38M1D26M1I188M2I31M1I25M6I21M1I11M1I81M17I10M
45	4448	0.517	2.732E-102	4	969	970	4	926	927	263M5D10M4I73M1D12M1D23M2I22M8I9M8I59M7I45M3I6M6I231M1D17M8I10M7I26M1I101M3D5M
54	4442	0.521	3.764E-102	0	969	970	0	919	923	281M1D68M2D17M1D23M2I22M8I9M8I41M3I25M9I33M3I6M6I231M1D17M8I10M7I26M1I106M
56	4414	0.516	1.678E-101	0	969	970	0	927	931	267M5D10M4I41M2I41M1D41M11I52M4I38M5I43M7I226M1D24M4I10M11I22M1I106M
43	4413	0.521	1.770E-101	0	969	970	0	927	931	266M5D11M4I85M1D16M1I27M11I48M4I38M5I8M9I6M1I20M2D235M1D24M15I29M1I106M
3	4405	0.513	2.713E-101	0	968	970	0	881	882	268M9D5M8I51M17I16M1D48M8I9M8I41M5I27M5I9M22I7M1I19M8I213M1D24M15I29M1I105M
76	4390	0.519	6.044E-101	0	969	970	0	921	925	267M5D10M4I45M1I39M1D23M1I20M8I20M7I66M5I17M1I19M12I230M1D17M3I14M12I22M1I106M
51	4390	0.528	6.044E-101	0	967	970	0	925	932	281M1D46M1D11M3I25M1D47M8I9M8I73M5I23M8I13M2D232M1D27M15I29M1I104M
52	4368	0.502	1.956E-100	0	969	970	0	904	913	267M9D6M8I53M4I28M1D45M20I6M24I13M6I29M2D286M1D24M15I29M1I106M
41	4368	0.512	1.956E-100	0	969	970	0	923	924	266M5D11M4I18M3I25M1D12M2I24M1D43M17I86M5I26M1I31M6I215M1D15M19I6M1D28M1I101M3D5M
78	4366	0.534	2.176E-100	0	968	970	0	939	940	280M1D21M1I26M1I37M1D23M1I34M8I31M5I7M1I38M13I17M5I10M1I10M3D10M2D10M5D205M1D11M2I19M5I54M1D83M
50	4358	0.516	3.336E-100	0	969	970	0	904	906	267M5D10M4I85M1D15M2I27M31I15M3I11M7I72M3I6M6I231M1D16M8I11M7I26M1I106M
113	4355	0.526	3.916E-100	0	964	970	0	905	915	271M5D6M4I59M4I3M2I16M1D41M3I5M5I19M7I37M1I24M8I9M9I262M1D18M3I3M15I26M4I12M1I88M
44	4353	0.521	4.357E-100	0	969	970	0	882	886	268M2D9M1I54M17I16M1D48M8I9M8I41M5I35M27I8M1I19M8I213M1D24M15I29M1I106M
69	4350	0.523	5.114E-100	0	969	970	0	920	924	267M5D10M4I46M1D12M2I5M9I11M1D22M2I20M11I32M3I25M4I73M6I228M1D27M15I29M1I106M
35	4350	0.511	5.114E-100	0	969	970	0	925	929	268M10D5M9I45M1D39M1D16M1I23M11I19M5I16M2I47M8I6M4I14M2I255M1D25M14I29M1I106M
116	4346	0.523	6.331E-100	0	969	970	0	892	893	266M5D11M4I50M7I45M4I19M3I4M8I20M4I37M3I21M8I7M16I23M5I227M1D15M5I15M13I39M4I17M1D70M
49	4333	0.507	1.267E-99	0	969	970	0	858	862	267M9D6M8I51M17I16M1D46M44I19M6I17M28I19M5I32M2D214M1D24M15I29M1I106M
48	4331	0.517	1.410E-99	0	968	970	0	898	899	267M5D10M4I12M2I42M1I2M3I18M1D29M4I31M7I29M8I38M9I6M6I25M10I12M5I215M1D28M18I128M
109	4331	0.516	1.410E-99	0	967	970	0	914	915	281M1D85M1D47M8I17M7I37M2I20M2I34M16I239M1D14M2D7M1I8M17I26M5I95M
60	4327	0.513	1.746E-99	5	969	970	1	991	994	5M2D21M10D7M3D256M3D70M1D24M1D23M6I13M3D23M5D108M1D21M2D4M8D169M1I31M1D26M2I23M6I34M1D92M
57	4322	0.526	2.280E-99	0	964	970	0	921	931	278M1D23M1I44M1D20M1D49M1I26M8I12M1I6M4I38M5I26M11I11M3I15M3D213M1D12M5I5M3I13M7I23M1I101M
42	4322	0.520	2.280E-99	0	968	970	0	932	933	279M1D21M2I34M7I22M1D28M1I30M8I17M3I72M5I13M1D32M5I8M3I202M1D15M5I11M3I5M1D51M1D87M
77	4317	0.509	2.977E-99	0	969	970	0	923	925	277M1D77M2D35M1I19M8I13M8I50M1I21M3I13M7I20M9I228M1D19M6I15M11I22M1I101M5D5M
46	4307	0.517	5.078E-99	0	965	970	0	917	926	267M5D10M4I62M2I21M1D45M17I2M5I5M6I35M4I25M3I26M8I13M2D232M1D29M19I23M1I75M12D27M
23	4300	0.519	7.379E-99	0	968	970	0	934	935	279M1D22M1I30M6I52M1I20M2D36M9I32M3I40M4I42M10I2M2D207M1D23M7I53M1D90M
71	4292	0.512	1.131E-98	0	965	970	0	926	934	4M12D263M5D10M4I73M1D12M1D23M2I22M8I9M8I62M3I4M9I33M3I6M6I231M1D17M8I10M7I26M1I102M
82	4277	0.518	2.519E-98	5	964	970	30	942	947	2M1D260M5D10M4I29M1D26M4I26M1D25M1D22M4I21M7I37M3I19M2I39M16I234M1D12M5I3M7I13M6I37M1D87M
13	4268	0.501	4.073E-98	0	969	970	0	890	894	267M5D10M4I41M3D12M1I3M7I20M1D41M19I30M9I36M3I4M9I6M15I17M1I22M5I213M1D24M15I38M1I97M
70	4237	0.498	2.131E-97	0	969	970	0	857	858	267M5D10M4I20M1I5M14D5M37I17M1D23M2I14M36I6M8I13M11I21M3I4M9I33M3I6M6I228M1D20M8I10M7I26M1I103M3D3M
66	4234	0.496	2.502E-97	0	968	970	0	922	923	82M1D198M1D21M1I34M14I40M1I31M13I40M1I6M3I92M5I3M5I205M1D35M7I42M1D90M
83	4228	0.513	3.446E-97	0	964	970	24	942	947	7M1D260M7D8M6I20M1I21M3D13M7I4M1I18M1D25M1D19M8I5M3I53M3I22M2I16M10I22M2I236M1D15M5I5M1I10M12I38M1D87M
47	4163	0.491	1.108E-95	0	964	970	0	810	820	268M8D6M7I65M3I13M1D20M1I32M6I6M6I19M8I14M27I7M68I219M1D24M15I26M23I82M
58	4149	0.505	2.339E-95	0	969	970	0	885	889	267M5D10M4I73M1D12M1D23M2I14M36I6M8I13M7D31M17I33M3I6M6I231M1D10M1I13M21I23M1I106M
65	4099	0.513	3.375E-94	7	969	970	2	876	879	296M2D22M1D25M1D11M1D52M4I22M14D15M15I42M5I10M8I12M10I24M1D175M1I36M14I7M51I106M
55	3982	0.483	1.742E-91	0	969	970	0	889	893	112M1I168M1D62M1D19M1D7M2I42M8I9M8I27M15I6M13D17M1I3M9I49M2I112M1I49M1I38M20I7M4I2M1I17M21I23M1I69M1I36M
79	3874	0.504	5.558E-89	53	968	970	1	888	889	227M1D21M1I26M1I32M1D28M1I34M8I17M3I74M6I37M1D17M6I200M2D4M1I12M1D5M4I15M4I42M1D90M
117	3793	0.382	4.197E-87	0	969	970	0	1002	1003	3M2D267M9D3M8I11M1I13M2I16M6D42M11I28M3I34M5D43M1I19M1I17M11I20M6D109M1D129M2D15M22D51M3D10M8D94M7D8M
92	3764	0.363	1.974E-86	5	968	970	1	1083	1084	264M2D9M2D14M1I47M1D26M8I30M3D51M4D17M1D10M4D18M11D33M17D14M5D27M9D94M2D137M33D40M7D18M18D21M9D85M
103	3731	0.488	1.149E-85	26	968	970	0	885	886	49M4I8M5I7M2I170M5I15M1D23M1D26M12I37M2I36M1I55M11D25M20I24M11I3M3I97M2D122M1D23M5I33M3I117M
128	3691	0.372	9.725E-85	2	969	970	0	874	876	3M3D262M6I6M9D21M8I22M7I2M42I15M26I8M6I21M12I9M7I35M1D47M10D101M1D120M1D31M5I60M1D86M
122	3556	0.342	1.312E-81	7	969	970	6	971	1001	261M2D35M6I3M5I16M18I16M19D5M18I25M13I30M1I44M1D38M1I44M6I75M1D119M2D21M21D25M9D27M16D19M3D68M3I21M
8	3521	0.354	8.499E-81	5	969	970	7	1014	1016	262M14D50M7D23M2D27M6I2M3D54M1I42M1D114M3I81M2D127M1D11M12D47M4D29M6D77M1D9M
101	3448	0.354	4.187E-79	5	961	970	20	928	936	260M6I62M14I20M35I40M5I31M2I23M1I80M7D6M3D3M2D58M2D104M11D40M1D15M8I6M3I22M3I34M3D76M
18	3446	0.320	4.659E-79	5	967	970	1	1247	1248	261M5D39M2I43M12D49M7D40M5D68M3I64M17D10M21D69M1I12M1D141M6D9M85D12M2D10M80D21M10D5M4D9M8D5M27D90M
126	3294	0.350	1.558E-75	6	963	970	10	806	808	98M2I164M9D1M10I19M7I26M8I5M12I3M24I15M45I13M9I12M8I21M48I4M3I9M5D14M7D133M1I31M1D4M3I28M4I4M1D17M1D8M1D101M1I2M1I40M
91	3251	0.336	1.547E-74	5	969	970	9	787	788	97M1D165M15D10M72I13M28I14M24I29M20I26M5I46M27I6M2I64M2I10M4D5M2I79M3I3M3I36M1I12M17I25M1I3M2I21M2I4M1I3M1I33M2D17M4D27M1D4M
100	3234	0.329	3.833E-74	1	969	970	0	801	806	271M10I13M17I21M15I4M1I10M19I7M10I17M17I44M12I19M21I12M22I16M11I75M1D5M1D85M3I3M5D30M3D23M22I47M2I44M1D25M4D16M
114	3198	0.346	2.620E-73	5	961	970	5	922	929	215M1D45M5I22M2I39M11I22M8I40M1I36M7D55M3I32M9I34M4D3M4I58M2D87M5I11M3D43M1D59M11I20M2D77M
97	3122	0.327	1.515E-71	5	969	970	26	784	786	99M1D162M9D10M41I6M30I8M22I24M61I31M3I15M20I24M1I15M5I6M2I61M3I11M1D5M1D84M6I34M1I12M5I11M4I11M9I32M8I36M1D16M2D31M
98	3111	0.317	2.725E-71	5	969	970	13	774	776	99M1D162M9D10M2I8M27I5M34I15M36I12M54I30M24I5M4I27M8I22M4D63M2I11M1D5M1D75M1I8M6I34M1I17M10I4M1I10M8I6M1I3M2I25M3I2M1I32M2D22M4D28M
124	3109	0.337	3.032E-71	5	963	970	1	712	713	258M3D2M8D3M12D11M18I31M39I4M3D2M89I9M17I17M68I14M2I40M1D22M1I18M2D82M1I32M1I28M26I15M7I14M7I41M1D6M1I33M
89	3105	0.313	3.754E-71	5	969	970	7	759	777	99M1D173M41I24M8I12M23I35M39I8M16I19M68I13M2I2M2I39M2D39M4D3M2I47M2I16M1D13M3I3M4I26M2I21M15I20M3I41M2D36M2D37M6D9M
7	3098	0.319	5.455E-71	5	969	970	8	822	857	100M1D173M21I7M17I19M39I24M8I31M3I15M7I9M22I12M20I55M2I39M2D43M3D46M2I18M1D19M6I36M1I18M10I43M4I46M2D38M3D12M
10	3073	0.318	2.072E-70	5	969	970	26	782	784	99M1D161M10D14M74I8M22I24M34I35M6I6M8I11M9I13M4I19M30I6M2I62M2I11M4D5M2I82M6I34M1I12M5I5M5I4M5I16M5I3M2I26M5I32M2D21M2D29M
120	3065	0.320	3.176E-70	0	969	970	2	758	764	103M2I163M5D17M7I37M62I9M55I23M7I14M6I2M21I60M3I33M2D39M1D7M1D47M2I18M1D50M4I7M1I13M15I12M13I10M23I2M1I35M1I46M
40	3049	0.302	7.462E-70	0	969	970	0	759	776	5M1D98M1D165M48I11M5D11M34I5M13I13M10I5M29I36M2D17M3I7M26I5M41I5M2I39M2D39M4D3M2I45M2I18M1D13M3I3M4I24M2I28M15I15M3I41M2D36M2D38M7D8M
63	3049	0.319	7.462E-70	5	969	970	7	770	778	100M1D162M1I29M75I4M13I23M4I4M8I7M24I17M52I27M7I10M9I6M2I39M2D39M4D2M2I46M2I17M1D11M2I7M5I23M2I26M8I14M4I12M1I6M5I15M2I40M4D3M2I38M17D8M
87	3046	0.323	8.758E-70	5	969	970	7	749	770	100M1D162M1I10M7D12M32I11M63I15M59I2M3I13M2I8M30I27M9I7M9I7M2I39M2D42M2D47M2I18M1D10M2I7M5I25M2I22M5I9M3I7M5I18M5I15M3I5M1D35M2D42M5D2M1I5M
96	3027	0.319	2.415E-69	5	969	970	38	941	948	30M5I225M14D16M9I46M12I19M22I16M2I32M14I11M7I16M35D55M11I9M4I19M3D5M1D62M4I9M4D5M2I48M1I32M1I38M1D21M18I15M7I117M
0	3022	0.325	3.154E-69	5	969	970	13	752	754	99M1D163M18D10M72I18M28I12M41I9M29I16M14I7M26I10M5I24M2I62M3I10M1D5M1D77M1D7M6I34M1I12M5I4M13I22M1I3M2I28M3I30M2D21M2D31M
20	3011	0.310	5.674E-69	5	969	970	7	754	772	270M39I19M2I3M34I5M1I2M3I6M55I13M13I2M3I37M25I16M27I7M2I39M2D39M4D3M2I45M2I18M1D17M7I24M1I12M1I14M15I16M3I34M2D40M2D41M7D8M
95	3000	0.327	1.021E-68	5	969	970	1	718	720	99M2I161M5D18M38I11M7I11M4I11M24I4M24I12M8I16M3I3M24I13M68I7M9I10M3D32M2D44M2D51M2I16M1D51M5I16M34I35M6I1M3I35M1I38M2D8M
88	2991	0.310	1.651E-68	5	969	970	7	752	770	270M10I4M41I7M12I7M15I5M7I28M33I9M10I12M5I6M52I6M19I24M2I39M2D39M4D3M2I47M2I12M1D14M2I7M5I24M1I12M1I11M5I9M3I7M10I44M2D36M2D38M7D8M
2	2959	0.312	9.111E-68	4	965	970	9	780	781	102M1I54M1I169M78I2M29I11M1I7M1I24M3I2M8I9M52I27M5I35M1D43M3D49M1D11M1D6M4D62M5D22M37I17M1I12M3I32M3D11M5D12M3D16M4D7M
1	2938	0.310	2.795E-67	0	969	970	0	786	787	269M1D11M6I18M16I9M27I8M116I8M34I40M1I24M1I26M1D13M2D38M1D5M1D49M2I16M2D15M1I6M3I6M1I18M3I23M14I58M3I30M1D6M2D9M7D6M8D2M3D21M16D8M
125	2914	0.311	1.007E-66	3	966	970	25	812	813	264M1D4M2D21M11I33M20I11M11D5M33I19M32I5M8I19M3I10M20I32M3I21M13I63M13I127M1I10M1D14M11I17M19I19M3I75M1I4M
37	2914	0.305	1.007E-66	2	969	970	0	810	829	13M2D144M1I105M12D11M16I17M13I10M67I8M6I14M15I9M19D2M14I36M28I16M1I26M1D13M2I39M2D37M1D5M1D49M2I16M1D13M1I12M2I22M3I19M3D11M14I16M16I56M2D48M
14	2903	0.318	1.811E-66	5	965	970	85	885	886	105M25I4M3I72M1D53M5D8M6I23M4I22M8I27M17I19M3I12M28I21M5I12M7I38M8I43M4I5M2I76M1D5M1D128M1I8M5I3M20I14M22I95M
36	2874	0.301	8.517E-66	2	969	970	0	819	829	12M2D145M1I105M12D11M16I17M13I10M67I8M6I14M15I9M19D2M14I36M28I16M1I19M1D20M2I39M2D37M1D5M1D49M2I16M1D13M1I12M2I25M2I6M1I8M10D11M12I29M25I35M4D3M2I36M2D5M7D5M
123	2752	0.438	5.740E-63	44	772	970	0	713	715	226M2I21M4I70M6I9M1D24M1D69M7D28M12I37M3I181M1D23M2D14M
21	2723	0.351	2.700E-62	5	818	970	4	703	745	209M1D51M7D10M6I10M31I18M1I25M25I4M4I62M22I61M23I20M2I76M1D5M1D72M1I10M5D1M6I37M3I7M5I7M
12	2504	0.321	3.228E-57	5	852	970	2	674	675	260M7D13M4I28M9I14M15I9M114I49M10I21M15I21M2I27M1I7M2D35M1D7M1I3M2I45M2I18M1D13M2I36M9I56M
121	2495	0.316	5.219E-57	11	831	970	1	618	619	256M12D10M5I7M12I12M24I2M18I10M78I6M15I10M15I4M9D7M35I5M15I4M3D4M6I20M1I22M1D11M2D43M2D51M2I16M2D14M2I9M3I22M5I3M2D37M
9	2300	0.271	1.733E-52	5	969	970	7	623	639	100M1D162M3D23M32I10M75I4M162I13M13D6M32I4M44I45M2I18M1D13M2I4M5I25M2I21M15I24M9I4M2D27M2D32M2D42M8D8M
11	2150	0.300	5.206E-49	0	816	970	0	579	596	42M32I192M3D6M3D19M9I14M67I29M77I24M44I13M7I10M4I25M1D10M2D41M1D5M1D49M2I16M2D14M2I8M3I23M3I27M
19	1788	0.199	1.287E-40	2	969	970	9	732	735	30M1D17M2D44M1I11M1I42M1D11M5D4M8D20M1I3M3D27M2D51M12D17M40I8M57I10M11I4M56I33M61I17M3I5M4I12M2D6M2D46M1I5M1D16M2D76M3D4M1D39M11I15M13I18M14I7M1I22M11I23M1D8M1I13M3I14M
90	1352	0.163	1.654E-30	0	961	970	0	692	697	4M1I2M1D25M1I15M5I52M1I40M5D17M1I21M1I29M12I3M1I34M3D5M25D10M27I23M25I6M49I5M77I10M38I11M11I13M1I2M12I38M3I5M2D8M1I5M3D18M6D3M2I31M1I3M5D7M3I19M2D19M11I19M3I9M9I12M6I35M22I1M1D8M1I4M1I10M1D12M1D11M1D14M1D18M
4	1277	0.172	9.064E-29	5	963	970	4	686	688	44M4I52M1I37M3D6M2D17M1I19M1I22M4D10M12I49M27I28M8I11M6I12M19I19M22I6M7I8M6I20M13I9M59I17M7I3M10I3M3D25M3I14M3D2M1D8M2I11M5D9M5D3M3I5M1D23M2D7M2D2M3I18M2D14M1I7M7I6M4I11M21I8M3D1M63I6M3I5M4D12M7I7M1D22M3D21M
129	1162	0.161	4.204E-26	10	960	970	0	650	656	3M1D1M1I16M1I11M35I3M2D2M1D22M1I40M3D4M2D13M1I18M1I33M13I36M9D14M18D5M14I13M14I8M131I4M12I19M62I15M3I10M7I27M2I5M1I7M2D6M1D8M1D7M3D14M1D32M1I2M5D9M3I16M2D19M14I16M2I11M1I13M14I11M7I24M1I13M3I2M1I7M4I4M2I2M2I14M1D6M1D13M1D19M
99	956	0.262	2.511E-21	5	349	970	17	361	450	8M1D1M1I16M1I16M5I52M1I38M3D3M1D14M1I23M1I40M10I32M16D53M1I28M
17	832	0.151	1.883E-18	9	961	970	3	973	985	21M2I26M3I14M1I4M1D26M1I36M2D5M1D15M2I6M11D17M1I16M12D10M8D3M7D7M4I33M17D46M6D7M9D22M15D31M7I101M1I31M10D34M20D15M3D28M5I10M2I14M4I10M17I6M3I12M10D3M6I3M8D17M57I6M1I47M6D21M1D46M3D9M1D10M14I6M4I5M5I6M6D17M1D11M
93	690	0.153	3.691E-15	11	694	970	13	801	803	32M3D13M10I27M1I12M1I38M3D3M4D15M2I4M1I13M2D29M4I6M2I6M20D32M9D28M1I37M3D20M1D25M100D35M6D92M9D23M7D31M2I15M1D15M2I20M16I4M22I21M1I7M2D16M
 108	6858	1.00	0.000E+00	0	927	928	0	927	928	928M
94	5957	0.902	0.000E+00	0	927	928	0	923	924	410M1D41M3I55M1I324M1I93M
30	5684	0.794	0.000E+00	0	927	928	0	971	972	334M1D53M1D24M1D7M34D91M1I17M2D17M1D239M1D55M4D90M
112	5649	0.777	0.000E+00	0	927	928	0	970	971	334M1D53M1D23M32D4M3D94M1I18M2D287M1D23M4D91M
38	5628	0.794	0.000E+00	0	927	928	0	968	969	334M1D53M1D31M33D91M1I17M2D254M1D57M4D90M
111	5619	0.814	0.000E+00	0	927	928	0	937	938	334M1D52M1D25M1D6M1D57M1D35M1I14M2D314M4D90M
29	5608	0.788	0.000E+00	0	927	928	0	969	970	334M1D14M2I37M1D23M35D64M1D35M1I17M2D253M1D58M4D90M
25	5600	0.785	0.000E+00	0	927	928	0	969	970	334M1D14M2I37M1D23M35D64M1D35M1I17M2D253M1D58M4D90M
27	5596	0.786	0.000E+00	0	927	928	0	969	970	334M1D14M2I37M1D23M2D8M33D56M1D35M1I17M2D255M1D56M4D90M
24	5595	0.782	0.000E+00	0	927	928	0	969	970	334M1D14M2I37M1D24M35D63M1D35M1I17M2D256M1D55M4D90M
28	5587	0.787	0.000E+00	0	927	928	0	970	971	334M1D14M2I18M1D19M1D23M35D64M1D35M1I17M2D253M1D58M4D90M
86	5586	0.786	0.000E+00	0	927	928	0	969	970	334M1D14M2I37M1D24M34D7M1D56M1D35M1I17M2D256M1D55M4D90M
5	5580	0.787	0.000E+00	0	927	928	0	969	970	334M1D14M2I37M1D23M35D64M1D35M1I17M2D253M1D58M4D90M
6	5578	0.784	0.000E+00	0	927	928	0	969	970	334M1D14M2I37M1D19M10D12M25D56M1D35M1I17M2D253M1D58M4D90M
106	5576	0.794	0.000E+00	0	927	928	0	969	970	334M1D14M2I37M1D24M35D63M1D35M1I17M2D256M1D55M4D90M
85	5575	0.787	0.000E+00	0	927	928	0	969	970	334M1D14M2I38M1D23M35D63M1D35M1I20M2D253M1D55M4D90M
64	5562	0.772	0.000E+00	0	927	928	0	967	968	334M1D52M1D25M33D7M1D47M1I8M1I34M1I17M2D254M1D57M4D90M
26	5561	0.786	0.000E+00	0	927	928	0	969	970	334M1D14M2I37M1D23M17D4M18D60M1D35M1I17M2D253M1D58M4D90M
75	5558	0.782	0.000E+00	0	927	928	0	969	970	334M1D53M1D24M35D74M1I23M1I17M2D256M1D49M4D96M
53	5550	0.778	0.000E+00	0	927	928	0	963	964	334M1D53M1D24M1D7M34D93M7I3M1I8M2D251M1D57M4D90M
33	5538	0.778	0.000E+00	0	927	928	0	969	970	334M1D14M2I37M1D24M35D63M1D34M1I18M2D254M1D57M4D90M
119	5530	0.767	0.000E+00	0	927	928	0	967	968	334M1D53M1I23M35D98M1I17M2D255M1D6M12I11D38M4D90M
31	5522	0.786	0.000E+00	0	927	928	0	969	970	334M1D14M2I37M1D23M3D8M32D56M1D35M1I17M2D253M1D58M4D90M
62	5520	0.796	0.000E+00	0	927	928	0	930	931	334M1D53M1D26M1D71M4I21M1I17M2D255M4D4M12I2M8D37M3D91M
34	5520	0.787	0.000E+00	0	927	928	0	969	970	334M1D14M2I37M1D24M35D63M1D35M1I17M2D256M1D55M4D90M
22	5518	0.770	0.000E+00	0	927	928	0	957	958	355M2I30M1D24M28D16M2I80M1I17M2D311M4D90M
107	5499	0.775	0.000E+00	0	927	928	0	968	969	336M1D12M2I37M1D24M1D7M34D56M1D35M1I17M2D256M1D32M1I21M4D91M
39	5491	0.782	0.000E+00	0	927	928	0	964	965	337M1D50M1D24M1D6M34D67M4I21M1I17M2D255M1D17M1I37M3D91M
105	5477	0.777	0.000E+00	0	927	928	0	962	963	337M1D50M1D24M1D7M33D90M1I18M2D261M6I45M4D89M
61	5362	0.756	0.000E+00	0	927	928	0	932	933	334M1D52M1D25M1D26M11I16M3D10M3D20M1D15M1I17M2D254M1D58M4D89M
131	5297	0.729	0.000E+00	0	927	928	0	895	896	334M1D52M1D25M1D11M27I22M1I24M11D6M26I255M1D30M3D25M4D90M
67	5292	0.708	0.000E+00	0	927	928	1	963	964	385M1D23M1D9M32D92M1I20M2D252M4I12M1D9M1I30M4D90M
104	5082	0.747	0.000E+00	0	927	928	0	937	938	43M32I259M1D14M2I37M1D24M35D63M1D35M1I17M2D256M1D55M4D90M
32	5048	0.779	0.000E+00	42	927	928	1	928	929	292M1D14M2I37M1D23M28D4M7D60M1D35M1I17M2D253M1D58M4D90M
102	4953	0.671	0.000E+00	0	927	928	0	963	964	385M1D23M1D9M5D7M27D17M6I27M1D34M1I18M2D257M1D14M1D40M4D90M
72	4909	0.647	0.000E+00	0	926	928	0	957	958	386M1D30M27D43M1D15M1D23M1D45M1I177M1I77M1I24M2D16M1D88M
118	4835	0.641	0.000E+00	0	926	928	0	977	978	386M1D29M38D46M1D11M1D25M1D17M1D26M1I180M1I13M2D48M2D15M1I20M3D20M4D88M
127	4821	0.630	0.000E+00	0	926	928	43	1012	1013	386M1D31M4D9M10D3M11D4M13D21M1D20M1D24M2D44M1I46M1I2M1D128M1I77M1I16M2D24M1D88M
110	4689	0.765	0.000E+00	90	927	928	0	879	880	244M1D14M2I37M1D24M34D7M1D56M1D35M1I17M2D256M1D55M4D90M
68	4610	0.614	0.000E+00	3	926	928	8	900	901	8M10I7M2I300M1D56M1D25M5I14M17I7M1D16M5I23M1D40M2D182M1I84M1I30M4D91M
73	4568	0.621	0.000E+00	22	926	928	1	932	933	364M1D32M1D18M28D20M1I18M2I23M1D18M5I198M1I31M1I30M2D42M1I14M5D86M
16	4502	0.584	0.000E+00	0	920	928	34	972	978	306M1I45M3I31M1D10M1D12M24D5M7D25M2I22M1D15M1D16M11I40M2I171M1I71M1D48M2D84M
115	4492	0.568	3.483E-104	0	926	928	0	981	982	305M3D22M1D36M1D23M1D10M1D12M1D28M29D18M4D21M2D55M2D19M1D209M1D28M2D32M1I21M7D87M
15	4475	0.573	7.278E-104	0	920	928	36	977	983	306M1I45M4I30M1D10M1D14M14D4M17D48M1D15M1D16M11I40M2I171M1I71M1D50M4D82M
81	4399	0.775	4.419E-102	39	814	928	7	820	885	295M1D53M1D24M33D31M1I66M1I17M2D253M3D35M
80	4399	0.616	4.419E-102	42	926	928	1	930	931	344M1D29M38D39M1D20M1D70M2D176M1I64M1I36M3D17M1D88M
130	4380	0.552	1.230E-101	0	926	928	0	982	983	295M3D36M1D36M1D21M2D22M21D5M14D9M2D21M3D84M2D12M1D217M1D83M5D86M
74	4368	0.586	2.347E-101	7	915	928	1	924	926	335M1I52M1D42M11I21M2D9M27D52M1D190M2I31M1I27M1D28M2I21M2I62M1I5M3D14M
44	4356	0.529	4.480E-101	0	927	928	0	882	886	281M1D49M1I9M15I10M1I23M1D24M1I16M4I3M10I48M9I42M4D212M1D24M14I39M3D93M
3	4334	0.528	1.466E-100	0	926	928	0	881	882	275M2D2M1I52M1I9M15I10M1I23M1D24M1I16M4I3M10I48M9I42M4D212M1D24M14I39M3D92M
84	4333	0.606	1.547E-100	47	926	928	0	928	929	339M1D26M2D2M36D41M1D19M1D56M8D12M1I177M1I84M3D14M2I12M1D94M
51	4313	0.524	4.543E-100	0	923	928	0	923	932	281M1D46M2D11M5I24M1D28M1D28M1D15M7I6M1D44M1D4M6D4M1D46M7D209M1D13M5D35M1I16M15I86M
49	4302	0.521	8.217E-100	0	927	928	0	858	862	266M5D9M4I51M1I9M15I10M1I23M1D23M9I13M20I13M10I18M9I41M4D213M1D24M14I39M3D93M
42	4301	0.512	8.672E-100	0	926	928	0	932	933	279M1D12M3I11M1D31M8I22M1D42M4D30M8I41M12D31M2D32M4D208M1D54M1D28M2I85M
54	4299	0.522	9.658E-100	0	927	928	0	919	923	281M1D39M3D15M2I30M1D15M1I35M4D106M4I230M1D23M5D25M1I16M15I90M
59	4297	0.534	1.076E-99	0	921	928	0	973	982	8M1D286M3D33M1D40M1D18M2D26M19D5M15D13M3D20M1D62M15D206M2I8M1D31M1D23M3I49M6I83M
52	4288	0.521	1.747E-99	0	927	928	0	904	913	266M5D9M4I53M1I6M4I24M1D23M1D23M1I16M4I3M10I26M3D55M1D230M1D24M14I35M2D11M1D86M
56	4280	0.521	2.688E-99	0	927	928	0	930	931	266M5D11M4I42M1D16M4I23M1D29M1D12M6D8M12D14M2D16M4I58M2I16M4I227M1D23M3I26M4I26M4I82M3D4M
113	4277	0.532	3.159E-99	0	925	928	0	914	915	277M1D58M7I24M1D23M1D23M2I10M3D14M8I10M16D13M1D10M2D11M6I30M2I230M1D17M7I11M10I19M1I100M6D3M
23	4256	0.506	9.793E-99	0	922	928	0	930	935	279M1D22M1I51M7I47M5D30M9I81M14D20M4D5M1D208M1D40M6I22M2D10M3D85M
48	4251	0.527	1.282E-98	0	926	928	0	898	899	268M2D9M1I14M2I47M3I2M2I14M1D27M3I18M5D27M13I32M1I62M1D213M1D14M2D38M2I17M13I85M
50	4250	0.526	1.353E-98	0	927	928	0	904	906	277M1D76M1I13M1D22M1I28M4D20M9I52M2I3M6I248M1D22M5D26M1I16M15I90M
41	4249	0.520	1.428E-98	0	926	928	0	923	924	278M1D23M3I61M1I16M1D53M18D38M4I30M2I15M4I230M1D14M1I6M3D37M16I91M4D4M
109	4240	0.514	2.319E-98	0	925	928	0	914	915	281M1D40M3D36M3I35M1D18M1I7M2D17M7I4M2D12M7D18M1D50M2I227M1D33M15I20M1I99M
78	4240	0.509	2.319E-98	0	926	928	0	939	940	280M1D21M1I34M1D10M3I18M1D53M4D18M11I28M1D37M9D35M11D209M1D16M2I26M4I20M2D18M3D83M
57	4236	0.528	2.876E-98	0	922	928	0	921	931	278M1D23M1I65M1D27M1D18M2D26M7I2M1D40M2D30M2D8M2D24M5D209M1D24M14I38M2D9M1D80M
77	4234	0.511	3.204E-98	0	927	928	0	919	925	277M1D56M3D32M2I45M2I10M3D14M9I7M3D9M1I12M1I20M1I27M8D4M1D228M1D17M3D32M1I7M15I94M1D5M
46	4229	0.526	4.194E-98	0	923	928	0	917	926	281M1D61M3I22M1D28M1D28M1D17M2I37M2D31M5I243M1D23M1D25M1I16M15I59M12D27M
76	4228	0.525	4.426E-98	0	927	928	0	921	925	281M1D51M2I33M1D45M2I8M5I11M8I11M1D39M11D52M7D210M1D12M4D11M1D25M1I19M15I87M
45	4226	0.515	4.930E-98	0	927	928	0	926	927	281M1D86M1D15M1I35M4D64M5D42M4I230M1D24M14I30M2D17M1D80M3D5M
35	4220	0.513	6.811E-98	0	925	928	0	928	929	265M7D10M6I86M1D56M1D15M8I18M4D48M1D37M7D209M1D25M13I39M2D8M1D79M5D4M
43	4217	0.520	8.005E-98	0	927	928	0	927	931	266M2I2M4D7M1I43M3D17M6I10M2D13M1D45M12D26M7I22M2I46M2D13M4D230M1D24M14I26M3D106M
13	4214	0.507	9.410E-98	0	927	928	0	890	894	266M5D13M4I38M3D24M7I13M1I28M1D28M2I7M16I56M6I249M1D24M14I30M3D102M
116	4211	0.528	1.106E-97	0	927	928	0	892	893	277M1D49M6I8M1I14M1I26M3I28M1I16M4I3M10I17M1D6M3I5M3D49M4D231M1D22M17I61M1D70M
69	4205	0.514	1.528E-97	0	927	928	0	920	924	277M1D53M7I8M4I18M1D24M1I15M1D31M8I26M9D9M3D30M1D38M7D206M1D17M5D34M1I16M15I90M
71	4198	0.511	2.228E-97	4	923	928	16	926	934	277M1D86M1D15M1I29M9I10M3D7M9I65M8D37M7D209M1D24M14I39M3D89M
70	4178	0.503	6.544E-97	0	927	928	0	857	858	281M1D20M36I5M14D3M3I19M1D15M1I29M9I15M11I19M11I13M4I30M4I227M1D27M14I39M3D90M3D3M
66	4164	0.486	1.391E-96	0	926	928	0	922	923	82M1D198M1D21M1I34M5I10M10I44M14D14M5D19M9I24M2I59M3D21M1I204M1D42M6I35M5D86M
83	4155	0.511	2.259E-96	7	922	928	32	942	947	273M1D21M1I37M3I4M3I18M1D19M2D26M3I23M8I19M7D73M6D11M7D206M1D24M1D7M1D30M14I93M
82	4132	0.516	7.799E-96	3	922	928	28	942	947	4M1D261M2D9M1I19M1D42M3I23M1I20M2D24M8D19M8D10M7I21M2I62M2I225M1D14M1D57M13I81M
60	4130	0.508	8.686E-96	11	927	928	9	991	994	20M10D7M3D253M3D42M1I31M1D20M2D27M13D2M13D4M11D31M1D71M6D29M6D168M1I40M1D16M2I7M5I55M5D85M
58	4117	0.517	1.750E-95	0	927	928	0	888	889	281M1D86M1D15M1I29M9I11M6I10M1D25M4I13M4I30M4I230M1D10M1I15M1I21M1I9M2I1M13I91M3D5M
65	4098	0.524	4.870E-95	7	927	928	2	876	879	296M2D33M2D6M1I22M1D24M1D24M1I74M1D24M7D35M3D170M1I35M2I6M7I13M25I3M26I93M
47	4065	0.514	2.881E-94	0	922	928	0	810	820	277M1D48M3I22M1I12M1D50M1I7M9I3M17I11M13I4M9I13M28I14M1I215M1D17M6I15M8I13M19I87M
55	3930	0.491	4.150E-91	0	927	928	0	892	893	112M1I168M1D82M1D7M2I25M1D9M1D32M8I17M15D37M1I141M1I49M1I43M24I4M1I17M1I35M16I57M1I32M3D4M
79	3794	0.487	6.309E-88	53	926	928	1	888	889	227M1D21M1I39M2I19M1D58M4D18M11I32M11D38M1I25M12D213M1D16M2I26M4I32M5D89M
117	3657	0.392	1.012E-84	0	927	928	0	995	1003	5M2D267M3D5M2I12M1I18M4I12M6D106M6D5M9I9M2D48M3D20M15D26M6D77M1D130M2D15M22D20M10D19M5D6M1D112M
128	3649	0.391	1.557E-84	2	925	928	0	875	876	3M3D263M6I5M9D20M17I10M4I11M10I15M10I37M1I13M23I69M2I7M9D14M2I87M1D127M1D24M4I44M2D12M3D78M3D6M
103	3636	0.487	3.137E-84	26	926	928	0	885	886	49M4I8M5I7M2I170M5I20M1D8M1D24M1I11M6I5M6I32M1I48M7I36M15D12M1D28M4D108M2D127M1D19M4I60M1D88M
92	3608	0.367	1.418E-83	5	925	928	1	1083	1084	264M2D9M2D61M5D36M18D29M11D35M1D7M3D15M3D60M7D11M10D19M19D4M6D76M2D137M53D7M5D28M5D28M9D91M1D4M
122	3553	0.348	2.744E-82	7	927	928	6	970	1001	266M2D30M6I33M27D28M3I8M5I41M20I19M3I80M1I80M1D129M2D11M4D6M17D20M18D19M3D4M9D11M3D74M4I20M
101	3427	0.371	2.434E-79	5	920	928	20	929	936	260M6I167M5I87M9I10M5D7M1D58M2D104M11D40M1D12M2I48M2I19M2I78M
8	3404	0.354	8.403E-79	0	927	928	0	1015	1016	5M2D262M14D78M13D4M3D8M12D31M3D5M5D7M6D32M6D6M9I29M2D7M1D65M2I83M2D122M1D16M18D8M1D7M6D52M1D5M1D78M2D7M
18	3301	0.310	2.159E-76	5	925	928	1	1247	1248	269M5D26M1D37M3D4M5D26M4D34M3D30M12D6M8I31M6D1M11D12M15D25M2D21M22D14M18D67M1I12M1D141M6D7M126D13M53D11M32D40M10D85M
126	3271	0.355	1.087E-75	0	922	928	3	807	808	6M1D97M2I164M4D7M5I18M8I35M43I15M16I10M57I66M9D133M1I37M2I31M3I14M1D72M6D36M1I2M1I41M
100	3256	0.351	2.438E-75	1	926	928	0	799	806	271M10I10M2D26M1D10M56I18M1I8M5I9M1I11M11I12M2I5M14I14M4I21M8I10M7I6M2I71M1D9M1D81M2D3M5I2M5D30M3D16M8I29M16I17M2I2M7D43M1D26M3D14M
91	3187	0.345	1.003E-73	5	927	928	9	786	788	99M1D161M18D3M14I4M27I7M2I24M9I12M36I9M36I28M1I11M17I46M2I63M2I7M1D8M1D82M6I36M1I16M16I53M3I34M2D17M4D31M
114	3180	0.360	1.463E-73	0	920	928	0	923	929	220M1D48M5I19M2I39M4D35M2D33M1D9M4D27M10I15M3D38M6D18M2D94M2D87M5I11M3D43M1D12M6D47M8I16M2I78M
98	3122	0.324	3.328E-72	1	927	928	9	774	776	105M1D161M6D16M1D3M27I8M35I12M35I5M39I22M3I20M5I54M2I62M2I8M1D8M1D74M1I9M6I34M1I11M9I18M5I8M1I28M5I2M1I32M2D22M4D28M
97	3109	0.331	6.703E-72	1	927	928	22	784	786	105M1D160M9D12M1I7M27I8M35I12M16I13M4I11M36I16M13I31M2I9M14I81M3I8M1D8M1D84M6I36M1I30M7I35M14I35M1D16M2D31M
124	3087	0.347	2.193E-71	5	916	928	1	707	713	258M3D13M12D16M10I18M41I8M69I5M1I8M43I8M22I26M2D2M1I34M1D27M1I17M2D86M1I28M1I24M10I3M15I12M9I20M1I39M1D6M1I28M
96	3077	0.336	3.758E-71	5	925	928	38	942	948	30M5I227M10D21M5I43M2I11M2I20M5I27M1D36M25D4M1I26M7I44M13I19M8D62M4I8M4D6M2I48M1I33M1I37M1D34M1I23M13I14M6I74M3D6M
120	3066	0.340	6.797E-71	0	927	928	0	758	764	4M2D99M2I163M5D20M14I30M6I58M3I20M17I5M5I19M80I9M1D37M2D35M1D7M1D47M2I18M1D45M6I10M1D9M6I4M13I17M24I6M3I2M1I32M1I49M
10	3055	0.333	1.229E-70	0	927	928	21	782	784	106M1D159M10D15M19I50M9I11M10I4M20I24M22I15M68I10M2I7M2I62M2I11M4D5M2I82M6I34M1I13M5I4M4I9M9I16M3I23M1I34M2D20M2D29M
95	3034	0.342	3.811E-70	5	927	928	1	715	720	97M2I163M5D13M27I29M23I10M34I5M2I18M20I13M16I3M51I18M9D1M5I32M2D32M1D11M1D52M2I16M1D51M5I14M8I4M8I15M17I17M4I2M1I32M1I41M1I7M
7	3033	0.321	4.022E-70	5	927	928	8	823	857	100M1D182M7I12M30I4M10I19M35I25M21I13M3D40M2I86M2D43M3D46M2I18M1D20M6I35M1I18M9I89M2D43M4D7M
89	3009	0.316	1.465E-69	0	927	928	0	760	777	5M2D100M1D164M16I8M25I18M1D4M10I14M20I5M18I29M11I19M28I19M33I5M2I38M2D39M4D3M2I47M2I16M1D10M2I5M5I34M2I12M3D27M1D20M15I46M2D43M7D7M
0	3007	0.339	1.632E-69	0	927	928	8	752	754	106M1D160M5D6M8D4M6I4M27I8M35I12M35I9M4I10M3I3M16I22M44I10M3I24M2I63M3I6M1D8M1D77M1D7M6I34M1I13M3D4M7I3M3I35M8I9M1I2M3I30M2D21M2D31M
1	3003	0.328	2.024E-69	0	927	928	0	786	787	267M1I10M38I25M1D3M11I9M21I11M18I8M28I23M20I20M2I3M24I13M1I21M1D10M2D40M1D6M1D49M2I16M2D14M2I7M2I6M1I18M5I4M2D11M1I18M1I27M7I19M3I32M1D4M2D9M7D7M11D23M16D7M
40	2997	0.322	2.797E-69	0	927	928	0	757	776	5M1D100M1D163M16I10M8D7M2D19M14I3M67I7M4I10M22I19M4I2M4I14M32I9M6I10M3I41M2D39M4D3M2I45M2I18M1D10M2I5M5I36M2I13M3D24M1D20M15I50M2D39M5D7M
87	2994	0.334	3.287E-69	5	927	928	7	749	770	100M1D162M1D9M8D14M5I24M129I22M3I5M3I2M2I15M15I5M16I15M2I35M1I2M3D42M2D47M2I18M1D10M2I7M5I25M2I21M4I5M11I22M7I21M4D3M3D33M2D43M4D7M
37	2976	0.323	8.669E-69	2	927	928	0	810	829	13M2D144M1I105M9D14M15I7M25I10M47I11M11I10M1I14M3I7M13D3M1I6M8I52M5I5M3I26M2D4M2D38M2D37M1D5M1D49M2I16M1D13M1I15M2I17M6I7M3D11M10I31M3I3M9I52M2D48M
63	2975	0.325	9.149E-69	5	927	928	7	768	778	100M1D165M29I26M10I6M50I17M1I23M19I6M2I11M31I19M14I17M2I35M1I2M3D39M4D2M2I46M2I17M1D11M2I7M5I23M2I32M3I22M9I24M3I36M3D2M1I40M15D7M
88	2970	0.309	1.198E-68	5	927	928	7	752	770	268M10I6M99I14M2D26M19I19M11I7M1I16M35I19M4D36M2D39M4D3M2I47M2I12M1D14M2I7M5I32M2I12M1D11M4I32M8I57M2D38M7D8M
20	2955	0.308	2.687E-68	0	927	928	0	767	772	5M2D263M5I6M34I20M1I3M64I3M3D27M43I9M10I33M11I14M2I38M2D36M3D3M1D3M2I45M2I18M1D10M2I5M5I34M2I18M1D5M4I32M8I53M2D43M20D7M
125	2924	0.316	1.427E-67	3	926	928	25	812	813	268M3D21M11I18M28I13M13I13M16D5M11I25M18I15M15I29M5I24M3I9M7I62M13I124M1I13M1D19M5I26M17I7M6I70M3I7M
2	2923	0.318	1.506E-67	3	924	928	8	780	781	101M1I56M1I166M77I24M32I10M1I8M14I24M15I5M1I52M1D40M3D49M1D11M1D6M4D58M5D26M12I25M23I4M1I32M3D11M5D12M3D16M3D8M
14	2911	0.337	2.876E-67	5	923	928	85	885	886	104M25I4M4I2M1D70M1D56M2D7M3I24M9I9M2I40M12I20M2I32M22I15M1D35M2D8M1I31M2I7M2I74M1D6M1D128M1I11M9I13M15I2M19I12M1D81M
36	2905	0.319	3.973E-67	2	927	928	0	810	829	12M2D145M1I105M9D14M15I7M25I10M47I11M11I10M1I23M10D4M1I76M12I59M2D37M1D5M1D49M2I16M1D13M1I15M2I22M3I14M10D11M11I23M21I41M4D3M2I46M
21	2764	0.357	7.906E-64	5	785	928	4	721	745	209M1D62M30I64M11I31M4I20M11I6M18I5M2I62M3D13M3D72M1D8M1D72M1I10M4I2M3D35M3I16M9D10M
123	2655	0.411	2.806E-61	44	735	928	0	713	715	221M4D26M16D40M5D19M2D38M2I48M3D32M3I46M6I174M1D19M2D18M
121	2482	0.336	3.131E-57	11	794	928	1	618	619	258M11D5M4I13M23I4M1I15M80I33M44I15M1D4M23I44M1D15M2D35M1D2M1D53M2I16M2D14M2I9M3I20M6I7M3D34M
12	2480	0.335	3.487E-57	5	814	928	2	674	675	260M7D37M1I17M7I8M23I7M16I17M1I8M43I8M19I16M11I20M9I18M2I26M1I11M2D31M1D7M1I3M2I45M2I18M1D13M2I36M9I14M1I16M2D24M
9	2303	0.288	4.826E-53	5	927	928	7	619	639	100M1D165M23I8M15I25M48I16M30I3M8D5M105I4M35I4M44I45M2I18M1D13M2I4M5I25M2I19M1I9M8I8M3I40M3I36M2D44M4D6M
11	2195	0.315	1.623E-50	0	789	928	0	589	596	42M32I193M3D5M3D19M9I12M20I9M9I14M16I16M21I13M22I12M76I13M2D24M1D14M2D36M1D6M1D49M2I16M2D15M2D8M7I20M3I37M
19	1794	0.205	3.910E-41	5	927	928	12	732	735	27M1D14M5D1M3I47M1I7M1I42M1D11M5D6M8D18M1I3M3D27M2D51M12D16M21I8M76I8M54I13M16I45M28I16M3D5M1D47M1I5M1D16M2D77M4D44M6I14M17I19M6I15M5I12M11I23M1D8M1I18M3I9M
90	1356	0.159	6.913E-31	0	920	928	0	693	697	32M1I15M5I51M1I41M5D17M1I21M1I29M12I3M1I40M27D11M26I22M26I11M32I13M69I9M14I14M35I36M3I9M2D6M1I5M2D16M5D38M1I3M5D7M3I19M2D17M14I22M3I8M6I12M19I11M3I34M1I4M1I10M1D12M1D11M1D14M1D19M
4	1308	0.174	9.177E-30	9	922	928	8	687	688	40M4I51M1I38M3D4M2D16M1I22M1I22M4D10M12I39M8I33M14I9M41I16M3D39M41I1M8I9M16I12M19I53M3I13M3D2M1D8M2I10M5D10M5D7M2I25M2D6M2D3M3I18M2D18M12I20M19I13M57I5M3I7M3I2M2I14M3D25M3D22M
129	1218	0.171	1.170E-27	10	914	928	0	646	656	3M1D1M1I16M1I11M35I3M2D4M1D19M1I41M5D17M1I18M1I33M13I36M9D14M90I8M60I26M22I31M20I23M4D30M3I9M2D6M1D8M1D14M3D7M1D32M1I2M5D9M3I16M2D16M8I3M6I16M3I12M2D24M3I14M2I10M16I10M1D3M3I5M4I3M2I3M2I14M1D6M1D13M1D15M
99	941	0.267	3.541E-21	5	395	928	17	365	450	8M1D1M1I16M1I13M5I54M1I38M3D4M1D14M1I23M1I24M2D12M12I31M10D20M17I35M5I6M2I19M13I14M
17	763	0.162	5.171E-17	9	855	928	3	909	985	21M2I26M3I14M1I4M1D26M1I38M2D3M1D15M2I6M11D17M1I18M12D8M8D3M7D7M4I27M4D3M8D24M25D39M4D6M14D33M4D7M2D60M7D5M13D6M7I27M29D15M1D34M13D47M15I7M21I2M3I12M7D33M55I17M1I26M4I20M6D3M1D68M
93	648	0.151	2.536E-14	11	568	928	13	705	803	34M7I52M2I39M3D3M4D15M2I4M1I13M2D29M4I6M2I6M20D32M3D12M6D16M5D41M3I40M97D14M1D25M1D25M5I30M4D26M3D7M8D27M4D36M
 