43	6903	1.00	0.000E+00	0	930	931	0	930	931	931M
51	6072	0.886	0.000E+00	0	928	931	0	928	932	348M2I45M1D47M1I67M2D419M
76	6023	0.882	0.000E+00	0	930	931	0	924	925	345M1I164M5I416M
69	6022	0.885	0.000E+00	0	930	931	0	923	924	340M10I42M1I64M1D25M1D28M2D421M
35	5984	0.885	0.000E+00	0	930	931	0	928	929	333M1D110M3I35M3I26M2D282M1D139M
45	5967	0.862	0.000E+00	0	930	931	0	926	927	344M1D46M1I51M1I21M5D13M7I26M1I420M
50	5945	0.863	0.000E+00	0	928	931	0	905	906	390M1I44M11I8M10I46M1I418M
56	5919	0.845	0.000E+00	0	930	931	0	930	931	326M2I67M1D106M1I7M2D422M
54	5911	0.868	0.000E+00	0	930	931	0	922	923	344M2D46M1I51M1I37M7I23M1I420M
46	5889	0.846	0.000E+00	0	928	931	0	922	926	348M2I45M1D44M17I8M2D46M2D276M4I107M12D32M
71	5883	0.867	0.000E+00	4	930	931	16	933	934	340M1D46M1I51M1I37M7I23M1I420M
109	5783	0.854	0.000E+00	0	925	931	0	914	915	395M1D88M1D27M5I32M3I251M1I35M4I85M
41	5766	0.815	0.000E+00	0	930	931	0	923	924	293M3I39M1I59M1D26M1I20M1I68M1D274M3I143M
113	5759	0.823	0.000E+00	0	930	931	0	914	915	344M2I6M4I38M1D83M4I28M1I279M3I42M4I87M1D6M
57	5725	0.846	0.000E+00	0	930	931	0	929	931	304M1I44M1D46M1D33M1D82M1I41M2I377M
13	5669	0.813	0.000E+00	0	930	931	0	893	894	343M5I47M1D23M3I21M1I6M9I22M7I14M1I7M4I27M8I383M
52	5640	0.822	0.000E+00	0	929	931	0	905	913	327M2I4M2I59M1D44M4I36M4I6M1I12M1I6M4I5M6I402M1I4M
3	5636	0.797	0.000E+00	0	926	931	0	881	882	327M2I6M2I5M13I39M1D48M1I35M4I6M1I12M1I6M11I21M11I376M
116	5593	0.795	0.000E+00	0	927	931	0	892	893	346M8I30M3I90M4I7M2I13M13I271M3I29M1D15M4I20M1D70M
70	5580	0.816	0.000E+00	0	930	931	0	857	858	315M26I3M2D46M1I49M47I23M1I420M
44	5579	0.791	0.000E+00	0	930	931	0	885	886	327M2I6M2I5M13I39M1D48M1I35M4I6M1I12M1I6M11I21M11I380M
58	5575	0.832	0.000E+00	0	930	931	0	888	889	344M1D46M1I32M27I30M7I23M1I266M7I147M
49	5560	0.784	0.000E+00	0	930	931	0	861	862	327M2I6M2I5M13I39M1D46M25I13M4I6M1I12M1I6M11I21M11I380M
77	5539	0.785	0.000E+00	0	929	931	0	920	925	350M4D13M3I71M1I27M1D45M8I267M2I143M
83	5379	0.783	0.000E+00	7	926	931	32	946	947	296M2I5M1D35M1I4M4I33M3D7M1I21M4D92M4D10M2I10M5I13M1I241M3I40M2D94M
47	5356	0.755	0.000E+00	0	928	931	0	816	820	345M3I73M12I7M27I14M47I27M1I258M22I93M
48	5337	0.761	0.000E+00	0	926	931	0	898	899	303M2I45M4I35M3I22M4D34M4I32M4I20M5I5M2I10M4I12M2I246M3I35M1D95M
82	5317	0.763	0.000E+00	5	926	931	30	946	947	2M1D299M1D44M4I35M1D3M1D24M4D103M1I10M5I13M1I6M1I239M3I35M2D94M
42	5033	0.700	0.000E+00	0	926	931	0	932	933	303M2I41M7I57M3D36M1I13M1I54M2D20M2D261M4D6M4D31M2D94M
78	4999	0.712	0.000E+00	0	925	931	0	938	940	296M1I48M1I65M3D37M1I12M1I44M3I25M7D249M5D5M1D8M2D46M2D84M
55	4943	0.743	0.000E+00	0	930	931	0	892	893	112M1I236M1D22M2I22M1D43M1I30M3I19M4I15M1I16M1D13M6D112M1I49M1I44M32I112M1I39M
23	4934	0.689	0.000E+00	0	926	931	0	934	935	296M1I49M7I64M3D29M1I11M1I66M3D16M1D20M1D232M1D9M7D31M2D94M
130	4892	0.632	0.000E+00	0	926	931	0	982	983	278M1I18M3D56M2D36M2D17M7D19M10D58M2D15M5D30M7D5M1D17M2D246M14D37M2D94M
66	4824	0.669	0.000E+00	0	926	931	0	922	923	82M1D214M1I45M13I6M2I57M3D28M2I68M1I15M1D259M1D9M7D31M2D94M
115	4559	0.560	0.000E+00	0	926	931	0	981	982	275M1I18M3D37M2D53M1D12M1D16M10D18M3D31M1D24M1D12M5D10M7D24M1D23M2D253M16D25M3D95M
79	4558	0.693	0.000E+00	52	926	931	0	888	889	244M1I48M1I65M3D37M1I11M1I45M3I25M7D26M1D223M4D19M4D39M2D86M
59	4500	0.546	7.715E-104	0	929	931	0	981	982	6M1D269M1I18M3D40M1D17M1D39M2D22M7D10M10D53M4D8M1D8M5D16M9D9M4D29M4D185M1I98M1D11M1D90M
61	4497	0.527	9.085E-104	0	927	931	0	932	933	277M1I69M2D20M1I16M1D44M5I20M4I39M1I14M1D19M2I236M1I24M15D40M1D95M
118	4459	0.538	6.970E-103	0	930	931	0	977	978	275M1I74M1D17M1I16M1D46M18D52M1D14M5D5M8D225M1I20M2D21M1I31M15D14M3D9M1D100M4I4M
85	4458	0.521	7.354E-103	0	927	931	0	969	970	277M1I89M1I21M1D84M14D12M6D26M10D20M2I235M1I24M15D29M1D106M
62	4454	0.523	9.111E-103	0	927	931	0	930	931	277M1I69M2D20M1I16M1D54M15D37M1I33M10I16M15I218M1I29M14D130M
53	4445	0.521	1.475E-102	0	927	931	0	963	964	266M5I12M4D64M2D20M1I16M1D27M11D52M7D33M1D42M1D230M1I14M5D13M10D38M1D94M
33	4441	0.530	1.828E-102	0	927	931	0	969	970	277M1I89M1I16M1D37M1D29M10D9M4D38M5D11M2D29M6D231M1I22M8D5M7D23M1D109M
24	4434	0.521	2.659E-102	0	927	931	0	969	970	277M1I89M1I16M1D37M1D24M1I19M18D22M2D21M2D29M6D231M1I24M15D29M1D106M
31	4432	0.526	2.960E-102	0	927	931	0	969	970	277M1I89M1I16M1D27M11D48M4D26M5D26M10D20M2I235M1I12M5D15M10D26M1D106M
29	4428	0.520	3.667E-102	0	927	931	0	969	970	277M1I89M1I16M1D89M17D23M3D17M8D255M1I24M15D29M1D106M
86	4422	0.523	5.057E-102	0	927	931	0	969	970	277M1I89M1I16M1D37M1D24M3D9M7D4M4D10M14D41M1D22M2I235M1I24M15D29M1D106M
30	4422	0.522	5.057E-102	0	927	931	0	971	972	277M1I69M2D20M1I16M1D87M18D18M1D13M2D17M8D23M2I10M1D214M1I24M15D29M1D106M
105	4420	0.533	5.629E-102	0	927	931	0	962	963	277M1I69M2D20M1I16M1D27M15D18M1I59M4D13M4D8M3D26M1D232M1I24M8D26M1D109M
112	4415	0.520	7.358E-102	0	927	931	0	970	971	277M1I69M2D20M1I17M1D87M12D25M7D13M5D7M3D248M1I28M4D19M11D11M1D104M
39	4412	0.522	8.640E-102	0	927	931	0	964	965	277M1I69M2D20M1I16M1D37M1D32M1I16M19D40M1D25M3D233M1I29M14D130M
25	4410	0.522	9.617E-102	0	927	931	0	969	970	277M1I89M1I16M1D89M17D21M3D17M10D20M2I235M1I24M15D29M1D106M
34	4405	0.520	1.257E-101	0	927	931	0	969	970	277M1I89M1I16M1D22M17D10M1I20M7D18M2D10M4D44M1D22M2I235M1I24M15D29M1D106M
26	4404	0.518	1.326E-101	0	927	931	0	969	970	277M1I89M1I16M1D92M8D18M12D17M10D20M2I235M1I24M15D29M1D106M
16	4402	0.541	1.476E-101	0	925	931	34	977	978	277M1I32M1I25M2I29M1I25M2D15M4D17M7D17M1D41M1D11M2D42M4I5M2I181M1I39M1I25M15D33M1I98M
72	4396	0.532	2.036E-101	0	926	931	0	957	958	275M1I74M1D17M1I16M1D80M10D22M3D41M7D203M1I37M1I21M10D12M3D125M
64	4394	0.513	2.266E-101	0	927	931	0	967	968	277M1I69M2D20M1I16M1D61M1I28M8D25M11D38M6D231M1I24M15D42M1D93M
107	4393	0.511	2.390E-101	0	928	931	0	968	969	277M1I89M1I18M1D35M1I30M1D17M18D18M2D24M1D10M5D10M2D237M1I29M15D124M1I6M
38	4391	0.525	2.661E-101	0	927	931	0	968	969	277M1I69M2D20M1I21M1D22M9D47M18D70M1D7M3I230M1I22M1D2M14D30M1D105M
5	4390	0.524	2.807E-101	0	927	931	0	969	970	277M1I89M1I16M1D37M1D23M4D8M6D13M7D22M2D24M10D20M2I235M1I24M15D29M1D106M
28	4389	0.521	2.962E-101	0	927	931	0	970	971	277M1I106M1D91M12D20M8D19M10D17M2I235M1I24M15D29M1D106M
106	4388	0.525	3.125E-101	0	927	931	0	969	970	277M1I89M1I16M1D86M12D25M8D24M10D12M2I230M1I29M15D29M1D106M
75	4381	0.521	4.546E-101	0	928	931	0	969	970	277M1I64M4D15M2I8M1I17M1D26M15D54M3D24M1D14M2I30M9D233M1I22M8D8M7D34M1D91M1I4M
15	4377	0.532	5.632E-101	0	925	931	36	982	983	274M1I35M1I25M2I15M1I13M1I25M2D15M4D16M7D41M3D18M1D32M2D31M6I176M1I39M1I20M15D38M2I15M3D82M
111	4376	0.529	5.942E-101	0	927	931	0	937	938	277M1I69M2D20M1I16M1D22M3D24M3D79M9I12M2I236M1I24M14D30M1D105M
67	4366	0.524	1.015E-100	0	930	931	1	963	964	265M5I12M4D68M1D17M1I16M1D43M4D26M5D10M8D44M4D23M3D8M1D230M1I26M1I7M11D22M1D97M3I6M
27	4366	0.524	1.015E-100	0	927	931	0	969	970	277M1I89M1I16M1D89M17D21M3D17M10D20M2I235M1I25M1I5M16D22M1D106M
119	4363	0.516	1.192E-100	0	927	931	0	967	968	277M1I69M2D20M1I18M1I24M11D47M18D72M2I236M1I29M14D24M1D106M
6	4354	0.522	1.930E-100	0	927	931	0	969	970	277M1I89M1I16M1D38M11D36M4D27M5D26M10D20M2I235M1I24M15D28M1D107M
127	4353	0.528	2.037E-100	0	926	931	43	1012	1013	275M1I74M1D17M1I16M1D22M20D5M1I17M1I35M3D12M3D45M1D5M7D203M1I37M1I18M12D53M1D87M
131	4307	0.517	2.393E-99	0	927	931	0	895	896	277M1I69M2D20M1I16M1D27M40I13M3I31M18I16M10D236M1I23M2D21M16D22M1D93M
94	4290	0.516	5.948E-99	0	928	931	0	923	924	277M1I44M3I17M6D10M2I13M1I70M12D44M11I21M9I8M4I230M1I27M14D39M4I88M1I4M
108	4273	0.516	1.479E-98	0	927	931	0	927	928	277M1I44M3I14M2D8M2D20M1I45M12I26M9D68M2I13M4I230M1I24M14D33M3I99M
22	4262	0.510	2.665E-98	0	927	931	0	957	958	277M1I44M3I14M2D28M1I17M1D35M4D17M1D19M18D39M2I52M3I216M1I16M7D14M7D20M1D109M
102	4241	0.495	8.207E-98	0	927	931	0	963	964	275M1I76M1D15M1I16M1D27M7D9M4D6M5D11M5D73M1I257M1I29M4D5M12D22M1D103M
73	4173	0.530	3.133E-96	23	926	931	2	932	933	252M1I74M1D17M1I16M1D66M5D15M7D14M2I32M2D45M1D168M1I40M2I24M2I7M18D39M1D86M
60	4157	0.490	7.381E-96	5	929	931	1	993	994	10M2D16M8D6M5D228M10I1M9D21M3D92M2D32M17D88M2D28M3D3M5D7M5D12M9D169M1I56M1I19M8D24M1D13M1D88M
74	4130	0.522	3.135E-95	7	923	931	1	913	926	270M1I49M1I22M1D17M1I25M1D13M3I68M10D17M2D14M1D223M2I31M2I25M5D25M2D11M1D69M17I11M
65	4098	0.521	1.740E-94	7	929	931	2	878	879	270M1I23M2D51M2D32M1D32M13I19M12D9M3D68M1I202M1I38M50I113M
68	4065	0.510	1.019E-93	2	926	931	7	900	901	9M10I7M2I245M1I66M4D20M3I19M1D23M3I30M27I89M2I172M1I37M1I24M7D4M6D39M1D91M
80	3968	0.526	1.839E-91	42	926	931	1	930	931	235M1I54M1D35M1I15M1D24M2D4M17D18M1I42M3D5M3D54M1D24M8D175M1I37M1I18M8D13M5D36M1D91M
32	3952	0.511	4.332E-91	42	927	931	1	928	929	235M1I89M1I16M1D89M17D21M3D17M10D20M2I235M1I24M15D26M1D109M
84	3932	0.516	1.264E-90	47	926	931	0	928	929	230M1I72M1D17M1I16M1D23M10D19M8D47M3D13M3D45M2D16M12D183M1I37M1I24M8D7M5D12M1I17M1D97M
104	3928	0.492	1.567E-90	0	928	931	0	937	938	44M32I201M1I89M1I16M1D27M11D48M4D9M3D19M2D21M2D29M6D231M1I24M5D5M10D25M1D99M1I6M
117	3779	0.390	4.580E-87	0	930	931	0	998	1003	5M2D261M3D11M3I13M1I16M14I12M7D34M4I50M2D97M2D15M22D18M1D89M1D122M1D16M5D43M7D17M37D90M
128	3738	0.410	4.117E-86	3	928	931	4	875	876	264M6D11M4I21M13I52M9I23M25I6M2I22M15I33M13I22M10D2M3I6M1D85M1I8M2D153M5D21M6D10M1D102M
92	3651	0.384	4.348E-84	5	930	931	1	1083	1084	275M3D27M23D7M3D6M2D14M1D35M6I24M27D18M13D4M2D109M3D16M6D96M2D126M1I10M44D7M3D25M16D9M9D1M8D17M3D86M4I3M
122	3539	0.362	1.752E-81	7	930	931	6	972	1001	259M6I54M2I23M22D18M8I27M7I20M4I21M1I28M3D25M2I25M11I11M4I2M1D77M1D117M1D22M4D12M5D13M36D20M15D9M5D73M5I18M
110	3504	0.482	1.142E-80	90	927	931	0	879	880	176M5I9M4D87M1I16M1D89M20D34M2D30M6D231M1I24M15D29M1D106M
8	3463	0.380	1.027E-79	0	930	931	0	1013	1016	3M2D264M2D59M8D8M2D10M10D27M3I45M1D26M5D20M5D29M3D20M5D45M6D85M2D137M4D3M12D11M1I5M5D32M1D9M17D79M3I7M
101	3422	0.365	9.228E-79	0	920	931	15	929	936	265M8I5M1D15M15I60M7I34M1D12M3I12M2I93M2D27M2D4M5D66M2D100M11D91M2D25M3D77M
18	3395	0.323	3.919E-78	5	925	931	1	1247	1248	272M4D16M1D33M25D75M43D21M1D6M1D97M14D102M1I14M1D126M1I12M139D10M84D4M8D9M1D38M6D84M
103	3391	0.440	4.855E-78	26	926	931	0	885	886	49M4I8M5I7M2I164M7I10M1D11M2D48M13I38M1I17M16I2M1I19M6I41M23D28M1I31M5D84M2D141M1D34M7D113M
81	3363	0.484	2.175E-77	39	841	931	7	821	885	238M1I69M2D20M1I15M1D34M14D36M8D83M2D232M1I21M12I40M
126	3307	0.351	4.367E-76	0	921	931	4	806	808	102M2I162M1D12M3I30M13I5M1I14M57I20M15I12M10I9M16I7M7I33M13I16M8D133M1I37M2I27M4I18M1D39M7D6M4D15M6D38M2I41M
100	3292	0.352	9.751E-76	1	930	931	0	799	806	266M11I21M20I11M65I11M1I3M1I4M13I25M4I8M7I47M2I9M2I28M2I79M1D2M1D81M2D4M5I2M5D31M2D15M3I20M5I84M1D28M1I9M
91	3262	0.355	4.863E-75	1	928	931	5	787	788	104M1D162M1D11M4D3M2I12M94I8M1I11M26I44M12I5M4I60M2I64M2I7M1D8M1D81M3I3M3I36M2I11M1D23M4I26M2I6M3I34M2D17M4D32M
114	3231	0.361	2.559E-74	5	925	931	5	928	929	215M1D45M10I8M4D27M1D38M2D23M3I17M2D132M1I98M1I1M3D85M5I11M3D119M7D82M
98	3211	0.344	7.468E-74	1	928	931	9	775	776	105M1D160M4D13M2D11M9I15M6I9M76I11M8I30M4I4M41I13M8I12M3I87M2I13M1D2M1D74M1I9M6I33M2I39M8I16M2I45M2D22M4D29M
97	3195	0.347	1.760E-73	1	930	931	22	785	786	105M1D160M4D11M3D13M9I13M4I32M11I6M35I20M18I12M8I11M49I17M20I5M2I63M3I13M1D2M1D84M6I33M2I16M2D8M7I7M2I12M3I58M1D16M2D26M2I6M
10	3166	0.337	8.317E-73	0	928	931	21	783	784	106M1D160M3D4M2D20M9I15M6I10M75I13M8I16M31I37M24I22M2I2M2I63M2I14M3D1M1I84M6I37M2I35M8I5M3I55M2D21M2D30M
124	3137	0.362	3.931E-72	5	917	931	1	708	713	258M3D6M12D15M36I7M11I8M51I11M47I9M6D11M11I10M23I15M17I4M3I2M2I40M1D24M1I16M2D82M1I32M2I33M15I10M3I11M6I44M1D6M1I29M
0	3132	0.341	5.139E-72	0	928	931	8	753	754	106M1D160M7D14M1I10M15I25M110I18M5I13M47I32M1D4M2I63M3I13M1D2M1D77M1D7M6I33M2I16M2D4M2D9M11I37M1I30M2D21M2D32M
96	3118	0.317	1.088E-71	5	930	931	38	944	948	30M5I225M3D11M5D34M5I24M2I15M18I13M4I6M5I16M6I24M2I17M38D70M6I20M1D63M4I14M2D49M1I32M1I65M7I8M1I37M1I85M
120	3116	0.355	1.211E-71	0	930	931	2	762	764	104M2I171M7I8M15I32M62I20M25I39M3I14M13I16M1D26M5I39M2D35M1D7M1D47M2I18M1D49M4I6M2I32M35I7M1I32M1I44M1D8M
7	3111	0.332	1.582E-71	0	930	931	0	821	857	3M3D100M1D162M5I15M3I33M3I43M3I7M26I6M1I28M4I18M52I18M13I17M2I39M2D43M3D46M2I17M1D20M6I34M2I24M4I8M1I31M7D39M2D43M1I9M
95	3097	0.330	3.350E-71	5	930	931	1	718	720	97M2I172M7I10M55I21M87I12M25I30M1I32M3D8M2I31M2D44M2D51M2I16M1D51M6I28M26I24M1I32M1I38M1I13M
89	3069	0.339	1.501E-70	3	930	931	5	760	777	101M1D162M64I18M10I11M5I11M22I24M6I6M3I13M40I8M8I11M7I5M5I17M2I39M2D37M3D4M1I49M2I16M1D13M3I2M4I27M3I21M2I52M2D45M2D39M4D10M
40	3052	0.337	3.730E-70	0	930	931	1	763	776	104M1D162M11I12M6D5M71I6M3I9M15I12M2I11M5I3M6I6M3I15M13I5M39I20M8I14M2I39M2D37M3D4M1I47M2I18M1D13M3I2M4I24M3I123M2D39M8D10M
63	3052	0.336	3.730E-70	3	930	931	5	766	778	98M1D165M7I12M30I3M7I4M29I13M15I23M6I8M17I24M3I7M30I21M22I13M2I39M2D43M2D46M2I17M1D16M7I24M3I47M5I23M1D44M2D43M10D10M
87	3036	0.332	8.789E-70	3	930	931	5	749	770	98M1D168M8D22M5I24M22I6M3I11M82I12M46I5M4I13M20I16M2I39M2D42M2D47M2I17M1D16M7I27M3I44M5I31M1D36M2D38M1D15M
88	3035	0.336	9.272E-70	3	930	931	5	752	770	263M11I13M64I14M5I12M5I2M1I21M17I18M44I3M30I19M1D14M3I39M2D37M3D4M1I49M2I12M1D19M7I24M3I55M1D22M1I45M2D39M4D10M
20	3020	0.324	2.071E-69	3	930	931	5	760	772	262M7I14M83I8M58I8M5D29M14I24M17I32M3I39M2D36M3D5M1I47M2I17M1D18M7I22M3I55M1D22M1I42M2D42M10D10M
37	3020	0.326	2.071E-69	2	930	931	0	815	829	13M2D144M1I105M4D12M5I9M5I33M2I20M15I3M9D11M16I17M19I15M14I14M17I12M18I5M2I29M3I40M2D40M1D2M1D49M2I16M1D13M1I11M2I22M4I21M1I13M10I72M2D38M2D13M
1	3019	0.326	2.185E-69	0	930	931	0	776	787	265M6I13M68I5M3I8M34I12M29I20M3I30M16I20M12I14M2I27M1D14M2D39M1D3M1D49M2I16M2D14M2I9M1D12M4I11M4I79M1I32M1D4M2D9M7D6M8D2M3D18M3D14M
2	2987	0.332	1.213E-68	4	927	931	9	780	781	102M1I54M1I104M36I17M1I16M44I19M11I6M27I14M6I10M17I30M2I34M6I38M1D31M1D10M2D49M1D11M1D6M4D65M4D8M28I12M1I9M4D48M3D11M5D12M3D27M
14	2973	0.347	2.567E-68	3	921	931	83	883	886	106M25I4M4I2M1D70M1D65M2I7M2I12M7I16M4I4M16I21M11I103M9I15M5I19M4I102M1D5M1D127M2I19M28I16M3I84M
125	2954	0.324	7.101E-68	5	916	931	27	805	813	262M2D26M2I3M10I9M8I7M18I19M18I6M16D27M14I42M43I12M1I27M6I58M10I5M3I128M2I22M2D10M5I7M6I9M3I10M4I70M
36	2947	0.327	1.033E-67	2	929	931	0	810	829	12M2D145M1I105M4D12M5I9M5I33M2I20M15I3M9D11M16I17M10I31M11I10M15I2M32I3M2I5M1I25M2I39M2D40M1D2M1D49M2I16M1D13M1I11M2I22M4I22M2D9M17I9M1D1M1D3M2D53M4D4M2I33M2I12M
123	2764	0.435	1.866E-63	44	745	931	0	713	715	222M11I42M3I10M1I22M3I11M7I18M4D61M2D22M19D46M1D36M8D152M1D21M2D14M
21	2718	0.361	2.193E-62	3	787	931	2	703	745	211M1D51M3I26M26I12M2I8M6I13M2I6M16I10M3I33M4I20M1I54M8I19M7I16M2I81M2D72M1I10M1I33M4I24M
121	2536	0.334	3.754E-58	11	805	931	1	618	619	256M6D24M6I17M23I14M2I10M6I2M4D12M66I11M47I15M13I3M21I1M2D4M1I22M1D17M2D38M2D50M2I16M2D14M2I9M3I21M4I43M
12	2509	0.328	1.594E-57	4	841	931	1	674	675	263M3I21M86I10M11I28M12I78M3I12M18I11M2I28M1I6M2D35M1D7M1I4M2I45M2I17M1D13M5I5M1I31M6I12M1I7M7I5M5I28M2I4M
9	2328	0.283	2.587E-53	3	930	931	5	626	639	98M1D164M7I14M151I12M11I13M44I3M21I14M8D8M6I4M61I4M9I43M2I17M1D14M2I4M5I25M3I44M5I28M1D39M2D43M8D10M
11	2192	0.320	3.770E-50	0	785	931	0	574	596	40M27I2M5I196M86I5M12I42M10I12M18I14M3I11M29I36M17I22M1D14M2D37M1D5M1D49M2I16M2D14M2I8M3I22M4I23M
19	1909	0.209	1.443E-43	2	930	931	9	734	735	29M1D19M2D43M1I9M1I44M1D11M5D6M8D18M3D5M1I25M2D51M5D14M1D12M33I3M30I4M29I9M33I40M71I17M3I13M2D6M2D46M1I14M1D5M2D79M3D3M1D35M1I6M4I31M11I35M19I17M1D8M1I6M6I13M2D8M
90	1383	0.173	2.481E-31	0	917	931	0	690	697	33M1I10M5I56M1I39M5D18M1I21M1I21M1D6M13I4M1I35M18D6M4D13M24I12M8I6M15I17M21I22M30I7M18I10M82I4M9I31M3I3M2D10M1D22M5D38M1I3M5D7M3I18M2D19M10I4M5I24M21I15M1I18M1D8M3I9M1D3M2D5M1I10M1D12M1D10M1D15M1D16M
4	1303	0.169	1.801E-29	2	921	931	0	687	688	8M1D38M4I53M1I37M3D4M2D16M1I22M1I20M1D3M3D9M12I37M7I37M32I17M4I15M10I7M1I14M27I27M29I15M40I9M3D1M2I6M5I28M3I11M3D2M1D9M2I10M5D8M1D5M2D26M6D3M2I8M3I16M2D16M1I7M7I5M4I8M2I13M6I5M61I11M3I2M2I14M3D25M3D11M1D10M
129	1222	0.166	1.380E-27	10	914	931	0	646	656	23M1I9M35I3M2D4M1D20M1I37M3D7M2D13M1I18M1I24M1D6M13I4M1I36M2I16M28I6M48I7M10D5M26I4M26I42M66I16M4D4M7I26M1I8M2I4M2D6M1D9M1D9M3D11M1D33M1D2M3D9M3I16M2D20M7I8M4I11M4I8M3I24M13I35M3D7M4I4M4I16M1D6M1D13M1D15M
99	951	0.249	2.777E-21	5	361	931	17	363	450	28M1I11M5I52M1I40M3D4M1D14M1I23M1I36M10I35M8D50M3I42M
17	822	0.170	2.781E-18	9	851	931	3	900	985	22M2I25M3I14M1I4M1D25M1I39M2D3M1D21M9D19M1I18M12D7M1D16M10D29M2I10M9D17M30D55M3D94M1D32M8D32M7D28M4D3M2D9M37D40M13I12M15I5M3I10M1D11M3D3M8D17M57I6M3I8M2D23M4D42M1D43M
93	643	0.147	4.055E-14	11	580	931	13	739	803	34M7I41M1I12M1I38M3D3M4D15M2I4M1I13M2D29M4I6M2I6M20D31M2I8M2D32M6D27M3D19M2D23M66D2M28D125M27D14M12D14M2D54M
 56	6910	1.00	0.000E+00	0	930	931	0	930	931	931M
51	6005	0.868	0.000E+00	0	921	931	0	921	932	323M2D18M2I100M1I56M1D422M
54	5926	0.852	0.000E+00	0	930	931	0	922	923	323M2D17M2D50M2I51M1I37M7I12M1D15M3I413M
43	5909	0.845	0.000E+00	0	930	931	0	930	931	324M2D69M1I106M1D7M2I422M
76	5879	0.838	0.000E+00	0	930	931	0	924	925	323M2D18M1I39M1I118M1D12M2I4M5I408M
41	5861	0.828	0.000E+00	0	930	931	0	923	924	292M3I28M2D10M1I84M1I24M1I59M1D14M1I267M1I6M2I137M
52	5858	0.837	0.000E+00	0	927	931	0	905	913	331M2I104M3I4M1I32M4I6M1I18M12I404M1D6M
50	5852	0.836	0.000E+00	0	928	931	0	905	906	323M2D67M2I51M21I36M1D15M3I411M
13	5849	0.844	0.000E+00	0	930	931	0	893	894	325M2D16M5I68M3I28M10I26M6I1M1I22M6I23M8I383M
71	5829	0.850	0.000E+00	4	921	931	16	924	934	319M2D25M1D42M2I51M1I37M7I12M1D15M3I404M
35	5810	0.835	0.000E+00	0	930	931	0	928	929	323M2D8M1D62M1I47M3I39M3I15M1D295M1D135M
45	5781	0.845	0.000E+00	0	930	931	0	926	927	323M2D25M1D42M2I51M1I27M2I27M1D15M3I413M
46	5776	0.829	0.000E+00	0	921	931	0	915	926	323M2D21M2I92M6I16M9I31M1D288M4I105M12D25M
3	5766	0.819	0.000E+00	0	926	931	0	881	882	333M2I5M13I91M1I32M4I6M1I22M13I20M11I373M
69	5758	0.819	0.000E+00	0	930	931	0	923	924	323M2D15M10I44M2I62M1D25M1D19M1D431M
49	5709	0.802	0.000E+00	0	930	931	0	861	862	333M2I5M13I92M25I7M4I6M1I22M13I17M11I380M
44	5690	0.808	0.000E+00	0	930	931	0	885	886	333M2I5M13I91M1I32M4I6M1I22M13I20M11I377M
109	5684	0.824	0.000E+00	0	925	931	0	914	915	324M2D158M1D18M1D12M7I28M3I250M1I36M4I85M
113	5603	0.800	0.000E+00	0	926	931	0	914	915	323M2D18M2I6M4I123M4I20M1D15M3I271M3I41M4I85M5D5M
57	5578	0.813	0.000E+00	0	921	931	0	920	931	303M1I19M2D25M1D79M1D73M1D15M2I7M1I28M2I367M
70	5571	0.789	0.000E+00	0	930	931	0	857	858	314M29I7D47M2I47M47I14M1D15M3I413M
77	5542	0.784	0.000E+00	0	930	931	0	923	925	323M2D18M1D43M1I116M1D6M10I274M2I133M2D5M
58	5507	0.808	0.000E+00	0	930	931	0	888	889	323M2D25M1D42M2I31M33I21M1I22M1D15M3I259M7I147M
116	5432	0.784	0.000E+00	0	921	931	0	886	893	323M2D21M7I4M1I25M4I91M4I6M2I13M10I5M4I269M3I27M1D14M4I21M1D64M
83	5394	0.773	0.000E+00	7	926	931	32	946	947	296M2I5M1D13M2D22M5I36M1D31M4D83M1D9M2D10M2I10M5I10M1I243M3I41M2D93M
82	5325	0.755	0.000E+00	5	926	931	30	946	947	2M1D299M1D18M2D23M4I36M1D30M4D83M1D15M3I13M5I10M1I6M1I235M3I42M2D93M
48	5314	0.748	0.000E+00	0	926	931	0	898	899	303M2I20M1D24M3I34M4I27M4D29M4I34M4I12M1D11M9I21M6I243M3I39M1D95M
47	5204	0.734	0.000E+00	0	921	931	0	809	820	325M2D15M3I50M1I26M12I7M27I14M48I25M1I260M22I86M
42	5009	0.690	0.000E+00	0	926	931	0	932	933	268M5I8M5D13M2I52M5I28M1I27M1I7M4D24M1I17M1I41M1D32M5D26M3I228M8D51M2D86M
78	4988	0.698	0.000E+00	0	926	931	0	939	940	294M1I28M2D16M1I41M1I27M1I8M4D29M1I12M1I39M1D27M4D18M2I236M1D15M7D44M2D85M
55	4972	0.739	0.000E+00	0	930	931	0	892	893	112M1I216M2D12M1D28M2I66M1I33M3I17M4I6M1D16M3I7M1D13M6D112M1I49M1I44M32I112M1I39M
23	4896	0.683	0.000E+00	0	926	931	0	934	935	294M1I34M1D19M6I27M1I27M1I8M4D23M1I15M1I36M1D52M3D12M2I2M2D219M1D17M7D35M2D94M
66	4818	0.655	0.000E+00	0	926	931	0	922	923	82M1D212M1I31M13I42M1I27M1I7M4D24M1I17M1I43M3D11M5I27M3D12M2I230M8D43M2D94M
130	4793	0.627	0.000E+00	0	926	931	0	982	983	275M1I21M3D26M2D18M2D53M1D15M10D6M1D10M6D57M2D15M5D4M1D12M1D15M4D5M1D17M2D246M14D37M2D94M
33	4515	0.520	1.130E-101	0	927	931	0	969	970	275M2I3M1D43M2D42M1I43M11D49M4D38M5D43M7D226M1I21M1D7M14D41M1D93M
30	4503	0.520	2.116E-101	0	927	931	0	971	972	275M2I3M1D43M2D24M2D18M1I39M5D14M6D41M4D4M5D2M2I27M1D27M3D5M7D25M2I212M1I23M15D45M1D93M
79	4501	0.678	2.349E-101	52	926	931	0	888	889	242M1I28M2D16M1I41M1I35M3D30M1I11M1I40M1D49M2D11M1D225M8D56M2D86M
115	4458	0.554	2.224E-100	0	926	931	0	981	982	275M1I18M3D36M4D52M1D29M10D18M3D34M1I12M3D23M6D23M5D8M1D23M2D237M16D42M3D95M
39	4453	0.512	2.889E-100	0	927	931	0	964	965	275M2I3M1D42M2D25M2D18M1I43M11D30M2I21M6D3M10D28M3I270M1I31M14D130M
112	4444	0.516	4.624E-100	0	930	931	0	970	971	275M2I3M1D43M2D36M1D48M3D14M8D44M8D75M7D226M1I23M14D16M1D18M1D100M3I4M
28	4442	0.523	5.134E-100	0	927	931	0	970	971	275M2I3M1D43M2D86M11D29M4D26M3D23M3D27M3D4M1D11M2D236M1I24M4D10M11D22M1D106M
38	4438	0.523	6.328E-100	0	927	931	0	968	969	275M2I3M1D43M2D24M2D18M1I43M9D55M7D30M1D43M7D229M1I20M1D5M14D39M1D97M
111	4433	0.534	8.219E-100	0	930	931	0	937	938	275M2I3M1D43M2D24M2D18M1I41M3I20M2I31M2I57M2D17M1I226M1I21M14D35M1D101M3I4M
85	4431	0.518	9.124E-100	0	927	931	0	969	970	275M2I3M1D43M2D42M1I43M11D49M4D6M5D19M1D56M6D226M1I24M3D8M12D24M1D106M
118	4430	0.535	9.614E-100	0	926	931	0	977	978	265M5I12M4D57M3D26M1I63M18D51M4D6M3I41M12D196M1I20M2D20M1I20M7D25M11D18M1D96M
67	4422	0.525	1.461E-99	5	928	931	6	963	964	260M5I12M4D42M1I15M2D7M2D18M1I48M11D13M4D20M2I32M3I10M7D18M6D27M1D225M1I36M10D34M1D87M1I6M
27	4421	0.520	1.539E-99	0	927	931	0	969	970	275M2I3M1D43M2D42M1I42M8D11M3D41M4D5M5D74M7D226M1I24M4D10M11D35M1D93M
53	4420	0.516	1.622E-99	0	930	931	0	963	964	266M5I12M4D40M2D24M2D18M1I43M11D54M4D35M4D22M1I18M1D227M1I18M5D5M10D29M2I14M3D89M3I4M
6	4418	0.521	1.800E-99	0	927	931	0	969	970	275M2I3M1D43M2D42M1I40M3D13M8D19M4D120M12D207M1I24M4D10M11D21M1D107M
31	4414	0.517	2.219E-99	0	927	931	0	969	970	275M2I3M1D43M2D42M1I40M11D52M4D100M12D207M1I22M4D12M11D35M1D93M
64	4413	0.512	2.338E-99	0	930	931	0	967	968	266M5I11M4D58M4D25M1I43M10D21M4D54M14D40M2I11M3I226M1I23M15D45M1D89M3I4M
24	4412	0.525	2.464E-99	0	930	931	0	969	970	275M2I3M1D43M2D42M1I43M11D51M8D24M1D55M7D226M1I25M4D9M11D22M1D102M3I4M
72	4400	0.536	4.614E-99	0	926	931	0	957	958	266M5I11M4D41M2D21M1D21M1I41M3I21M4D31M6D3M1D36M9D10M3D13M1I205M1I35M1I23M12D44M1D93M
59	4400	0.542	4.614E-99	0	929	931	0	981	982	6M1D259M10I5M9D14M3D35M4D55M1D36M17D47M4D15M1D8M5D15M2D14M10D26M4D185M1I54M1I8M1D35M1D7M1D94M
119	4397	0.511	5.397E-99	0	927	931	0	967	968	275M2I3M1D42M2D25M1D34M2I37M2D22M7D20M6D2M3D31M1D45M7D226M1I31M14D24M1D106M
106	4396	0.521	5.687E-99	0	927	931	0	969	970	275M2I3M1D43M2D42M1I55M11D43M7D23M3D27M3D3M1I26M4D219M1I23M3D11M12D24M1D106M
61	4393	0.523	6.653E-99	0	921	931	0	926	933	266M5I11M4D41M2D24M2D18M1I39M9I72M2I50M1I227M1I23M15D45M1D87M
29	4392	0.519	7.010E-99	0	927	931	0	969	970	275M2I3M1D43M2D42M1I43M11D49M4D13M12D294M1I24M4D10M11D35M1D93M
25	4383	0.519	1.122E-98	0	927	931	0	969	970	275M2I3M1D43M2D42M1I43M11D49M4D6M5D75M7D226M1I24M4D10M11D35M1D93M
15	4382	0.536	1.182E-98	0	920	931	36	977	983	274M1I35M1I41M1I12M1I31M1D10M1D17M10D42M1D17M8I26M1D12M3D30M2D169M1I39M1I30M15D28M2D16M1I77M
86	4381	0.517	1.246E-98	0	927	931	0	969	970	275M2I3M1D43M2D42M1I43M11D26M4D66M6D38M6D226M1I21M10D6M5D29M1D106M
127	4381	0.530	1.246E-98	0	926	931	43	1012	1013	266M5I11M4D41M2D21M1D21M1I50M3D12M15D39M1D41M12D222M1I36M1I20M1D3M12D21M1I23M1D91M
62	4379	0.517	1.383E-98	0	927	931	0	930	931	275M2I3M1D42M2D25M2D18M1I41M25I30M16D75M3I226M1I31M14D130M
5	4379	0.520	1.383E-98	0	927	931	0	969	970	275M2I3M1D43M2D42M1I43M11D49M4D100M12D207M1I24M4D10M11D22M1D106M
75	4377	0.514	1.536E-98	0	930	931	0	969	970	275M2I3M1D61M3D64M19D22M4I64M4D44M6D227M1I31M15D35M1D91M3I4M
107	4371	0.507	2.101E-98	0	927	931	0	968	969	268M2I10M1D43M2D42M1I54M2D22M7D21M11D59M8D17M1I219M1I30M15D138M
26	4366	0.523	2.729E-98	0	924	931	0	966	970	275M2I3M1D43M2D42M1I40M8D14M3D37M4D39M5D43M7D226M1I24M4D10M11D22M1D103M
105	4365	0.528	2.876E-98	0	927	931	0	962	963	268M2I9M1D44M2D29M2D13M1I42M8D14M6D69M2D2M2D27M1I34M8D211M1I26M8D38M1D97M
34	4346	0.521	7.765E-98	0	927	931	0	969	970	275M2I3M1D43M2D42M1I39M8D25M7D71M6D38M6D226M1I22M1D3M3D9M11D22M1D106M
131	4345	0.520	8.181E-98	0	921	931	0	889	896	266M5I11M4D41M2D24M2D18M1I40M9I12M2I13M1I16M6I14M12I2M32I7M10D234M1I23M14D20M4D25M1D87M
16	4337	0.541	1.243E-97	5	920	931	39	972	978	269M1I35M1I54M1I31M1D10M1D17M10D27M2I33M3I61M2D178M1I39M1I31M15D37M1I83M
22	4332	0.505	1.614E-97	0	927	931	0	957	958	268M9I5M8D42M1I15M2D25M1I34M4D56M20D20M1I43M5I14M1I223M1I21M10D5M4D29M1D109M
108	4323	0.515	2.584E-97	0	930	931	0	927	928	275M2I3M1D44M1I16M4D24M1I27M1I11M24I36M8D58M2D16M4D227M1I21M1D3M7D24M1I26M4D82M3I4M
94	4303	0.517	7.352E-97	0	927	931	0	923	924	266M10I4M9D44M1I18M3D11M1D11M1I15M1I54M13D14M1I10M5I10M2I12M4I19M7I31M7I210M1I21M3D2M11D40M4I92M
73	4201	0.527	1.522E-94	23	926	931	2	932	933	243M5I11M4D42M3D41M1I64M6D28M3D12M1D65M2D191M1I40M2I16M14D8M2D34M1D100M
68	4156	0.515	1.600E-93	2	926	931	7	900	901	9M10I7M2I236M5I11M4D41M2D24M2D18M1I41M3I36M4I14M3I19M25I11M2D206M1I37M1I24M13D31M1D105M
102	4145	0.490	2.843E-93	0	927	931	0	963	964	268M5I7M4D44M1I15M4D25M1I69M2D12M5D48M5D27M2D16M1D11M4D217M1I31M11D7M5D30M1D93M
60	4111	0.506	1.682E-92	5	929	931	1	993	994	10M2D16M10D7M3D227M10I5M9D17M3D50M2D45M1D28M17D47M4D15M1D8M1I21M18D19M4I24M5D169M1I56M1I19M8D32M2D93M
65	4101	0.522	2.837E-92	7	929	931	2	878	879	268M2I3M1D21M2D37M4D96M13D39M15I17M1I15M3D207M1I37M50I114M
74	4011	0.527	3.135E-90	7	915	931	1	924	926	268M2I3M1D50M1D18M1D17M1I39M14D9M3D32M4I10M4D13M2I15M2I24M1I7M3I204M2I34M2I16M8D30M1I11M1D75M2D14M
104	3962	0.494	4.062E-89	0	927	931	0	937	938	44M32I199M2I3M1D43M2D42M1I43M11D49M4D9M3D19M2D53M7D226M1I24M3D8M12D25M1D105M
80	3961	0.513	4.280E-89	42	926	931	1	930	931	234M1I46M2D7M1D35M16D19M2D44M1I38M1D36M11D8M1D25M1D192M1I38M1I23M13D43M1D93M
84	3923	0.518	3.121E-88	47	926	931	0	928	929	229M1I56M1D14M2D18M1I41M18D58M4D22M8D24M1D28M6D191M1I35M1I20M1D4M11D42M1D94M
32	3919	0.507	3.847E-88	42	927	931	1	928	929	233M2I3M1D43M2D42M1I40M11D55M4D3M5D75M7D226M1I24M4D10M11D21M1D107M
117	3842	0.394	2.154E-86	0	930	931	0	998	1003	5M2D261M1D13M1I43M5D51M9I48M2I72M8D26M12D26M1D86M1D126M1D12M5D39M9D21M35D90M
128	3759	0.414	1.651E-84	2	920	931	0	867	876	3M3D262M6D11M4I19M8I15M3I8M4I31M5I20M19I14M8I12M3I31M13I8M14I22M8D95M1I8M2D145M5D29M6D10M1D94M
92	3663	0.392	2.497E-82	5	926	931	1	1083	1084	275M3D26M1I33M3D49M1D29M1D16M3D17M2D6M2D15M8D8M12D20M8D22M20D3M2D5M7D16M6D96M2D123M1I13M47D30M16D10M7D5M11D20M2D83M
122	3574	0.355	2.620E-80	7	928	931	6	972	1001	261M6I69M29D24M1I15M30I18M3I25M5I15M1D80M4I79M1D116M1D38M6D17M15D6M3D16M33D7M8D61M2D12M5I9M
110	3531	0.483	2.480E-79	90	927	931	0	879	880	191M1I41M2D42M1I43M11D26M4D61M5D5M1D38M6D226M1I21M1D7M14D41M1D93M
8	3509	0.373	7.835E-79	0	928	931	0	1015	1016	5M2D262M4D7M4D6M1D54M5D5M3D32M5D27M2D69M6D53M8D39M6D85M2D137M18D20M2D32M1D9M17D75M1D12M
101	3479	0.374	3.760E-78	1	919	931	15	928	936	4M1D265M7I15M3I20M2I11M2I29M3D31M1I26M2I62M11I63M5D3M4I66M2D99M11D85M6D8M3I20M2D77M
103	3465	0.438	7.817E-78	26	926	931	0	885	886	49M4I8M5I7M2I164M7I10M1D11M2D41M11I50M2I42M8D21M30D26M2I13M1D6M13I14M21I84M2D141M1D34M7D113M
18	3431	0.327	4.624E-77	5	920	931	1	1242	1248	265M3I39M2I58M2I22M3D58M1D5M14D27M10D23M3D15M8D10M16D25M41D67M1I15M1D123M1I15M7D4M21D7M60D12M144D38M6D79M
81	3346	0.494	3.935E-75	39	841	931	7	821	885	236M2I3M1D43M2D24M2D18M1I41M3D12M6D38M3D38M4D45M7D226M1I23M12I40M
126	3331	0.347	8.620E-75	6	922	931	10	807	808	96M2I162M1D13M3I28M5I19M11I26M9I28M11I19M13I16M77I13M2D135M1I37M2I27M4I18M1D39M7D22M10D37M2I42M
100	3314	0.356	2.096E-74	0	929	931	0	799	806	4M1I260M11I17M25I14M2D38M4I7M20I23M9I6M3I13M13I18M43I31M2I79M1D2M1D85M3I4M5D31M2D17M3I18M5I78M1D43M
91	3311	0.350	2.452E-74	1	928	931	5	787	788	105M1D169M4D7M1I12M12I8M16I50M19I11M16I5M5I15M32I3M34I34M3I2M2I63M2I8M1D8M1D82M6I35M2I15M3I49M2I4M2I3M1I33M2D17M4D32M
98	3287	0.347	8.600E-74	1	928	931	9	775	776	105M1D173M1D9M2I25M1I4M2I13M20I5M9I16M11I9M22I9M11I12M5I8M67I86M2I14M1D2M1D74M1I6M1I3M5I33M2I13M4I17M4I24M1I14M1I32M2D22M4D29M
114	3252	0.370	5.360E-73	5	919	931	5	922	929	215M1D45M10I8M4D27M1D37M1I79M1I35M1I68M3D90M2D87M5I16M3D68M1I12M2D8M1D24M5D77M
124	3216	0.363	3.520E-72	5	921	931	1	712	713	258M3D5M10D16M136I9M6I29M8D6M30I9M19I14M3I8M5I2M2I40M1D24M1I16M2D82M1I33M4I4M2D26M1I4M15I17M8I44M1D6M1I33M
97	3216	0.341	3.520E-72	1	930	931	22	785	786	105M1D160M3D19M3I29M3I7M12I24M36I14M5I6M13I12M3I6M67I12M3I13M5I2M2I62M3I14M1D2M1D84M6I33M2I16M2D5M9I44M3I36M1D16M2D23M2I9M
120	3189	0.353	1.444E-71	0	930	931	2	761	764	104M2I215M1I4M3I40M10I18M15I7M33I24M15I13M47I6M5I35M2D39M1D7M1D47M2I18M1D50M4I3M2I14M5I14M8I6M22I7M1I32M1I52M
96	3169	0.326	4.108E-71	5	928	931	38	942	948	30M5I236M6D11M8I55M4I28M19I29M2I31M33D23M2I31M3I22M3I16M1D60M4I17M2D49M1I32M1I76M9I117M
10	3168	0.338	4.329E-71	0	928	931	21	783	784	106M1D160M3D17M29I7M35I8M8I14M25I9M5I27M15I12M21I15M13I26M2I6M2I63M2I14M3D1M1I84M6I37M2I31M8I32M3I32M2D21M2D30M
0	3157	0.352	7.694E-71	0	928	931	8	753	754	106M1D173M6D9M66I8M8I14M25I9M19I6M24I17M35I33M1D8M2I63M3I13M1D2M1D77M1D4M1I3M5I33M2I14M3D5M7I48M4I30M2D21M2D32M
95	3141	0.353	1.776E-70	5	930	931	1	719	720	97M2I172M7I9M15I3M38I14M9I12M19I10M2I16M65I9M13I24M4I19M2I31M2D44M2D49M2I18M1D50M4I3M2I14M19I14M7I22M1I32M1I52M
40	3134	0.340	2.561E-70	0	930	931	1	759	776	104M1D161M11I13M6D9M3D20M2I8M15I9M10I7M40I3M9I5M1D5M55I2M30I21M8I13M2I39M2D37M3D4M1I47M2I18M1D14M7I28M2I9M1I111M2D39M4D10M
7	3120	0.343	5.324E-70	0	930	931	0	825	857	5M3D98M1D162M8I47M1I13M9I14M1I11M19I7M5I27M3D10M4I19M57I4M8I15M1I15M2I39M2D43M3D46M2I17M1D21M6I30M2I66M2D44M2D38M3D15M
20	3103	0.342	1.295E-69	5	930	931	7	762	772	260M10I8M1I6M6D10M5D6M1I20M9I8M12I6M4I2M42I8M33I9M72I24M2I2M2I39M2D36M3D5M1I47M2I17M1D11M2I6M5I26M3I52M1D19M1I45M2D41M7D3M5D8M
1	3101	0.325	1.438E-69	0	930	931	0	779	787	267M6I48M4I47M161I25M1I1M2I3M1D22M1D13M2D40M1D3M1D49M2I16M2D14M1I22M4I12M2I5M2I73M1I32M1D4M2D5M7D10M8D2M3D18M6D14M
89	3090	0.340	2.555E-69	3	930	931	5	764	777	101M1D161M10I29M38I23M50I10M2I3M20I11M23I7M7I14M5I6M10I13M2I4M3I5M2I39M2D37M3D4M1I49M2I16M1D14M7I28M2I9M1I12M1I16M1D82M2D38M8D11M
63	3089	0.326	2.692E-69	3	930	931	5	772	778	98M1D168M9I26M5D10M2I31M91I20M32I2M37I31M2I39M2D43M2D46M2I17M1D16M7I27M3I47M5I20M1D44M2D42M16D11M
88	3068	0.333	8.070E-69	3	930	931	5	755	770	262M7I28M4D6M1I18M15I9M6I10M46I7M33I9M72I27M3I39M2D37M3D4M1I49M2I12M1D19M7I27M3I52M1D19M1I48M2D38M7D11M
87	3060	0.334	1.226E-68	3	930	931	5	753	770	98M1D168M8D22M5I44M6I8M17I12M29I9M9I8M11I3M105I3M2I39M2D42M2D47M2I17M1D16M7I27M3I47M3I10M1I55M2D42M5D11M
14	3035	0.353	4.530E-68	3	923	931	83	885	886	106M25I4M4I2M1D70M1D65M2I9M2I10M7I22M16I15M9I76M3D34M23I28M4I102M1D5M1D83M1D4M1I34M2I41M31I85M
37	3021	0.332	9.419E-68	2	930	931	0	819	829	13M2D144M1I105M2D14M3I14M11I31M20I5M17I14M20D18M19I11M6I11M6I5M19I4M4I9M15I6M2I29M3I40M2D40M1D2M1D49M2I16M1D22M3I25M4I24M10I14M1I67M2D35M1D8M5D8M
2	3000	0.349	2.824E-67	4	927	931	9	780	781	102M1I54M1I104M5I25M6I34M10I7M23I17M16I11M9I12M1I9M4I7M57I18M14I6M5I38M1D31M1D10M2D49M1D11M1D6M4D58M5D7M1I8M1D22M26I49M3D11M5D12M3D27M
125	2963	0.319	1.954E-66	5	923	931	27	812	813	262M2D29M24I11M2I26M5I4M17D22M1I10M19I8M7I17M37I19M20I31M6I61M13I120M3I9M1D19M5I6M7I7M4I105M
36	2959	0.330	2.408E-66	2	930	931	0	819	829	12M2D145M1I105M2D14M3I14M11I6M98I22M1D24M17D34M5I25M1I5M2I5M1I25M2I39M2D40M1D2M1D49M2I16M1D22M3I25M4I20M3D3M13I12M1I64M4D4M2I32M1D10M5D6M
123	2751	0.433	1.271E-61	44	745	931	0	713	715	256M1D18M2I68M1D18M2I11M1D44M12D28M2I218M1D21M2D14M
21	2713	0.351	9.270E-61	3	785	931	2	701	745	211M1D51M3I26M26I21M1I13M4I18M31I26M1D47M10I22M4I43M2I81M2D72M1I10M4D2M5I14M4I35M
121	2603	0.321	2.915E-58	11	802	931	1	618	619	255M6D33M59I20M55I10M3I4M13D12M2D13M57I6M21I1M2D4M1I22M1D11M2D44M2D50M2I16M2D14M2I9M3I23M4I26M3D12M
12	2580	0.334	9.701E-58	5	832	931	2	673	675	262M3I20M3I28M22I30M5I18M27I4M6I13M7I21M59I23M1I3M2I28M1I6M2D35M1D7M1I4M2I45M2I17M1D13M5I5M1I13M4I18M2I12M5I3M2I40M
9	2342	0.293	2.458E-52	3	930	931	5	628	639	98M1D168M17I4M59I11M23I7M18I7M18I13M7I9M15D8M175I45M2I17M1D14M3I4M4I25M3I47M5I20M1D44M2D42M10D11M
11	2184	0.335	9.504E-49	5	787	931	5	576	596	37M32I206M5D11M8I26M3I8M6I9M4I10M70I11M1I20M53I5M18I5M17I22M1D10M2D41M1D5M1D49M2I16M2D14M2I8M3I24M4I23M
19	1915	0.226	1.218E-42	5	925	931	12	732	735	26M1D18M2D44M1I9M1I44M1D11M5D6M8D18M1I3M3D27M2D51M5D14M1D11M33I12M7I6M15I13M36I6M33I11M58I11M5I14M12I14M2D6M2D46M1I14M1D5M2D82M4D38M1I12M1I7M8I16M6I34M19I17M1D8M1I17M1I10M
90	1386	0.174	1.248E-30	0	919	931	0	692	697	4M1I2M1D24M1I15M5I53M1I37M3D7M2D13M1I21M1I24M12I8M1I35M16D11M6D8M20I8M23I16M2I23M55I20M82I6M25I31M2I5M1I3M2D10M1D22M5D41M2D2M2D6M3I18M2D16M8I8M3I14M4I6M20I13M4I40M1D4M2D5M1I10M1D12M1D10M1D15M1D18M
4	1276	0.171	3.925E-28	0	921	931	0	687	688	4M1I43M4I53M1I37M3D6M2D14M1I22M1I22M4D10M12I38M9I8M59I20M1I5M5I42M6I17M26I4M40I26M1I22M2I6M5I28M3I11M3D2M1D8M2I7M2D1M6D4M3I5M5D7M2I21M6D3M2I8M3I16M2D14M9I5M3I23M2I7M6I5M60I2M1I9M3I2M2I14M3D25M3D11M1D10M
129	1252	0.164	1.377E-27	10	918	931	0	650	656	21M1I11M35I3M2D4M1D20M1I37M3D7M2D13M1I18M1I27M12I8M1I35M27D24M45I28M72I10M4I17M85I5M3I4M7I26M1I8M2I4M2D6M1D8M1D10M3D11M1D33M1D2M3D9M3I16M2D16M8I10M10I48M7I24M3I18M4I4M4I16M1D6M1D13M1D19M
99	972	0.264	3.134E-21	5	367	931	17	364	450	26M1I15M5I53M1I37M3D4M1D14M1I23M1I36M10I34M7D47M7I48M
17	866	0.174	7.996E-19	9	851	931	3	900	985	21M2I26M3I14M1I4M1D25M1I39M2D3M1D21M9D19M1I18M12D7M1D16M10D31M2I8M9D17M30D38M10D25M3D9M29D4M2D22M4D79M4D34M1D33M9D49M4I4M7I7M17I4M3I12M1D11M3D3M8D18M57I5M3I8M2D21M1D10M4D77M
93	637	0.144	1.266E-13	11	578	931	13	767	803	34M7I41M1I12M1I38M3D3M4D15M3I17M2D29M4I6M2I6M20D31M2I8M2D15M18D63M6D7M105D38M8D32M11D7M7D18M3D14M9D23M3D44M3D34M3D13M
 83	6921	1.00	0.000E+00	0	946	947	0	946	947	947M
82	6072	0.889	0.000E+00	0	946	947	0	946	947	22M1D304M2D42M1D174M3I32M1I369M
48	5635	0.840	0.000E+00	32	946	947	7	898	899	301M1I35M1D42M5I58M4I32M4I20M9I305M1I98M
51	5438	0.787	0.000E+00	32	945	947	7	925	932	295M2D6M1I41M3D27M1I36M4I23M1I69M2I9M2D10M5D13M1D245M3D36M2I93M
76	5436	0.783	0.000E+00	24	946	947	0	920	925	7M1I292M2D9M1I38M4D35M2I30M4I91M6I4M1I12M5D10M1D239M2D7M1D38M2I94M
56	5377	0.773	0.000E+00	32	946	947	7	926	931	296M2D5M1I13M2I22M5D37M1I30M4I83M1I9M2I10M2D10M5D9M1D244M3D41M2I93M
43	5348	0.777	0.000E+00	24	946	947	0	926	931	7M1I296M2D5M1I35M1D4M4D29M1I9M1I24M4I92M4I10M2D10M5D13M1D241M3D40M2I94M
54	5340	0.772	0.000E+00	32	946	947	7	918	923	295M2D6M1I38M7D34M3I30M4I23M1I32M7I29M2I8M1I11M5D10M1D248M3D36M2I94M
35	5330	0.769	0.000E+00	32	946	947	7	925	929	292M2D11M1I21M1D15M5D30M1I12M1I19M4I36M3I31M3I24M2I10M2D9M1I3M6D9M1D239M4D42M2I90M1D4M
71	5309	0.769	0.000E+00	31	944	947	18	927	934	296M2D6M1I38M6D34M3I30M4I23M1I32M7I29M2I8M1I11M5D10M1D241M3D43M2I92M
50	5298	0.766	0.000E+00	32	945	947	7	902	906	295M2D6M1I39M5D33M3I30M4I21M21I50M2I8M1I11M5D13M1D245M3D36M2I93M
46	5292	0.760	0.000E+00	32	944	947	7	918	926	295M2D6M1I41M3D27M1I36M4I21M17I8M2D47M2I9M2D10M5D13M1D240M1I40M2I64M12D28M
41	5290	0.745	0.000E+00	32	944	947	7	917	924	294M1I6M1I38M4D36M1I31M5I21M1I67M1D11M2I11M5D9M1D239M1D10M1I34M2I92M
13	5288	0.758	0.000E+00	32	946	947	7	889	894	295M2D6M1I73M1I28M7I23M1I6M9I12M7I25M1I9M6I14M3I8M1D244M3D40M2I94M
69	5285	0.767	0.000E+00	32	946	947	7	919	924	292M2D9M1I34M5I32M3I31M4I41M1D23M1D29M2I10M2D9M5D13M1D237M3D44M2I94M
113	5282	0.760	0.000E+00	29	944	947	5	907	915	2M1I295M2D6M1I40M1I32M1I33M4I55M4I28M2I10M1I12M6D295M6I87M
109	5253	0.778	0.000E+00	29	944	947	5	913	915	2M1I293M2D8M1I39M5D34M1I31M4I65M1D29M5I3M2I10M5D10M2I239M2D44M6I87M
45	5242	0.768	0.000E+00	32	946	947	7	922	927	295M2D6M1I38M6D34M3I30M4I23M1I26M2I40M2I8M1I11M5D10M1D248M3D36M2I94M
3	5240	0.738	0.000E+00	24	946	947	0	881	882	7M1I296M2D5M1I17M2I6M2I5M8I28M1I36M4I23M1I35M4I8M1I11M1I11M8I16M10I243M3D36M2I94M
57	5171	0.746	0.000E+00	32	945	947	7	924	931	341M6D34M1I33M4I8M1D83M2I6M1I25M1D6M3D236M3D39M2I93M
49	5167	0.735	0.000E+00	32	946	947	7	857	862	296M2D5M1I17M2I6M2I5M8I28M1I36M4I20M25I14M4I8M1I11M1I11M8I16M10I235M1I5M4D38M2I94M
52	5159	0.738	0.000E+00	24	946	947	0	903	913	7M1I296M2D5M1I17M2I6M2I12M5D29M1I36M4I20M4I35M4I8M1I11M1I7M7I29M1D233M3D48M2I94M
44	5140	0.735	0.000E+00	32	946	947	7	881	886	299M1D20M2I6M10I33M1I36M4I23M1I35M4I8M1I11M1I11M8I16M10I231M3D48M2I94M
77	5124	0.727	0.000E+00	32	946	947	7	917	925	295M2D6M1I37M6D34M2I34M4I16M1I30M1D67M4I243M1D46M2I93M
70	5085	0.706	0.000E+00	24	946	947	0	853	858	7M1I296M35I2M17D41M3I30M4I22M47I23M2I8M1I11M5D10M1D241M3D43M2I94M
42	5073	0.714	0.000E+00	24	946	947	0	932	933	7M1I301M1I37M2I38M2I16M1I40M1I14M1I72M1I7M12D14M3I231M7D6M4D127M
116	5069	0.733	0.000E+00	32	945	947	7	890	893	292M2D9M1I42M3I23M3I10M2I24M4I55M4I9M2I20M2I23M7I270M1D15M6I20M1D68M
23	5020	0.711	0.000E+00	32	946	947	7	934	935	340M2I39M2I14M1I41M1I12M1I73M7D9M4D13M2I229M7D9M4D127M
58	5010	0.737	0.000E+00	32	946	947	7	884	889	293M2D8M1I38M6D34M3I30M4I7M5D15M39I31M2I8M1I11M5D10M1D237M4I43M2I94M
78	4983	0.710	0.000E+00	32	946	947	7	939	940	339M4D36M2I20M1I42M1I12M1I45M2D8M1D25M5D241M5D8M2D7M4D127M
66	4821	0.673	0.000E+00	32	946	947	7	922	923	75M1D266M10I19M2I25M1I39M1I15M1I50M4I24M8D250M7D6M4D127M
47	4806	0.690	0.000E+00	24	944	947	0	812	820	7M1I295M2D6M1I35M2D33M1I12M1I21M9I5M7I13M27I8M19I12M16I8M8I7M1I232M3D22M20I7M4I83M
130	4772	0.635	0.000E+00	32	946	947	7	982	983	273M1I15M4D36M7D77M7D17M6D57M2D14M5D13M3D9M9D27M2D237M12D12M5D127M
55	4548	0.680	6.883E-103	24	946	947	0	888	893	7M1I105M1I189M2D6M1I39M6D17M2I15M1I31M4I24M1I26M3I19M4I16M3I22M13D112M1I49M1I44M32I8M3D43M2I58M1I35M
79	4515	0.692	3.894E-102	78	946	947	1	888	889	290M4D39M2I20M1I42M1I12M1I45M2D7M2D30M2D13M3D224M7D15M4D127M
59	4362	0.536	1.202E-98	24	946	947	0	978	982	266M12I5M11D24M4D24M7D73M5D18M6D11M2D34M4D17M1D8M5D26M21D209M1I54M3D141M
115	4350	0.559	2.257E-98	24	942	947	0	977	982	7M1I265M5I5M4D20M5D6M1I21M7D83M6D17M3D25M3I8M4D17M1D14M5D28M5D11M6D15M3D231M4D9M15D27M1D100M
15	4337	0.530	4.468E-98	0	940	947	0	977	983	20M8D4M3D267M1I83M2D10M1I46M1D7M3D12M3D39M3D29M3D32M1I27M1I169M1I39M1I18M18D48M1I84M
30	4331	0.506	6.123E-98	25	942	947	0	966	972	4M1D2M1I261M2I10M1D28M1D22M7D30M1I26M1I41M2I38M16D27M1D14M1D35M11D9M1D207M1I31M18D37M1I87M
127	4327	0.526	7.554E-98	15	942	947	28	1008	1013	16M5D269M1I24M1D49M6D11M1I30M1I10M6D26M8D37M3D20M3D37M12D204M1I37M1I19M15D14M1D7M1I21M1I90M
39	4325	0.507	8.391E-98	25	942	947	0	959	965	4M1D2M1I273M1I21M1D28M7D30M1I30M1I17M3I33M1I25M18D25M1D32M8D236M1I27M17D33M2I91M
67	4324	0.521	8.843E-98	32	942	947	8	958	964	265M5I5M4D20M1D37M3D4M3D11M1I36M1I22M3D50M9D32M1D13M4D39M8D216M1I29M13D36M1I87M
33	4309	0.517	1.944E-97	25	941	947	0	963	970	4M1D2M1I273M1I21M1D21M3I13M7D4M1D17M1I26M1I21M3I34M14D51M5D13M2I19M1D9M5D5M8D216M1I27M18D41M1I86M
118	4306	0.542	2.276E-97	29	946	947	5	977	978	2M1I268M1I26M1D42M6D16M1I30M1I13M6D18M8D58M4D6M2D15M5D34M7D186M1I20M2D21M1I18M6D5M11D12M3I4M7D9M1I105M
112	4296	0.508	3.848E-97	25	942	947	0	965	971	268M2I10M1D22M1D31M1D6M3D4M1D12M1D32M1I27M1D6M5D11M5D26M11D23M5D280M1I26M3D15M15D27M1I87M
16	4295	0.527	4.055E-97	0	945	947	0	977	978	20M6D4M3D267M10I5M9D68M3D11M1I41M1D12M3D20M4D49M1D241M1I39M1I21M12D7M6D29M2I4M1I92M
111	4287	0.526	6.173E-97	25	942	947	0	932	938	4M1D2M1I261M2I10M1D22M1D28M7D30M1I26M1I28M1D37M1I16M1I36M1D21M5I231M1I23M5D4M12D38M1I87M
72	4274	0.533	1.222E-96	29	942	947	5	953	958	2M1I268M1I24M1D39M3D14M2D38M1I10M6D25M3I22M19D65M2I207M1I37M1I21M15D41M1I90M
119	4259	0.506	2.686E-96	25	942	947	0	962	968	4M1D2M1I261M2I10M1D22M1D31M1D20M5D35M3I30M2I42M16D31M1D13M1D32M8D4M3D219M1I27M17D38M1I87M
6	4256	0.519	3.144E-96	29	942	947	5	964	970	2M1I261M2I10M1D22M1D31M1D8M3D2M1D17M1I26M1I21M3I34M14D19M3D22M2D15M4D29M8D230M1I31M18D37M1I87M
61	4254	0.520	3.492E-96	24	946	947	0	931	933	7M1I273M1I21M1D29M7D29M1I25M1I29M4I25M4I39M1D41M4I231M1I28M18D37M1I91M
64	4252	0.518	3.879E-96	25	942	947	0	962	968	4M1D2M1I273M1I21M1D31M1D10M6D17M1I25M1I35M6D9M4D52M1D11M4D16M5D41M4D213M1I28M18D37M1I87M
105	4250	0.520	4.309E-96	24	942	947	0	957	963	7M1I261M2I9M1D23M1D28M7D30M1I26M1I19M8D10M2D82M4D3M4D49M8D213M1I22M10D6M1D31M1I93M
38	4244	0.514	5.904E-96	25	942	947	0	963	969	4M1D2M1I261M2I10M1D22M1D28M7D30M1I30M1I15M6D8M3D37M15D4M3D29M2D21M1D22M5I231M1I28M18D31M1I93M
28	4244	0.512	5.904E-96	29	942	947	5	965	971	2M1I261M2I10M1D22M1D31M1D8M3D2M1D44M1I21M3I33M1I23M1I5M13D43M12D13M8D230M1I31M18D37M1I87M
85	4242	0.515	6.558E-96	29	942	947	5	964	970	2M1I261M2I10M1D22M1D31M1D16M4D11M1I26M1I21M3I33M1I23M1I4M13D42M5D15M2D9M8D6M5D215M1I31M18D37M1I87M
25	4237	0.515	8.528E-96	29	942	947	5	964	970	2M1I261M2I10M1D22M1D31M1D8M3D2M1D17M1I26M1I21M3I33M1I19M1D6M17D16M2D15M4D29M8D230M1I31M18D37M1I87M
29	4235	0.517	9.472E-96	29	942	947	5	964	970	2M1I261M2I10M1D22M1D21M3I13M7D4M1D17M1I26M1I21M3I34M14D19M3D33M2D11M10D16M2D236M1I31M18D37M1I87M
53	4223	0.523	1.779E-95	29	942	947	5	958	964	2M1I261M2I13M1D19M1D25M7D33M1I26M1I19M7D24M4D32M3D24M1I10M2D9M2I27M7D228M1I28M18D36M1I88M
31	4220	0.518	2.082E-95	24	942	947	0	964	970	7M1I261M2I10M1D22M1D21M3I13M7D4M1D17M1I26M1I19M8D8M3D50M3D22M2D15M4D29M8D230M1I15M5D5M1D10M12D38M1I87M
86	4214	0.512	2.854E-95	25	942	947	0	964	970	4M1D2M1I261M2I10M1D22M1D24M4D17M1D17M1I26M1I21M3I34M14D19M3D27M6D39M8D230M1I21M12D10M6D37M1I87M
5	4213	0.519	3.007E-95	25	942	947	0	964	970	4M1D2M1I261M2I10M1D22M1D31M1D8M3D2M1D17M1I26M1I19M8D8M3D50M3D22M2D15M4D29M8D230M1I31M18D37M1I87M
24	4213	0.515	3.007E-95	29	941	947	5	963	970	2M1I273M1I21M1D21M3I13M7D4M1D17M1I26M1I21M3I33M1I19M18D22M2D15M3D15M1D28M8D216M1I31M18D37M1I86M
27	4212	0.514	3.170E-95	25	942	947	0	964	970	4M1D2M1I261M2I10M1D22M1D31M1D8M3D2M1D17M1I26M1I19M8D8M3D37M15D73M2D236M1I31M18D37M1I87M
131	4203	0.510	5.085E-95	25	946	947	0	894	896	4M1D2M1I273M1I21M1D29M7D29M1I25M1I29M4I25M4I8M4I17M14I1M11D16M36I219M1I28M4D13M17D24M1I91M
22	4202	0.506	5.359E-95	24	942	947	0	952	958	7M1I268M2I5M1D18M3D8M2I29M3D47M1I70M20D23M1I14M3I27M1D29M1D207M1I21M11D10M6D37M1I87M
75	4191	0.519	9.549E-95	25	942	947	0	964	970	4M1D2M1I261M2I10M1D22M1D24M4D28M2D32M1I20M8D8M3D50M3D31M1D7M1D14M2D34M8D213M1I28M18D30M1I94M
34	4188	0.514	1.118E-94	29	942	947	5	964	970	2M1I261M2I10M1D22M1D24M4D17M1D17M1I26M1I14M8D13M3D50M3D27M6D39M8D230M1I31M18D37M1I87M
62	4181	0.511	1.614E-94	25	942	947	0	925	931	4M1D2M1I273M1I21M1D29M7D29M1I30M1I30M4I11M19D34M10I15M5I32M11I220M1I28M17D32M2I91M
106	4181	0.515	1.614E-94	29	942	947	5	964	970	2M1I261M2I10M1D22M1D31M1D8M3D2M1D17M1I26M1I21M3I19M1D34M16D26M2D18M2D9M10D241M1I33M18D37M1I87M
107	4180	0.507	1.702E-94	29	942	947	5	965	969	2M1I261M2I10M1D22M3D6M2I23M1D8M3D46M1I30M5I27M3D19M16D18M2D21M4D44M8D203M1I37M18D12M1I24M1I84M2D3M
108	4176	0.510	2.099E-94	29	942	947	5	922	928	2M1I273M1I21M1D39M3D2M3D17M1I20M2I25M3D24M8D19M7I73M13I217M1I24M1I7M1I42M14D81M
26	4176	0.517	2.099E-94	24	942	947	0	964	970	7M1I261M2I10M1D22M1D31M1D8M3D2M1D17M1I26M1I19M8D10M3D48M3D22M2D15M4D29M8D230M1I31M18D37M1I87M
94	4171	0.504	2.730E-94	29	942	947	5	918	924	2M1I258M12I5M11D20M3D6M2I31M3D2M3D17M1I20M2I24M7I20M8I7M3I10D28M1I29M4I31M1D216M1I24M1I9M1I40M13D81M
73	4157	0.536	5.694E-94	48	942	947	2	928	933	252M1I24M1D44M6D16M1I27M1I14M3I13M1I32M1I15M9D18M2D21M1D45M6D170M1I40M2I18M19D40M1I94M
68	4084	0.520	2.632E-92	42	942	947	9	896	901	4M3D7M2I245M1I24M1D31M1D14M6D15M1I30M1I12M6I9M1I27M2I17M9I12M3I23M11I200M1I39M1I18M16D44M1I90M
60	4046	0.509	1.936E-91	36	946	947	9	990	994	20M10D7M3D227M12I5M11D17M2D8M2D28M1I11M6D56M1D16M12D47M4D17M1D46M14D19M2D7M7D169M1I56M3D4M1D15M6D122M
102	4038	0.502	2.948E-91	24	942	947	0	958	964	7M1I268M1I26M1D39M3D2M3D17M1I30M1I136M1D15M11D9M8D209M1I21M11D6M1D4M2D5M5D20M1I99M
65	4020	0.522	7.586E-91	31	946	947	1	875	879	274M1I18M1D8M2D27M7D56M1I26M6I15M11D15M1I40M1I31M1I16M1I180M1I36M50I21M1D90M
74	3955	0.511	2.304E-89	31	945	947	0	915	926	269M2I3M1D20M1D44M5D10M1I33M1I14M2I24M2D40M11D23M2I61M1D172M2I31M2I29M11D17M1I19M1I65M17I10M
80	3901	0.528	3.927E-88	67	942	947	1	926	931	238M1I15M1D49M6D15M1I30M1I10M6D23M9D4M1I36M3D20M3D21M5D28M8D189M1I39M1I22M16D40M1I90M
84	3863	0.518	2.889E-87	72	942	947	0	924	929	233M1I19M1D49M6D11M1I30M1I15M6D18M8D41M3D16M1D6M5D14M2D34M13D190M1I37M1I22M16D18M1I21M1I90M
104	3825	0.488	2.125E-86	24	942	947	0	932	938	7M1I37M32I204M1I21M1D21M3I13M7D4M1D17M1I26M1I19M8D8M3D50M3D22M2D15M4D43M8D215M2D3M3I27M18D37M1I87M
32	3760	0.505	6.455E-85	67	942	947	1	923	929	226M2I10M1D22M1D31M1D8M3D2M1D17M1I26M1I15M1I18M8D9M4D21M19D12M1I27M3I30M2D235M2D3M3I16M6D10M12D38M1I87M
117	3758	0.406	7.169E-85	26	941	947	4	989	1003	5M1I259M1D15M1I32M1I6M8D46M1D11M7I10M2I14M2I18M4I62M12D31M12D22M2D89M1D126M1D13M11D11M3I21M9D9M18D14M15D81M
128	3680	0.407	4.310E-83	32	945	947	8	872	876	261M3D13M1I18M19I38M8I26M9I5M1I9M10I20M4I16M13I48M9D3M10I92M1I7M2D138M4D21M9D123M
92	3523	0.380	1.641E-79	29	942	947	0	1082	1084	276M3D31M4D17M20D23M3D10M2D16M6D60M9D35M2D41M10D12M3D12M4D16M15D85M2D126M1I9M45D28M21D16M18D97M3D3M
122	3496	0.362	6.776E-79	26	922	947	0	949	1001	267M6I43M21I19M3I11M23D6M2I52M1I14M3I44M1D63M3I79M1D116M1D26M10D14M46D14M11D17M1I72M
110	3431	0.476	2.058E-77	115	942	947	0	874	880	190M1I21M1D21M3I13M7D4M1D17M1I26M1I21M3I35M1D24M16D24M2D7M4D29M8D229M2D3M3I27M18D37M1I87M
8	3392	0.370	1.596E-76	29	942	947	7	1009	1016	2M1I260M4D7M4D6M1D24M5D13M7D50M6D63M1I32M9D29M2I15M4D10M11D121M2D137M18D17M5D32M1I10M17D75M1D6M
101	3378	0.355	3.328E-76	0	946	947	0	935	936	12M7I10M3I263M7I16M2I20M1I12M5I21M1I48M2I39M2D73M1I19M8I13M5D62M2D103M11D56M2I6M1D51M7D84M
103	3345	0.443	1.883E-75	51	946	947	0	885	886	49M4I10M5I5M2I164M11I5M5D31M3D27M5I7M3I23M3I60M4D26M16D9M1D21M8I30M7I11M2I81M2D141M1D42M4D18M4D86M
18	3283	0.317	4.885E-74	29	940	947	1	1242	1248	2M1I267M2I34M2I58M1I24M4D56M11D62M10D19M12D23M61D67M1I15M1D123M1I18M28D6M53D15M78D3M41D2M22D27M17D83M
81	3281	0.483	5.427E-74	64	861	947	7	820	885	229M2I10M1D22M1D28M7D30M1I30M1I27M9D46M2D30M1D14M8D22M4D233M1I18M9I29M3I13M
126	3245	0.340	3.594E-73	21	941	947	0	806	808	106M2I162M2D12M4I18M6I8M15I21M17I5M10I12M1D6M5I10M21I10M24I24M12I7M12I7M6I17M7D133M1I37M2I27M4I18M4D60M15D37M2I41M
91	3228	0.353	8.776E-73	29	946	947	9	785	788	2M1I98M1D170M3D20M66I9M14I31M27I45M4I12M20I14M2I17M2I63M2I8M1D8M1D82M1D8M7I29M2I38M3I28M3I2M1I33M2D17M4D30M
98	3207	0.343	2.644E-72	17	946	947	1	773	776	14M1I99M1D160M2D14M1I29M9I9M8I4M5I40M17I16M31I12M11I12M63I9M2I63M2I14M1D2M1D74M1I6M1I3M5I31M2I16M5I40M2I13M1I1M1I32M2D22M4D27M
100	3199	0.351	4.025E-72	27	939	947	0	789	806	5M1D258M11I20M16I18M14I14M9I18M8I8M4I22M7I24M15I24M7I7M31I14M2I79M1D2M1D85M3I4M5D31M2D20M1I15M4I16M2I62M1D33M
114	3183	0.360	9.325E-72	29	946	947	5	928	929	2M1I213M1D45M12I35M1I41M8D16M5D58M2I129M1D59M2D87M5I16M3D51M3D19M1I41M6D78M1I5M
97	3109	0.335	4.543E-70	18	942	947	9	779	786	6M1D5M5D2M1I99M1D160M2D44M9I10M19I40M18I12M4I7M31I25M64I7M2I62M3I14M1D2M1D84M6I31M2I18M2D15M6I26M2I8M3I36M1D16M2D26M
124	3103	0.352	6.226E-70	32	941	947	3	712	713	256M3D5M10D18M33I8M85I9M23I17M8D26M54I15M2I37M1D25M1I18M2D82M1I35M1I6M1I15M12I26M11I48M1D6M1I33M
10	3038	0.332	1.891E-68	18	942	947	1	777	784	14M13D99M1D160M3D15M2D9M5I15M9I11M74I9M7I5M8I14M26I39M21I19M1I3M2I63M2I14M3D1M1I82M1D8M7I30M2I18M5I46M5I31M2D21M2D24M
0	3029	0.341	3.033E-68	17	946	947	1	751	754	14M1I99M1D159M4D12M2D10M62I9M8I14M48I22M4I40M52I75M3I13M1D2M1D77M1D4M1I3M5I31M2I18M2D17M6I35M3I30M2D21M2D30M
120	3020	0.357	4.866E-68	20	942	947	0	753	764	9M3I95M2I169M1I4M6I9M13I9M1I21M46I17M22I4M20I23M2I14M2I12M8I4M7I12M6D25M3I35M2D39M1D7M1D47M2I18M1D50M4I5M2I12M35I23M1D3M1I32M1I44M
96	2992	0.313	2.117E-67	1	946	947	16	947	948	17M2D7M9I26M5I225M3D13M6I27M35I18M1D9M1I21M9I6M3I39M3I29M40D14M13D22M1I33M3D5M1D63M4I14M2D49M1I32M1I58M11I13M4D35M1I74M7D7M
95	2980	0.349	3.976E-67	29	942	947	1	712	720	2M1I95M2I172M7I16M33I25M7I6M43I8M1I7M9I8M4I34M68I4M3D4M1I32M2D32M1D13M1D48M2I18M1D50M4I4M2I11M16I14M7I24M3I32M1I38M1D6M
7	2971	0.348	6.379E-67	29	939	947	8	811	857	2M1I96M1D162M6I23M1I32M2I27M6I3M17I37M1I19M10I17M56I10M7I17M2I39M2D43M3D46M2I17M1D21M6I33M2I22M2D15M1D69M2D42M
89	2958	0.345	1.263E-66	29	942	947	7	749	777	2M1I97M1D162M12I10M44I16M4I18M10I9M39I19M44I19M2I21M8I10M3I2M2I39M2D37M3D4M1I49M2I16M1D14M7I28M3I19M1D15M3D41M3I41M2D34M1D7M
1	2947	0.333	2.250E-66	24	946	947	0	769	787	7M1I264M9I8M31I6M20I16M4I32M25I37M13I7M65I10M2I27M1D10M2D43M1D3M1D49M2I16M2D14M1I22M4I11M4I17M2I14M5D43M3I32M1D4M2D5M7D10M8D2M3D28M
63	2940	0.343	3.249E-66	22	942	947	0	749	778	9M1I94M1D168M11I16M56I10M7I12M18I13M15I5M4I28M11I16M2I13M38I12M2I39M2D43M2D46M2I17M1D16M7I27M3I60M3I52M2D38M1D7M
20	2929	0.335	5.790E-66	29	936	947	7	736	772	2M1I258M11I14M6D11M7D6M67I18M20I15M17I18M4I16M65I9M2I39M2D36M3D5M1I47M2I17M1D11M2I6M5I26M3I25M4D50M3I38M2D38M
125	2916	0.321	1.146E-65	2	936	947	6	805	813	10M4D10M11I257M1I11M3D16M7I13M2I3M26I6M17I22M16D27M7I3M7I54M28I9M15I14M7I61M7I3M6I128M2I10M8I12M5I36M2I72M
40	2915	0.341	1.208E-65	29	942	947	6	748	776	2M1I97M1D162M12I12M5D10M4D11M57I2M10I9M39I19M4I12M8I12M17I13M25I12M3I3M2I39M2D37M3D4M1I47M2I18M1D14M7I28M3I60M1D59M2D34M1D7M
87	2913	0.336	1.341E-65	29	936	947	7	734	770	2M1I94M1D168M8D22M4I25M15I16M22I17M1I5M67I16M69I8M2I39M2D42M2D47M2I17M1D16M7I27M3I19M14I26M2D20M9D36M2D39M
14	2911	0.335	1.490E-65	15	942	947	53	884	886	17M17D102M25I4M4I2M1D70M1D60M2I26M8I14M1I9M9I48M4I29M2I6M4I9M4I16M7I54M13I17M2I76M1D5M1D83M1D4M1I39M2I13M32I24M2D81M
88	2902	0.336	2.390E-65	29	942	947	7	741	770	2M1I258M12I10M57I19M1D52M37I10M4I16M64I10M2I39M2D37M3D4M1I49M2I12M1D19M7I27M3I60M1D59M2D34M1D7M
2	2877	0.320	8.885E-65	22	946	947	3	779	781	11M1I97M1I54M1I104M35I11M7I16M5I25M11I18M10I44M11I21M67I49M1D41M3D49M1D11M1D6M4D58M5D6M1I14M3I14M7I12M11I9M3I32M3D11M5D12M3D26M
37	2877	0.327	8.885E-65	29	940	947	3	801	829	2M1I8M2D144M1I105M2D16M3I23M19I25M12I5M45I9M26D17M12I33M6I4M6I13M6I6M16I15M2I39M2D40M1D2M1D49M2I16M1D13M1I11M2I23M4I17M5D2M12I14M1I17M1I9M1I41M2D36M2I3M
36	2868	0.334	1.425E-64	29	941	947	3	805	829	2M1I7M2D145M1I105M2D16M3I23M19I25M12I5M12I11M18D11M1I16M15I29M10I12M22I6M9I5M12I14M4I40M2D40M1D2M1D49M2I16M1D13M1I11M2I23M4I18M5D2M12I13M2I26M1I38M4D4M2I32M1D7M
123	2698	0.433	1.074E-60	69	766	947	0	713	715	221M3I55M2D28M1I31M1I36M2D16M1D27M13D11M1D48M1I184M1D21M2D14M
21	2666	0.353	5.767E-60	29	806	947	4	701	745	2M1I207M1D51M4I13M4D23M29I19M1I19M8I19M20I10M4I14M2I9M1I53M9I34M2I81M2D72M1I10M4D2M5I4M4I45M
12	2510	0.335	2.084E-56	29	850	947	2	673	675	2M1I266M3I15M4I10M24I24M38I18M24I10M9I37M10I12M10I8M6I16M1I4M2I28M1I6M2D35M1D7M1I4M2I45M2I17M1D13M5I5M1I33M6I10M4I43M
121	2504	0.324	2.856E-56	36	826	947	1	618	619	255M6D31M35I17M47I20M9D3M22I23M78I17M2I22M1D17M2D38M2D50M2I16M2D14M2I9M3I22M4I42M
9	2261	0.300	9.951E-51	22	941	947	0	609	639	9M1I94M1D168M17I2M5I11M48I10M115I14M49I18M62I3M11D6M13I44M2I17M1D14M3I4M4I25M3I20M9I17M3I28M9D38M2D44M
11	2157	0.321	2.343E-48	29	813	947	5	581	596	2M1I35M32I235M2I9M13I18M12I11M34I14M99I14M6I12M5I25M1D10M2D41M1D5M1D49M2I16M2D14M2I8M3I23M4I29M
19	1824	0.225	9.218E-41	32	945	947	14	732	735	24M1D18M2D44M1I9M1I44M1D11M5D4M8D21M2D30M2D8M3I8M3D32M5D22M8I17M31I4M8I3M23I3M84I33M36I19M4I12M2D6M2D48M1I12M1D5M2D82M4D35M1I15M1I3M2I43M1I11M29I17M1D8M1I17M1I10M
90	1357	0.179	4.127E-30	25	937	947	0	690	697	33M1I14M5I52M1I39M5D18M1I21M1I21M1D6M13I4M1I35M18D6M4D13M66I14M11I11M86I23M2I4M20I7M12I12M6I38M3I3M2D10M1D22M5D41M2D2M2D6M3I18M2D23M15I24M1I12M10I16M2I18M6I12M1I4M1I10M1D12M1D10M1D15M1D16M
4	1232	0.171	2.928E-27	27	929	947	0	674	688	8M1D41M4I50M1I37M3D4M2D19M1I19M1I20M1D3M3D9M12I39M62I24M2I22M22I13M2D18M1D14M22I6M22I1M2I11M11I6M9I17M4I11M3D28M3I8M1D5M3D14M2D2M7D2M6I6M5D7M2I24M2D8M2D2M3I16M2D14M9I6M3I16M2I13M6I4M60I12M3I2M2I14M3D25M3D9M
129	1146	0.153	2.679E-25	35	934	947	0	646	656	23M1I9M35I3M2D4M1D17M1I40M3D6M2D14M1I21M1I30M13I37M27D22M7I15M19I3M23I5M8I4M103I21M45I18M7I31M3I7M2D6M1D8M1D10M3D11M1D33M1D2M3D9M3I16M2D16M8I6M7I26M1I6M17I44M4I8M2D2M1I9M1D16M1D6M1D13M1D15M
99	945	0.258	1.028E-20	18	393	947	0	361	450	11M5D29M1I14M5I49M1I40M3D4M1D14M1I20M1I32M4I6M6I35M5D30M9I64M
17	861	0.176	8.472E-19	34	861	947	3	883	985	24M2I22M3D3M6I9M1I4M1D25M1I39M2D3M1D21M9D19M1I18M12D7M3D5M1I11M9D30M2I8M9D17M7D16M12D6M11D17M9D57M15D68M1D9M4D15M12D45M1D21M10D23M7D19M6I11M15I4M3I12M1D12M6D21M43I4M9I5M3I8M2D24M1I72M
93	653	0.129	4.698E-14	36	693	947	13	802	803	32M3D7M10I33M1I12M1I38M3D3M4D15M2I4M1I13M2D29M4I6M2I6M20D31M2I8M2D37M2D70M104D36M2D35M2D46M1D7M18D22M4D61M4I14M13I12M7D22M2I17M
 