11	4753	1.00	0.000E+00	0	595	596	0	595	596	596M
121	3205	0.639	1.441E-76	11	594	596	1	618	619	31M32D201M1D35M1I24M14I3M14D13M3D11M7I6M6D238M
1	3132	0.590	8.349E-75	0	595	596	0	629	787	42M32D197M1D4M3I8M1D11M2I51M2D36M3D242M
87	2615	0.426	2.559E-62	4	595	596	6	626	770	38M32D27M1D170M4D14M1I34M6D51M1D8M11I23M1I127M1I10M3I8M1D22M1D43M
7	2605	0.419	4.462E-62	4	595	596	7	697	857	38M32D29M1D182M5D7M26D4M9D21M6D54M2D18M15D23M1I59M1D69M1I11M1I29M2D20M3D25M
20	2602	0.442	5.272E-62	0	595	596	0	627	772	4M2D38M32D192M1D10M4D11M1I8M1D85M7I24M1I128M1I19M2I27M1D14M3D24M
37	2594	0.404	8.226E-62	2	595	596	0	707	829	13M2D27M32D85M1I108M15D7M3I18M1D20M1I6M37D23M2D26M11D18M10D22M1I128M1I10M1D9M1D42M9D25M
63	2593	0.436	8.696E-62	4	595	596	6	637	778	38M32D27M1D195M4D68M2D24M1D25M1I127M1I10M3I12M1D18M1D28M3D15M
120	2580	0.407	1.792E-61	2	595	596	4	673	764	40M32D30M2I164M1I60M24D26M3D14M12D19M8D22M1I128M1I13M5D32M2I15M1I23M
40	2559	0.451	5.761E-61	4	595	596	5	632	776	38M32D30M1D171M3D10M1I22M6I11M3I33M5D14M4D15M1D22M1I53M2D4M2I69M1I11M2I38M1D11M3D24M
88	2550	0.449	9.503E-61	4	595	596	6	625	770	38M32D191M4I5M4I23M3D42M4D17M1D21M5I4M1D22M1I128M1I10M3I8M1D27M1D12M3D26M
36	2548	0.403	1.062E-60	2	595	596	0	702	829	12M2D28M32D85M1I108M15D7M3I18M1D20M1I6M37D23M2D26M11D18M10D22M1I128M1I10M1D9M1D42M6D13M2I10M
89	2533	0.453	2.446E-60	4	595	596	6	633	777	38M32D30M1D191M3D14M1D20M1D51M3I5M1D24M1I53M2D4M2I69M1I11M2I38M1D11M3D24M
95	2457	0.405	1.675E-58	4	595	596	0	622	720	38M32D27M2I167M1I28M3I37M1I36M1I10M9D1M2I22M1I128M1I14M5D34M2I12M1I23M
124	2445	0.411	3.264E-58	5	595	596	1	625	713	37M32D190M2D12M7D20M1I29M7D33M13I7M8I1M1D24M1I11M1I29M1I67M2D17M2I26M4D22M2D13M4D26M
91	2445	0.394	3.264E-58	4	595	596	8	671	788	38M32D31M1D160M14D10M4I34M1D55M1I10M7D11M22D23M1I9M2I30M2I63M1D2M1D16M2I15M1I30M4D4M2I10M4D26M
100	2435	0.385	5.692E-58	2	595	596	1	683	806	40M32D205M10D7M9D12M2D34M6D19M11D10M6D24M2D5M1D22M1I10M2I97M2D16M2I14M9D10M2I20M4D7M2D35M
97	2426	0.405	9.390E-58	0	595	596	20	673	786	4M1D38M32D32M1D166M14D35M1D63M3D17M7D3M1D22M1I10M2I31M3I61M2D17M2I15M3D7M4I16M4D9M2I11M3D25M
0	2416	0.416	1.637E-57	4	595	596	12	638	754	38M32D32M1D166M8D71M2D36M8I4M1D21M1I10M2I28M3I64M2D18M2I10M1D5M1I31M2D16M3D25M
98	2416	0.388	1.637E-57	0	595	596	4	658	776	5M4D37M32D32M1D166M8D12M2D76M2D27M13D3M1D22M1I10M2I30M2I62M2D19M2I9M1I5M1I31M2D23M3D6M2I10M
10	2409	0.406	2.417E-57	4	595	596	25	670	784	38M32D32M1D195M5D4M10D29M3D30M1D5M3D19M1D26M1I8M2I26M2I67M2D18M2I15M1I32M2D14M3D14M1I11M
126	2318	0.356	3.811E-55	7	595	596	11	679	808	35M32D29M2I161M6I10M3D27M1D24M9D20M9D14M1D20M32D25M1I10M2I46M2I49M1D16M2I14M3D49M4D25M
12	2305	0.388	7.852E-55	3	595	596	0	663	675	39M32D219M2D23M2D28M6D34M8D9M21D1M1D27M2I43M1D6M5I70M1I19M1I25M2I29M9D10M
21	2290	0.343	1.808E-54	4	594	596	3	724	745	38M32D140M1D54M16D56M31D11M21D38M9D14M17D2M1D23M1I10M2I94M2D19M2I8M1I6M4D54M2D8M1D10M
128	2278	0.346	3.524E-54	4	595	596	5	741	876	38M32D199M5D28M5D8M8D19M26D35M16D27M48D22M1I15M2I33M1I58M2D15M2I14M1I7M5D15M1D11M4D41M
47	2276	0.350	3.939E-54	0	595	596	0	728	820	40M27D2M5D207M3D37M13D31M32D21M3D7M10D12M24D23M1I10M2I41M1I5M1I49M2D16M2I14M2D8M3D24M4D21M7D10M5D11M
70	2272	0.344	4.920E-54	0	595	596	0	731	858	40M27D2M5D193M6D8M3I24M42D17M9D5M16D24M1D13M11D5M3D24M17D22M1I10M2I41M1I5M1I49M2D16M2I14M2D9M3D23M4D21M2I19M
3	2262	0.328	8.580E-54	0	595	596	0	758	882	42M32D205M3D48M13D21M3D4M36D13M15D24M60D23M1I10M2I41M1I5M1I49M2D16M2I14M2D8M3D24M4D28M3I11M
131	2246	0.325	2.089E-53	0	595	596	0	759	896	42M32D201M2I10M2D21M23D11M10D36M16D15M5D6M54D11M17D25M1I10M2I41M1I5M1I49M2D16M2I14M2D8M3D23M3D22M4D21M
122	2245	0.319	2.208E-53	7	595	596	6	790	1001	35M32D228M96D23M10D7M6D19M7D29M37D32M1I10M2I47M1I49M2D16M2I14M2D14M3D18M5D18M2D24M
49	2244	0.340	2.335E-53	0	595	596	0	734	862	42M32D205M3D61M30D17M22D11M27D8M10D13M14D23M1I10M2I41M1I5M1I49M2D16M2I14M2D8M3D24M4D28M3I11M
50	2242	0.329	2.609E-53	0	595	596	0	787	906	40M9D2M23D193M6D8M3I43M21D12M55D14M31D14M22D8M3D21M17D22M1I10M2I41M1I5M1I49M2D16M2I14M2D7M2D5M1D20M4D20M4D22M
76	2242	0.315	2.609E-53	0	589	596	0	794	925	40M27D2M5D193M6D8M3I38M59D15M40D13M33D10M7D17M9D11M1D8M17D22M1I10M2I41M1I5M1I47M2D18M2I14M2D8M3D24M4D36M
44	2238	0.335	3.259E-53	0	595	596	0	758	886	42M32D200M5I18M3D13M48D13M1D10M17D14M12D24M24D16M30D25M1I10M2I41M1I5M1I49M2D16M2I14M2D8M3D24M4D28M3I11M
96	2236	0.350	3.643E-53	5	595	596	38	830	948	30M1I6M28D194M13D16M7D20M6D6M29D11M1I14M25D15M56D27M25D11M14D23M1I15M2I21M2I4M2I60M1D19M2I22M4D22M4D19M2D19M1I5M
111	2234	0.318	4.072E-53	0	595	596	0	801	938	42M32D201M2I10M2D20M72D23M15D6M32D11M36D8M2D7M2D7M8D18M4D25M1I10M2I41M1I5M1I49M2D16M2I14M2D8M3D23M3D43M
102	2233	0.318	4.304E-53	0	595	596	0	837	964	42M32D201M6I16M5D10M3D22M16D16M90D13M18D7M11D3M37D6M1D3M7D14M13D21M1I10M2I38M1I8M1I47M2D19M2I13M2D8M3D23M3D17M12D26M
108	2231	0.314	4.811E-53	0	595	596	0	795	928	42M32D201M2I19M5D18M29D15M16D18M21D14M22D12M21D14M53D25M1I14M2I35M1I7M1I49M2D16M2I15M1D7M4D23M3D43M
62	2230	0.312	5.086E-53	0	591	596	0	791	931	42M32D200M66D22M23D19M16D9M38D8M3D37M15D18M4D25M1I10M2I41M1I5M1I49M2D16M2I14M2D8M3D23M3D39M
52	2229	0.315	5.377E-53	0	595	596	0	787	913	42M32D205M3D48M7D7M36D23M22D7M66D25M18D23M1I10M2I41M1I5M1I49M2D16M2I14M2D8M3D24M4D16M4D26M
67	2229	0.306	5.377E-53	2	591	596	3	828	964	40M32D201M6I17M42D9M35D34M37D17M24D7M11D8M44D16M13D23M1I14M2I35M1I7M1I49M2D16M2I14M5D31M3D19M1D20M
48	2228	0.340	5.684E-53	0	595	596	0	781	899	42M32D201M5I17M3D11M3D10M33D3M5D15M7D11M10D14M82D14M6D12M5D25M1I15M2I39M1I2M1I49M2D16M2I14M2D8M3D24M4D24M1D18M
13	2223	0.332	7.506E-53	0	589	596	0	763	894	42M32D205M3D37M13D7M3D16M9D30M31D17M44D4M35D22M1I10M2I41M1I5M1I49M2D16M2I14M2D8M3D24M4D36M
94	2220	0.313	8.869E-53	0	595	596	0	800	924	42M32D201M2I25M25D16M9D31M13D4M2D13M2D7M7D9M54D5M52D25M1I15M2I34M1I7M1I49M2D15M2I15M2D8M3D23M3D22M8D21M
74	2219	0.305	9.376E-53	10	595	596	4	804	926	32M32D193M3I5M3I19M9D4M15D35M27D16M2D10M75D3M12D19M10D5M40D23M1I10M2I44M1I2M1I49M2D17M2I13M2D9M1D19M2D27M1I18M
30	2218	0.294	9.912E-53	0	595	596	0	834	972	42M32D200M66D22M23D11M3D31M2D10M55D39M55D25M1I10M2I41M1I5M1I49M2D16M2I14M2D8M3D23M3D43M
109	2217	0.328	1.048E-52	0	595	596	0	798	915	40M27D2M5D200M5I17M6D12M2D10M77D8M1D21M57D7M7D17M9D6M1D12M14D23M1I14M2I37M1I5M1I49M2D16M2I14M2D8M3D24M4D20M2I20M
45	2215	0.313	1.171E-52	0	593	596	0	798	927	40M27D2M5D193M6D8M3I43M5D9M7D23M136D13M3D24M17D22M1I10M2I41M1I5M1I49M2D16M2I14M2D9M3D23M4D21M2I17M
104	2214	0.319	1.238E-52	5	595	596	5	800	938	238M2I24M30D5M8D13M7D7M22D30M39D9M40D8M2D14M56D25M1I14M2I37M1I5M1I47M2D17M2I15M2D8M3D23M3D43M
43	2206	0.318	1.932E-52	0	595	596	0	804	931	40M27D2M5D196M86D5M12D30M9D11M1D13M18D14M9D25M14D12M9D10M17D22M1I14M2I37M1I5M1I49M2D16M2I14M2D8M3D24M4D21M2I19M
71	2206	0.313	1.932E-52	4	595	596	16	807	934	36M27D2M5D193M6D8M3I40M5D13M2D46M46D5M61D5M49D25M1I10M2I41M1I5M1I49M2D16M2I14M2D9M3D23M4D21M2I19M
38	2205	0.295	2.042E-52	0	595	596	0	834	969	42M32D200M49D18M42D28M9D11M82D38M15D18M4D25M1I10M2I41M1I5M1I49M2D16M2I14M2D8M3D23M3D17M3D26M
33	2205	0.306	2.042E-52	0	595	596	0	844	970	42M32D200M49D14M15D17M3D5M3D27M23D16M7D6M45D13M20D8M33D7M4D25M1I10M2I41M1I5M1I49M2D16M2I14M2D8M3D23M3D17M12D26M
116	2204	0.339	2.159E-52	0	595	596	0	776	893	40M27D2M5D196M38D4M52D3M3D17M3D23M1D17M9D9M12D28M9D6M1D13M17D22M1I14M2I40M1I2M1I49M2D16M2I14M2D8M3D24M4D42M
113	2203	0.315	2.283E-52	0	595	596	0	796	915	40M27D2M5D194M80D7M12D20M23D10M8D12M22D10M16D61M4D24M1I14M2I37M1I5M1I49M2D16M2I14M2D8M3D24M4D42M
69	2202	0.317	2.413E-52	0	595	596	0	814	924	40M27D2M5D193M6D8M3I40M5D12M22D4M3D18M27D9M17D6M25D5M48D3M1D15M17D22M1I10M2I41M1I5M1I49M2D16M2I14M2D8M3D24M4D18M15D24M
35	2201	0.316	2.551E-52	0	595	596	0	801	929	42M32D234M3D8M14D5M8D12M56D14M7D8M1D8M66D27M17D22M1I10M2I41M1I5M1I49M2D16M2I14M2D8M3D24M4D28M2I12M
15	2200	0.315	2.697E-52	7	595	596	43	857	983	35M32D192M6I25M5D13M2D9M38D6M12D21M14D13M9D5M37D14M45D9M26D25M1I10M2I46M2I49M2D16M2I18M1D4M3D31M3D9M10D26M
22	2199	0.304	2.851E-52	0	595	596	0	826	958	42M32D200M13D10M27D9M44D12M14D9M31D7M36D11M3D56M23D24M1I10M2I41M1I5M1I49M2D16M2I14M2D8M3D23M3D21M5D22M
39	2199	0.293	2.851E-52	0	595	596	0	839	965	42M32D200M66D25M57D20M6D11M51D38M15D19M4D25M1I10M2I41M1I5M1I49M2D16M2I14M2D8M3D23M3D20M3D17M7D6M
54	2196	0.320	3.369E-52	0	595	596	0	796	923	40M27D2M5D191M6D10M3I40M31D13M70D12M25D11M18D12M3D24M17D22M1I10M2I41M1I5M1I49M2D16M2I14M2D9M1I12M4D10M4D21M2I19M
115	2195	0.294	3.562E-52	0	595	596	0	851	982	42M32D202M50D37M24D18M48D13M12D17M22D12M27D4M14D12M14D23M1I10M2I44M1I2M1I49M2D16M2I14M2D11M3D20M4D21M9D22M
51	2193	0.310	3.981E-52	0	595	596	0	806	932	40M27D2M5D193M6D8M3I38M13D5M27D31M27D11M88D27M17D22M1I10M2I41M1I5M1I49M2D16M2I14M2D8M3D24M4D42M
119	2192	0.310	4.208E-52	0	584	596	0	824	968	42M32D201M6I16M43D10M35D14M14D17M7D14M7D7M45D28M56D25M1I10M2I41M1I5M1I49M2D16M2I14M2D8M3D23M3D22M4D10M
86	2192	0.303	4.208E-52	0	595	596	0	844	970	42M32D199M47D5M2D12M15D6M23D11M3D30M3D15M16D6M1D10M36D19M56D25M1I14M2I37M1I5M1I49M2D16M2I14M2D8M3D23M3D16M12D27M
2	2191	0.346	4.449E-52	1	595	596	6	674	781	41M32D28M1I58M1I114M2I34M10D19M8D21M3D35M6D25M1I14M1I45M1D49M3D7M1D7M2D18M5D32M8D16M1D26M
41	2191	0.323	4.449E-52	0	595	596	0	803	924	40M27D2M5D201M5I29M5D12M5D8M5D21M52D8M5D3M9D9M77D7M1D13M17D22M1I10M2I45M1I1M1I49M2D16M2I14M2D8M3D24M4D20M1D22M
61	2188	0.313	5.257E-52	0	595	596	0	799	933	42M32D201M2I10M2D20M72D23M15D8M7D15M7D6M10D9M5D11M32D8M17D25M1I10M2I41M1I5M1I49M2D15M2I15M2D8M3D23M3D22M4D21M
72	2187	0.306	5.558E-52	0	595	596	0	824	958	42M32D200M4I2M37D6M57D54M2D7M1D12M1D7M16D18M38D5M47D23M1I10M2I46M2I49M2D17M2I21M4D21M3D45M
56	2186	0.323	5.875E-52	5	595	596	5	808	931	37M32D205M3D43M3D8M6D9M19D15M39D9M35D11M12D6M23D4M18D6M17D22M1I10M2I41M1I5M1I49M2D16M2I14M2D8M3D24M4D20M2D22M
112	2186	0.307	5.875E-52	0	595	596	0	832	971	42M32D201M2I10M2D21M23D14M10D31M16D17M6D3M35D9M15D5M98D25M1I10M2I41M1I5M1I49M2D16M2I14M2D8M3D23M3D17M1I25M
64	2184	0.289	6.567E-52	0	595	596	0	834	968	42M32D200M98D6M24D39M43D20M19D13M4D37M12D23M1I10M2I41M1I5M1I49M2D16M2I14M2D8M3D23M3D22M4D21M
46	2183	0.321	6.942E-52	0	595	596	0	792	926	40M27D2M5D196M84D13M6D32M44D21M9D27M1D27M17D22M1I10M2I41M1I5M1I49M2D16M2I14M2D8M3D24M4D42M
24	2182	0.299	7.339E-52	5	595	596	5	844	970	37M32D196M49D18M15D8M23D24M16D23M44D20M18D16M33D8M4D25M1I10M2I41M1I5M1I49M2D16M2I14M2D8M3D23M3D16M12D27M
85	2182	0.303	7.339E-52	5	595	596	5	832	970	37M32D201M2I10M2D20M23D19M42D32M23D24M63D7M51D23M1I10M2I41M1I5M1I49M2D16M2I14M2D8M3D23M3D43M
127	2182	0.297	7.339E-52	2	595	596	45	879	1013	40M32D201M3I24M31D12M62D16M2D19M13D17M44D14M11D9M47D23M1I13M2I41M1I2M1I47M2D19M2I13M2D9M2D20M3D45M
16	2181	0.309	7.759E-52	7	595	596	41	848	978	35M32D199M6I20M1D3M22D7M7D11M16D5M12D23M72D18M9D9M21D12M27D25M1I10M2I46M2I47M2D18M2I22M4D31M3D13M4D22M
118	2180	0.306	8.202E-52	0	595	596	0	841	978	42M32D202M2I9M6D10M75D24M7D14M15D17M4D14M44D23M58D23M1I13M2I41M1I2M1I47M2D19M2I13M7D2M2D14M3I11M3D23M3D21M
31	2179	0.296	8.671E-52	0	595	596	0	832	970	42M32D200M49D14M15D8M23D19M15D11M1D16M44D21M12D24M43D25M1I10M2I41M1I5M1I49M2D16M2I14M2D8M3D23M3D43M
130	2179	0.310	8.671E-52	0	595	596	0	846	983	42M32D202M2D31M3D11M12D17M37D13M107D3M27D10M8D28M19D23M1I10M2I41M1I5M1I49M2D16M2I14M2D8M3D22M4D44M
107	2178	0.291	9.167E-52	0	595	596	0	844	969	42M32D193M2I5M4I19M84D24M8D16M7D16M7D6M45D13M33D15M24D25M1I10M2I41M1I5M1I49M2D16M2I14M2D8M3D23M3D16M12D27M
78	2177	0.314	9.692E-52	0	595	596	0	811	940	42M32D192M2I7M3I19M5D9M36D5M34D8M7D5M10D7M24D59M67D22M1I15M2I36M1I5M1I49M2D16M2I14M2D8M3D24M4D19M2D23M
42	2175	0.325	1.083E-51	0	595	596	0	803	933	42M32D192M2I7M3I20M6D20M11D3M24D15M33D11M59D13M17D30M26D22M1I15M2I36M1I5M1I49M2D16M2I14M5D32M4D32M1D10M
75	2175	0.302	1.083E-51	0	595	596	0	832	970	42M32D201M2I10M2D23M72D30M22D9M42D11M11D27M55D25M1I10M2I41M1I5M1I49M2D17M2I13M2D8M3D23M3D43M
77	2173	0.320	1.211E-51	0	595	596	0	801	925	40M27D2M5D201M5I16M8D7M61D32M3D23M5D10M16D19M48D3M32D22M1I10M2I41M1I5M1I49M2D16M2I14M2D8M3D19M7D8M3I12M2D24M
59	2173	0.301	1.211E-51	0	595	596	0	856	982	7M1D35M32D200M4I2M2I15M6D13M36D8M38D22M16D6M4D18M29D11M7D9M48D5M47D23M1I10M2I44M1I2M1I47M2D18M2I14M4D32M4D42M
57	2171	0.320	1.353E-51	0	594	596	0	808	931	40M27D2M5D200M5I17M5D12M2D11M22D13M9D21M60D10M53D13M13D14M15D22M1I14M2I37M1I5M1I49M2D16M2I14M2D8M3D24M4D16M4D25M
82	2170	0.325	1.430E-51	7	595	596	33	826	947	35M32D233M4D15M4D6M7D19M49D14M96D15M6D12M4D24M1I15M2I36M1I5M1I49M2D16M2I14M2D8M3D24M4D28M1I13M
58	2169	0.323	1.512E-51	0	595	596	0	771	889	40M27D2M5D193M6D8M3I43M5D11M26D16M68D6M18D12M3D24M17D22M1I10M2I41M1I5M1I49M2D16M2I14M2D8M3D24M4D42M
106	2166	0.308	1.787E-51	5	595	596	5	846	970	37M32D200M49D16M15D6M23D11M3D23M14D35M40D8M2D11M5D5M51D23M1I10M2I41M1I5M1I49M2D16M2I14M2D8M3D23M3D16M12D18M2D9M
27	2164	0.304	1.997E-51	0	595	596	0	832	970	42M32D199M47D5M2D12M15D13M6D24M33D15M44D22M44D13M7D10M4D25M1I14M2I37M1I5M1I49M2D16M2I14M2D8M3D23M3D22M4D7M4I10M
23	2163	0.325	2.111E-51	0	595	596	0	803	935	42M32D192M2I7M3I19M2D40M28D11M41D13M16D21M20D8M71D22M1I15M2I36M1I5M1I49M2D16M2I14M5D32M4D30M1I11M
6	2161	0.303	2.360E-51	5	595	596	5	832	970	37M32D200M49D16M15D6M23D25M16D21M44D22M1I19M5D5M51D23M1I10M2I41M1I5M1I49M2D16M2I14M2D8M3D23M3D43M
117	2160	0.315	2.494E-51	3	595	596	5	834	1003	39M32D191M4D3M12D4M32D4M2D4M13D9M14D6M5D9M3D21M66D8M4D34M21D23M14D22M1I13M2I41M1I52M2D16M2I25M5D21M4D7M1D9M9D26M
53	2159	0.300	2.637E-51	5	595	596	5	826	964	37M32D200M49D16M17D6M23D19M19D7M16D6M42D8M18D33M8D19M4D24M1I10M2I41M1I5M1I49M2D15M2I15M2D8M3D23M3D22M3D10M3I8M
83	2158	0.316	2.788E-51	5	595	596	29	821	947	2M1D35M32D235M2D9M13D3M24D15M22D28M7D24M47D2M56D22M1I10M2I41M1I5M1I49M2D16M2I14M2D8M3D24M4D28M6I8M
34	2155	0.305	3.294E-51	5	595	596	5	832	970	37M32D200M49D16M15D6M23D20M3D21M3D15M16D6M1D10M36D19M56D25M1I14M2I37M1I5M1I49M2D16M2I14M2D8M3D23M3D43M
25	2149	0.295	4.599E-51	5	595	596	5	844	970	37M32D200M49D16M15D6M23D25M16D21M44D21M12D24M43D25M1I10M2I41M1I5M1I49M2D16M2I14M2D8M3D23M3D16M12D27M
8	2148	0.304	4.862E-51	4	595	596	6	862	1016	38M32D191M3I10M19D17M16D12M17D19M35D8M77D25M26D10M25D5M3D15M4D23M1I10M2I97M2D17M2I13M6D2M1I36M4D9M6D6M2D20M
105	2147	0.304	5.140E-51	5	595	596	5	833	963	37M32D193M6D7M4I20M34D13M36D11M16D16M5D6M1D8M89D12M8D16M7D7M4D25M1I10M2I41M1I5M1I49M2D17M2I13M2D8M3D23M3D22M1D21M
28	2146	0.303	5.434E-51	5	595	596	5	845	971	37M32D201M6I17M42D21M3D15M10D12M17D9M10D9M12D6M1D12M15D5M99D25M1I10M2I41M1I5M1I49M2D16M2I14M2D8M3D23M3D16M12D27M
66	2144	0.311	6.073E-51	0	595	596	0	796	923	39M33D195M2I7M3I33M22D35M28D5M3D8M66D6M19D25M27D22M1I10M2I44M1I2M1I49M2D16M2I23M5D25M2D5M2D14M4D21M
29	2144	0.299	6.073E-51	5	595	596	5	832	970	37M32D200M49D14M15D8M23D25M16D21M44D21M12D24M43D25M1I14M2I37M1I5M1I49M2D16M2I14M2D8M3D23M3D43M
5	2135	0.294	1.002E-50	0	595	596	0	844	970	42M32D200M49D16M15D6M23D25M16D21M44D21M12D24M43D25M1I10M2I41M1I5M1I49M2D16M2I14M2D8M3D23M3D16M12D27M
26	2134	0.301	1.059E-50	5	595	596	5	832	970	37M32D200M49D16M15D6M23D11M3D23M13D12M44D22M44D13M7D10M4D25M1I10M2I41M1I5M1I49M2D16M2I14M2D8M3D23M3D43M
92	2128	0.280	1.479E-50	4	595	596	0	906	1084	38M32D191M2D9M4I17M31D15M47D6M60D14M44D8M10D40M58D9M4D26M1I9M2I95M2D19M2I21M5D21M3D17M24D16M2D12M
65	2109	0.302	4.253E-50	7	581	596	2	789	879	35M32D198M6I20M5D14M30D12M14D10M3D12M78D20M17D8M5D15M34D23M1I10M2I44M1I2M1I47M2D18M2I14M4D32M5D8M3I17M
125	2095	0.345	9.265E-50	4	595	596	26	715	813	37M30D2M2D194M4I9M1D29M19D12M17D2M13D4M10D19M2D16M15D48M1I10M2I26M1I1M5I5M8I1M1I49M2D17M2I13M2D7M2D6M1D19M2D22M4D20M
68	2091	0.324	1.157E-49	42	595	596	67	766	901	200M4I2M37D7M6D17M6D35M1D14M3D12M35D15M10D10M50D22M1I10M2I44M1I2M1I47M2D19M2I21M4D21M3D45M
18	2069	0.306	3.933E-49	4	595	596	0	893	1248	38M32D201M22D14M29D5M47D29M12D9M26D15M32D14M39D6M11D5M45D15M1D25M1I13M2I30M1I13M1I49M2D16M2I14M1D7M3D6M1D18M6D4M3I9M3D27M
55	2066	0.312	4.648E-49	0	595	596	0	784	893	42M32D40M1I159M5I16M5D13M3D11M22D13M55D15M6D10M63D16M7D17M17D22M1I10M2I41M1I5M1I10M1I38M2D8M1I7M2I14M2D12M12I21M2D29M
73	2053	0.300	9.576E-49	24	595	596	3	802	933	18M32D200M12D18M26D12M6D33M52D30M14D16M28D7M50D22M1I10M2I46M2I49M2D17M2I13M1I7M5D20M2D25M7D21M
60	2045	0.267	1.494E-48	11	595	596	9	872	994	20M8D11M37D200M100D19M55D4M16D30M3D34M23D9M4D6M5D11M14D25M1I15M2I39M1I2M1I47M2D18M2I14M4D32M4D20M11D22M
84	2035	0.300	2.606E-48	42	595	596	27	795	929	200M25D10M15D22M4D30M13D6M36D10M12D22M16D10M63D5M29D23M1I10M2I41M1I5M1I49M2D17M2I21M4D21M3D45M
81	2007	0.294	1.236E-47	42	595	596	42	802	885	193M6D4M146D20M5D16M20D31M4D31M15D18M4D25M1I10M2I41M1I5M1I49M2D15M2I17M2D6M3D23M3D17M4D26M
80	2006	0.299	1.307E-47	42	595	596	33	797	931	201M100D3M8D8M30D6M3D29M29D20M35D47M3D24M1I10M2I44M1I2M1I47M2D19M2I21M4D21M3D24M1D21M
79	2000	0.321	1.825E-47	42	595	596	22	761	889	192M3I7M2I19M5D11M20D18M49D9M7D12M22D16M43D27M38D22M1I15M2I36M1I5M1I49M2D16M2I14M5D32M4D16M3D26M
32	1994	0.309	2.548E-47	42	595	596	33	791	929	193M6D4M43D19M15D6M23D19M15D11M1D12M1D27M40D8M2D11M5D5M51D23M1I10M2I41M1I5M1I49M2D16M2I14M2D8M3D23M3D43M
101	1973	0.275	8.191E-47	4	595	596	19	810	936	41M32D200M8D5M36D12M27D20M6D22M15D8M15D7M2D40M42D21M1I10M2I27M2D12M1I7M1I49M2D17M2I13M13D8M3D25M4D41M
14	1964	0.328	1.351E-46	4	595	596	84	801	886	38M32D35M30I10M2D65M1D54M14D7M3I18M20D16M61D28M14D9M11D31M3I5M1D24M1I13M2I94M2D17M2I14M2I8M7D20M2D18M2D25M
123	1940	0.324	5.132E-46	42	522	596	30	690	715	197M1I26M32D9M82D10M14D4M30D30M5D7M4D9M1D23M17D22M1I10M2I44M1I2M1I47M2D17M1I17M
110	1903	0.299	4.017E-45	58	595	596	0	742	880	184M49D16M15D6M23D14M12D10M4D22M44D24M1D21M54D25M1I14M2I37M1I5M1I49M2D15M2I15M1I10M6D20M3D43M
114	1887	0.274	9.780E-45	4	595	596	4	813	929	38M32D146M1D46M10D16M71D20M15D4M48D31M16D30M10D46M1I9M2I27M2D14M1I5M1I49M2D15M7I12M8D30M4D14M11D28M
103	1871	0.289	2.381E-44	26	595	596	0	759	886	19M27D1M1D9M5I7M2I203M12D18M16D10M15D26M6D8M19D17M89D4M4D25M1I14M2I42M1D2M1I48M2D17M2I21M5D23M4D19M2D24M
9	1832	0.355	2.083E-43	4	594	596	6	498	639	38M32D27M1D207M39I11M22I2M28I1M14D3M42I4M15I66M1I11M4I9M2D19M1D17M3D25M
19	1444	0.231	4.892E-34	5	595	596	12	658	735	28M1D8M34D20M1I9M1I42M1D15M2D5M11D17M3D2M1I29M2D68M6I56M1I33M11I16M4D6M1I10M2I26M1I19M1I8M2D42M2D16M2I14M3D2M2D21M11D17M6D34M
129	1310	0.219	8.430E-31	15	595	596	5	558	656	18M1I8M3I8M3D16M1I46M5D16M1I20M1I24M1I4M11I4M1I37M4I6M4I14M9I3M16D14M1D15M2I25M17I13M5D21M1I6M3I8M2I6M2D4M1D11M1D15M1I5M3D34M4D9M1I34M6I30M1I22M3D14M
90	1272	0.202	6.976E-30	7	595	596	7	600	697	5M1D2M1I18M1I7M24D7M3D21M1I47M5D15M1I20M1I24M1I4M11I4M1I37M1D3M19D13M9I17M3I39M3D9M8I7M13I26M1I6M3I5M2I3M2D10M1I4M3D24M2D33M1I3M5D8M1I35M6I25M6D8M3I31M
4	1226	0.228	9.006E-29	2	559	596	1	599	688	4M1I3M1D32M28D29M1I39M3D6M2D14M1I21M1I23M4D10M12I60M1D33M9D21M1I40M2D7M9D5M1D17M1I11M5I9M3D4M1D8M2I12M4D5M1I4M2I2M5D29M4D10M1I37M7I27M
99	956	0.229	2.989E-22	2	444	596	14	448	450	31M1I7M5D2M22D29M1I38M3D5M1D13M1I23M1I36M2I3M8I33M3I7M8D8M8I26M1D11M2I38M17I3M2I22M1I6M3I5M2I9M3D4M1D9M1D18M1I4M
93	598	0.182	1.324E-13	11	345	596	13	397	803	30M3D4M22D16M1I11M1I43M7D12M3I19M2D28M10D5M8D6M1I4M3I31M1I22M5D65M3D29M
17	513	0.176	1.495E-11	9	371	596	3	465	985	21M3I3M1D5M27D2M1D9M1D34M1I26M2I2M5D20M9D19M1I18M12D8M5D2M3I11M9D30M2I4M3D2M16D79M19D26M4D30M
 16	6995	1.00	0.000E+00	0	977	978	0	977	978	978M
15	6227	0.892	0.000E+00	0	977	978	0	982	983	21M2D361M1I115M2D390M2D90M
127	4842	0.596	0.000E+00	13	977	978	22	1011	1013	329M1D16M2D27M1D37M1I26M2D18M5D26M2D73M1D6M7D20M6D257M2I14M1I20M2D92M
118	4812	0.615	0.000E+00	39	972	978	5	971	978	303M1D32M3D53M1I10M2D26M5D29M2D70M4D18M9D11M1D195M2D80M3D23M2D83M
24	4779	0.602	0.000E+00	39	971	978	5	961	970	300M1D19M1D27M1D42M1I13M3D31M1D26M2D26M1I36M10D16M2D19M2D170M1D104M2D102M
86	4776	0.602	0.000E+00	39	971	978	5	961	970	300M1D20M1I9M3D58M1I21M3D23M1D24M2D30M1I34M10D16M2D12M2D177M1D60M1D19M1I42M2D84M
26	4760	0.605	0.000E+00	39	977	978	5	967	970	300M1D19M1D27M1D42M1I21M3D23M1D25M2D29M1I34M10D16M2D12M2D177M1D61M1D18M1I42M2D90M
29	4758	0.599	0.000E+00	39	977	978	5	967	970	300M1D30M2D58M1I21M3D23M1D28M2D26M1I54M12D8M2D177M1D61M1D18M1I42M2D90M
115	4758	0.601	0.000E+00	34	977	978	0	980	982	294M3D15M1D27M1D16M3D5M1D51M2D47M1I22M1D23M3D27M4D23M1D14M11D169M1D39M1D34M1D38M4D99M
6	4748	0.604	0.000E+00	39	971	978	5	961	970	300M1D19M1D27M1D42M1I21M3D23M1D24M2D30M1I34M10D16M2D23M2D166M1D61M1D18M1I42M2D84M
130	4735	0.598	0.000E+00	39	977	978	5	981	983	290M3D11M1D29M2D9M3D65M3D25M3D30M2D8M3I14M1D9M3D38M4D11M1D18M11D170M1D37M1D38M1I38M3D95M
25	4734	0.604	0.000E+00	39	977	978	5	967	970	300M1D19M1D27M1D42M1I21M3D23M1D27M2D27M1I34M10D16M2D19M2D170M1D61M1D18M1I44M2D88M
5	4726	0.603	0.000E+00	39	977	978	5	967	970	300M1D19M1D27M1D42M1I21M3D23M1D24M2D30M1I34M10D16M2D23M2D166M1D61M1D18M1I44M2D88M
31	4726	0.595	0.000E+00	38	977	978	0	967	970	5M4D296M1D30M2D58M1I20M3D24M1D24M2D30M1I34M10D16M2D23M2D166M1D60M1D19M1I44M2D88M
61	4724	0.587	0.000E+00	34	976	978	0	929	933	305M1D20M1I9M3D8M2D50M1I9M2D35M1D18M2D36M10I26M6I8M9I183M1D103M2D106M
85	4722	0.603	0.000E+00	39	971	978	5	961	970	300M1D19M1D25M1D44M1I21M3D23M1D27M2D28M1I33M10D20M2D17M2D168M1D61M1D18M1I25M2D101M
33	4718	0.600	0.000E+00	39	977	978	5	967	970	300M1D19M1D27M1D42M1I21M3D23M1D24M2D30M1I34M10D16M2D12M2D177M1D61M1D18M1I41M2D91M
106	4714	0.604	0.000E+00	39	971	978	5	961	970	300M1D19M1D27M1D42M1I21M3D23M1D30M2D24M1I38M10D12M2D21M2D168M1D60M1D19M1I42M2D84M
34	4711	0.597	0.000E+00	39	977	978	5	967	970	300M1D20M1I9M3D58M1I9M3D35M1D24M2D30M1I34M10D16M2D20M2D169M1D60M1D19M1I44M2D88M
75	4706	0.588	0.000E+00	39	971	978	5	961	970	300M1D19M1D39M3D23M1I21M3D30M1D18M2D36M1I14M1I6M1I12M7D22M5D15M2D170M1D103M2D101M
28	4705	0.605	0.000E+00	39	977	978	5	968	971	300M1D19M1D27M1D13M1D29M1I21M3D23M2D6M1I17M2D30M1I34M10D16M2D12M2D177M1D61M1D18M1I42M2D90M
27	4696	0.598	0.000E+00	39	977	978	5	967	970	300M1D19M1D27M1D42M1I17M3D27M1D30M2D24M1I34M10D16M2D12M2D177M1D121M2D91M
53	4693	0.598	0.000E+00	39	971	978	5	955	964	300M1D19M1D20M3D49M1I15M3D27M1D31M2D25M1I14M1I41M5D17M2D167M1D59M1D18M1I27M2D100M
72	4691	0.608	0.000E+00	39	977	978	5	956	958	303M1D31M2D11M1D38M1I26M2D24M6I19M2D90M6D12M7D249M2I14M1I15M1I9M3D87M
105	4678	0.580	0.000E+00	39	977	978	5	960	963	300M1D19M1D15M3D54M1I21M3D41M2D36M1I14M1I19M7D22M5D6M2D178M1D67M7I30M2D107M
64	4677	0.587	0.000E+00	39	971	978	5	959	968	300M1D20M1I12M3D5M2D50M1I9M2D33M1D27M2D38M8D54M2D178M1D104M2D101M
112	4650	0.579	0.000E+00	36	971	978	2	962	971	303M1D26M2D12M2D46M1I19M3D31M1D27M2D26M2I32M7D22M7D185M1D76M1I14M2D12M1D101M
30	4644	0.588	0.000E+00	39	971	978	5	963	972	304M1D22M2D12M2D50M1I15M3D29M1D29M2D25M1I14M1I23M10D12M2D21M3D169M1D104M2D101M
38	4641	0.604	0.000E+00	39	971	978	5	960	969	300M1D19M1D30M1D5M2D34M1I17M1D27M1D29M2D25M1I14M1I16M3D23M9D15M2D171M1D60M1D17M1I27M1D18M1D82M
107	4625	0.584	0.000E+00	39	972	978	5	961	969	300M1D26M2D62M1I15M3D29M1D26M2D28M1I30M10D20M2D19M2D173M1D58M1D17M1I20M1I22M2D85M
111	4621	0.597	0.000E+00	39	972	978	5	930	938	300M1D27M2D11M2D50M1I13M11I11M18I18M2D27M1I34M10D16M2D13M2D177M1D77M1I26M2D102M
39	4613	0.579	0.000E+00	39	971	978	5	956	965	300M1D20M1I9M3D8M2D50M1I15M3D29M1D26M17D59M2D19M9I181M1D84M1I39M1D82M
67	4593	0.574	0.000E+00	34	972	978	2	956	964	3M1I302M1D18M1D20M2D49M1I12M1I8M4D18M1D8M2I22M2D18M2I45M4D13M8D12M2D177M1D67M5I41M2D94M
62	4563	0.574	1.056E-103	39	971	978	5	922	931	300M1D20M1I9M3D8M2D50M1I20M2D19M17D6M32I60M2D11M9I181M1D60M1D9M11I5M9D39M1D82M
59	4560	0.564	1.233E-103	34	977	978	1	977	982	294M3D12M1D33M3D20M2D71M6D29M2D18M1D22M3D13M5D22M6D21M2D10M10D208M1D16M1I9M8I16M6I17M3D98M
119	4546	0.583	2.580E-103	36	972	978	2	960	968	303M1D19M1D29M1D7M2D29M3I17M3D33M1D25M2D26M1I13M1I16M10D19M2D12M2D177M1D66M7I10M6D26M2D98M
94	4515	0.585	1.324E-102	39	972	978	5	916	924	300M1D39M3D39M1I9M1I12M2D27M11D3M27I7M2I16M7I67M2D173M1D67M1I51M3I82M
22	4499	0.566	3.079E-102	39	971	978	5	949	958	300M1D19M1D69M1I9M5I55M19D7M2I20M3I13M2I55M2D169M1D76M1I45M2D82M
131	4494	0.580	4.008E-102	39	976	978	5	892	896	300M1D20M1I9M3D8M2D50M1I10M2D34M1D27M2D12M42I14M23I177M1D60M1D35M4D115M
108	4489	0.583	5.218E-102	39	972	978	5	920	928	301M1D43M3D34M1I9M1I14M1D21M13I5M10D20M12I9M1D39M7I28M2D171M1D69M1I50M2I84M
73	4471	0.581	1.349E-101	57	977	978	2	931	933	285M1D16M1D19M2D50M1I11M1D10M1D24M4I16M2D30M5I22M2D33M5D17M2D206M1I19M1D64M2D88M
74	4449	0.566	4.305E-101	40	947	978	0	902	926	302M1D35M2D43M1I21M2D13M1I9M5D24M3I10M10D76M1I4M11I176M1I31M1I25M6I22M1I11M1I21M2D58M
102	4413	0.528	2.876E-100	34	972	978	0	956	964	304M1D40M3D49M1I14M3D33M1I25M9D266M1D81M1D31M2D94M
60	4403	0.540	4.874E-100	45	977	978	9	989	994	20M10D7M3D256M3D13M1D38M2D11M1D56M3I10M4D6M4D7M1D21M2D18M1D20M3D15M5D31M5D22M10D208M1D16M1I11M1I20M6I28M3D88M
80	4400	0.607	5.709E-100	76	971	978	1	923	931	266M1D21M2D22M1D39M1I24M2D16M5D34M2D73M9D21M6D260M2I31M2D86M
43	4356	0.534	5.817E-99	39	977	978	5	925	931	261M10D4M9I30M1D25M2D29M1D25M2I15M4I17M7I17M1I41M1I11M2I59M6D169M1D39M1D25M15I26M1D105M
68	4353	0.567	6.814E-99	55	977	978	16	899	901	7M2I278M1D27M3D16M1D38M1I17M2I16M24I8M3I85M12I258M2I35M2D92M
45	4353	0.546	6.814E-99	39	977	978	5	921	927	276M1D28M1D25M2D17M1D12M1D15M1D12M4I11M1I17M10I27M1D17M2D17M4D34M1I12M8I186M1D38M1D25M15I48M1D83M
42	4350	0.553	7.983E-99	34	977	978	0	931	933	279M1D14M1I45M5I18M1D22M2I17M2I11M3I12M3I38M3I41M2D17M5D202M1D38M1D39M7I27M2D6M1D92M
54	4332	0.547	2.063E-98	39	977	978	5	917	923	276M1D28M1D25M2D27M3D17M1D12M4I11M1I17M10I27M1D34M1D34M1I12M8I186M1D38M1D25M15I28M1D103M
56	4319	0.533	4.096E-98	39	977	978	5	925	931	262M10D3M9I30M1D53M1D31M1I11M1I17M10I27M2D33M3D55M2I184M1D39M1D31M15I22M1D103M
84	4314	0.585	5.333E-98	81	977	978	0	927	929	261M1D26M2D17M1D37M1I23M2D20M5D27M2D79M4D19M16D257M2I15M1I24M2D88M
51	4301	0.533	1.059E-97	39	977	978	5	925	932	276M1D28M1D48M1D36M1I11M1I17M10I27M1D11M5I8M1D78M6D172M1D39M1D17M15I55M1D84M
104	4300	0.575	1.116E-97	39	977	978	5	933	938	38M32I230M1D19M1D27M1D42M1I21M3D23M1D24M2D30M1I34M10D16M2D12M2D177M1D61M1D18M1I41M2D85M2I4M
76	4297	0.541	1.307E-97	34	977	978	0	919	925	274M1D35M1D41M1D13M1D26M2I10M6I18M3I5M2I26M2D12M4I67M3I17M2D170M1D39M1D29M15I43M1D84M
109	4296	0.531	1.378E-97	39	977	978	5	914	915	276M1D28M1D17M2D37M1D21M1I20M1I16M10I22M1I80M1D13M5I182M1D38M1D31M16I32M3I89M
69	4292	0.538	1.702E-97	39	977	978	5	918	924	272M1D32M1D28M1D18M8I21M3I18M8I18M3I76M7D25M1D13M2I184M1D39M1D16M5D9M20I28M1D98M
83	4292	0.525	1.702E-97	0	977	978	0	945	947	11M5D9M14I266M10D5M9I59M3I21M1D42M1I10M3I12M3I25M2D12M3I18M1I241M1D39M1D21M12I7M6I29M2D4M1D92M
78	4290	0.545	1.891E-97	39	977	978	5	938	940	275M1D72M1D11M1D26M2I18M2I5M3I15M3I37M3I92M7D165M1D39M1D39M7I27M2D16M1D82M
48	4285	0.547	2.462E-97	39	977	978	5	897	899	262M5D10M4I12M1I47M1I47M5I15M1I6M3I12M3I8M2I28M3I20M7I37M7I188M1D39M1D15M2D10M20I32M2D94M
77	4284	0.538	2.596E-97	39	977	978	5	916	925	272M1D32M1D23M4D57M2I17M6I13M5I50M2I20M2I8M6I43M4D171M1D36M1D26M17I39M1D92M
50	4275	0.530	4.173E-97	39	977	978	5	902	906	261M10D4M9I28M1D26M2D24M1D21M1D12M4I11M1I17M10I10M16I17M7I50M3D202M1D38M1D25M15I47M1D84M
113	4275	0.537	4.173E-97	39	977	978	5	912	915	269M2D4M1I30M1D22M4I27M1D20M1I21M6I15M3I5M2I26M2D30M5D23M1I38M9I172M1D39M1D18M18I48M3I78M4D6M
35	4274	0.531	4.399E-97	37	976	978	3	922	929	263M10D4M9I31M1D25M3D28M1D25M2I13M3I16M5I4M3I29M1I83M1I186M1D39M1D31M14I43M1D82M
71	4267	0.545	6.364E-97	39	976	978	17	927	934	276M1D28M1D25M2D17M1D12M1D15M1D12M4I11M1I17M10I27M1D34M1D34M1I12M8I186M1D38M1D25M15I28M1D102M
82	4263	0.553	7.860E-97	37	977	978	29	945	947	264M5D10M4I30M2D39M2I11M1D41M4I23M3I25M2D13M3I28M2I5M1I10M1I38M1I173M1D39M1D14M2D9M20I32M2D4M1D92M
3	4261	0.527	8.734E-97	39	977	978	5	880	882	262M10D3M9I30M1D16M5I24M9I30M1I11M1I17M10I18M1I10M7I76M19I170M1D39M1D25M15I47M1D84M
44	4261	0.541	8.734E-97	39	977	978	5	880	886	266M1D35M1D17M2I12M11I7M1I37M1I11M1I17M10I18M1I9M4I26M2I6M1I45M19I171M1D38M1D25M15I48M1D83M
32	4260	0.595	9.207E-97	76	977	978	1	926	929	263M1D19M1D27M1D42M1I17M3D25M1D29M2D27M1I34M10D16M2D19M2D171M1D52M1D26M1I44M2D88M
116	4251	0.524	1.480E-96	39	977	978	5	890	893	261M10D4M9I30M1D22M5I59M2I10M4I12M10I37M2D3M4I12M4I9M4I38M7I184M1D38M1D18M18I29M1D20M3I15M1D68M
66	4249	0.529	1.645E-96	39	977	978	5	921	923	77M1D198M1D50M4I7M8I41M2I17M2I5M3I12M3I38M3I17M1I38M5D34M1I168M1D39M1D39M7I27M2D10M1D88M
23	4246	0.541	1.927E-96	39	977	978	5	933	935	274M1D59M5I16M1D25M2I36M8I42M3I17M1I50M1D6M6D19M2D167M1D40M1D10M2D27M9I24M2D11M1D88M
49	4239	0.525	2.788E-96	39	977	978	5	856	862	262M10D3M9I30M1D16M5I24M9I30M1I11M1I32M28I14M13I7M5I5M10I28M5I181M1D39M1D25M15I44M1D87M
57	4239	0.532	2.788E-96	39	976	978	5	923	931	272M1D43M1D39M3D34M1I8M3D8M5D31M5I32M1D33M4I23M11I185M1D39M1D29M15I33M1D93M
13	4234	0.540	3.629E-96	39	977	978	5	888	894	262M10D3M9I18M1D32M4I9M1D20M1D20M1I22M1I19M13I14M8I34M1D17M4I13M1I16M16I173M1D39M1D25M15I29M1D102M
41	4228	0.526	4.981E-96	39	976	978	5	917	924	262M5D10M4I30M2I37M1D12M1D31M1I10M4I12M5I6M3I26M1D11M3I29M3I21M1D19M2D20M4D168M1D39M1D14M18I51M1D87M
46	4225	0.523	5.835E-96	39	976	978	5	918	926	262M5D10M4I28M1D48M1D36M1I11M1I17M10I24M14I21M3I55M6D184M1D39M1D17M2I8M17I39M1D59M12D28M
52	4222	0.526	6.835E-96	39	977	978	5	903	913	262M10D3M9I30M1D11M2I36M1D35M1I11M1I17M10I11M3I15M1D83M16I173M1D39M1D29M15I43M1D79M1D5M
70	4181	0.537	5.944E-95	39	977	978	5	852	858	276M1D25M14D2M21I7M14I13M1D15M1D12M4I11M1I17M10I11M8I8M12I18M1I12M16I9M1I12M8I186M1D36M1D27M15I28M1D103M
65	4158	0.524	2.000E-94	39	977	978	0	874	879	298M2D3M1D31M3D22M2D34M1I11M1I28M9D36M2I32M14I257M63I106M
47	4112	0.510	2.264E-93	34	976	978	0	812	820	267M10D3M9I30M1D30M1I16M1D30M2I17M4I27M4I12M1I9M17I13M70I172M1D39M1D18M5D6M20I15M21I90M
58	4077	0.529	1.435E-92	39	977	978	5	883	889	276M1D28M1D25M2D17M1D12M1D15M1D12M4I11M1I17M8D7M19I17M6I13M1I17M16I9M1I12M8I186M1D38M1D7M2I15M20I33M1D94M
110	3932	0.574	3.013E-89	124	972	978	0	872	880	215M1D26M2D62M1I21M3D23M1D27M2D27M1I34M10D16M2D12M2D178M1D60M1D18M1I41M2D86M
79	3922	0.530	5.106E-89	86	977	978	0	887	889	228M1D72M1D6M1D31M2I12M5I23M3I38M3I91M8D168M1D37M1D41M7I27M2D6M1D92M
55	3895	0.507	2.122E-88	39	977	978	5	887	893	107M1I168M1D28M1D24M3D25M1D8M2I14M1I22M1I21M10I5M1I9M1I16M3I2M7D58M1D27M3I96M1I49M1I24M1D13M20I7M4I2M1I7M1I9M20I29M1D63M1I34M
117	3799	0.406	3.358E-86	37	971	978	5	987	1003	263M11D5M10I11M1I29M4D83M6D87M1I156M1D87M1D34M2D16M11D8M5D15M6D28M5D23M8D78M
128	3727	0.424	1.499E-84	41	977	978	8	874	876	259M2D9M1D20M1I15M4I45M13I25M3I10M3I20M13I23M2I16M7I12M9D3M7I14M32I78M2D7M1I87M1D37M1D41M2I122M2D6M
92	3721	0.384	2.057E-84	38	977	978	0	1082	1084	261M2D12M2D9M3D17M20D55M4D56M7D22M8D6M3D17M11D29M5D11M6D149M2D89M1D46M24D33M24D26M1D5M19D12M1D85M
81	3632	0.544	2.250E-82	73	900	978	7	883	885	266M1D19M1D20M3D49M1I16M1D28M1D29M1D25M1I14M1I18M3D21M9D18M2D168M1D60M3D17M1I20M29D13M2I21M
8	3545	0.360	2.216E-80	41	977	978	9	1010	1016	264M22D53M7D21M5D13M1D8M4I90M4D28M5D28M1D50M3I79M2D84M1D42M1D11M12D48M5D20M7D86M1I4M
101	3543	0.384	2.462E-80	39	975	978	20	932	936	270M6I15M4I20M8I36M6I9M1D30M1I6M2I44M13I90M3D4M4D3M2D58M2D104M3D2M9D29M1D15M6I11M1I26M2I116M
103	3527	0.460	5.727E-80	60	977	978	0	884	886	49M4I8M5I7M2I170M5I15M1D19M2D29M8I8M2I32M3I13M1I32M4D11M2D24M11D18M9I41M12I92M2D96M1D29M1D14M1D39M8I26M1D87M
122	3526	0.377	6.037E-80	38	954	978	3	949	1001	261M2D30M5I11M5I6M1D13M13I11M9I4M21D33M3I12M9I12M4I11M4I22M1D84M2D82M1D85M1D37M2D15M4D13M1D9M26D11M7D9M12D29M1D65M
18	3478	0.338	7.595E-79	38	977	978	0	1247	1248	270M5D26M2D17M1I53M5D28M12D9M1D35M8D5M7D18M5D23M1I33M5D25M19D10M1D8M15D67M1I14M1D84M1D55M10D4M83D26M80D20M18D14M12D9M21D84M
114	3423	0.387	1.382E-77	37	977	978	3	928	929	217M1D45M5I22M2I24M1D15M2D29M1D14M3D22M2D50M2I43M2I49M9I75M2D85M1D3M5I2M1D12M2D38M1D59M7I105M
126	3300	0.356	9.093E-75	31	977	978	1	806	808	105M2I166M4D6M5I17M4I19M60I20M18I20M14I15M11I31M4I7M4I10M23I7M7D133M1I37M1I31M3I18M3D33M2I36M3D36M1I2M1I28M4I12M
100	3257	0.336	8.788E-74	39	977	978	4	795	806	267M10I10M21I30M13I9M15I20M6I87M69I87M2D88M3D32M3D17M9I23M14I20M3D7M2I50M1D33M
91	3244	0.352	1.745E-73	41	977	978	11	784	788	98M1D161M16D9M33I23M9I12M26I13M15I5M4I19M16I10M17I15M23I15M4I17M11I70M2I15M2D81M5I38M1I13M9I20M5I6M7I30M1I33M2D17M4D29M
124	3184	0.362	4.134E-72	38	969	978	0	708	713	259M3D2M1D10M12D18M10I17M38I7M4D8M29I3M3I7M81I15M42I4M3I48M1D22M1I18M2D117M1I19M2D1M21I7M7I7M7I16M5I43M1D6M1I29M
63	3155	0.342	1.909E-71	41	969	978	9	743	778	94M1D165M2D32M89I22M31I2M25I13M27I4M3I54M1I38M2D43M2D46M2I17M1D13M4I6M2I28M2I17M4I28M14I64M2D39M
7	3138	0.337	4.681E-71	41	976	978	10	816	857	96M1D194M2D4M8I35M3I23M40I23M9I5M30I48M29I14M1I38M2D43M3D46M2I17M1D14M5I39M1I22M8I6M2I42M2I42M2D45M
98	3122	0.328	1.089E-70	35	969	978	2	764	776	6M7D99M1D160M12D3M39I29M56I31M20I40M11I6M13I13M32I9M4D64M2I14M1D1M1D74M1I6M1I2M4I36M1I11M2D9M10I9M8I12M5I23M3I33M2D22M4D17M
97	3106	0.324	2.532E-70	13	969	978	0	774	786	127M1D160M14D10M6I4M30I8M30I5M12I21M8I36M37I19M6I11M6I13M34I69M3I14M1D1M1D81M5I38M1I12M2D8M10I11M7I11M5I23M4I34M1D17M2D20M
87	3063	0.346	2.447E-69	41	969	978	9	735	770	94M1D167M2I10M86I22M1D21M56I28M20I16M6I4M12I17M1I38M2D42M2D47M2I17M1D14M5I4M1I29M2I17M4I28M14I10M3I17M3D34M2D39M
40	3060	0.330	2.867E-69	34	969	978	1	742	776	104M1D162M67I6M9I7M5D9M4I1M1D2M14I17M3D32M2I7M32I18M30I7M29I48M2D38M3D3M1I47M2I18M1D10M2I7M4I29M2I15M11I39M3I62M2D36M
120	3056	0.339	3.540E-69	33	971	978	1	750	764	104M2I162M8D24M9I25M17I22M18I15M14I9M7I15M38I19M4D11M12I12M28I4M4I38M2D41M2D47M2I18M1D15M1D21M4I17M1I12M45I22M2I6M3I32M1I41M
10	3055	0.328	3.732E-69	39	971	978	26	774	784	101M1D162M10D15M30I4M67I6M3I27M1I17M43I57M24I69M2I16M2D81M1I2M4I36M1I16M9I10M7I17M5I19M1I3M3I33M2D20M2D21M
88	3051	0.339	4.609E-69	37	977	978	5	747	770	262M2I10M8I4M1I5M34I9M30I10M14I29M4I14M11I6M26I7M17I4M7I16M31I43M2D37M3D4M1I45M1I4M1I12M1D17M4I4M2I29M2I16M4I30M7I8M3I62M2D40M4D4M
20	3042	0.326	7.409E-69	34	973	978	2	741	772	265M2I9M36I13M6I8M29I1M1D11M26I36M29I19M17I6M14I9M25I46M2D37M3D4M1I47M2I17M1D17M6I30M2I17M4I13M7I24M3I59M2D43M
89	3033	0.339	1.191E-68	41	969	978	9	743	777	97M1D162M43I15M23I14M8I9M14I9M16I11M26I13M1I17M8I18M6I16M33I41M2D38M3D3M1I45M1I4M1I16M1D10M2I5M4I31M2I16M11I38M3I62M2D36M
0	3028	0.335	1.551E-68	31	969	978	1	742	754	10M4D99M1D161M17D4M10I7M21I4M106I3M3I14M11I33M16I29M12I4M8I5M6I4M2I62M3I14M1D1M1D77M1D4M1I2M4I36M1I13M4D1M12I11M7I15M5I20M1D3M3I33M2D18M2D21M
96	3011	0.319	3.802E-68	37	977	978	36	939	948	32M5I226M13D31M2I16M5I10M1I21M4I6M28I11M4I34M10I19M3I6M38D30M1I3M1I57M1D63M4I14M2D49M1I71M1D18M8I13M3D3M19I32M1D80M
1	2960	0.310	5.604E-67	41	975	978	7	766	787	262M1D13M48I9M9I14M50I12M58I25M6I3M9I68M1D13M2D40M1D3M1D47M2I18M2D23M4I31M3I13M15I24M1D34M1I33M1D3M2D9M7D6M11D27M
95	2955	0.333	7.295E-67	38	968	978	0	705	720	99M2I162M4D5M10I10M17I18M67I20M5I4M1I15M4I12M3I13M12I9M70I4M6D4M1I32M2D45M2D48M2I18M1D20M1D30M5I19M15I8M11I23M14I2M1I32M1I38M
125	2949	0.313	1.001E-66	37	968	978	25	805	813	268M3D24M10I34M55I9M14D6M13I11M21I26M2I14M1I13M7I11M10I26M6I61M7I3M6I87M1D39M1I8M1D12M28I12M3I98M
14	2936	0.322	1.988E-66	2	969	978	35	879	886	41M13D98M25I7M3I72M1D57M3D26M7I17M6I35M10I67M20I18M11I22M12I34M3I90M2D83M1D41M1I15M24I6M5I7M9I11M7I78M
2	2928	0.320	3.031E-66	37	977	978	8	778	781	102M1I55M1I127M25I8M56I10M13I15M5I18M21I19M3I19M5I25M28I47M1D31M1D13M2D46M1D11M1D6M4D19M1D43M5D14M2I11M12I10M16I13M6I2M3I32M3D11M5D12M3D25M
37	2902	0.313	1.195E-65	39	969	978	3	800	829	10M2D144M1I105M12D11M34I25M82I13M17I11M4I8M24D22M2I10M7I53M1D43M2D42M2D47M2I18M1D11M2I35M2I9M1I10M4D30M25I14M4I39M2D38M
36	2862	0.318	9.857E-65	39	969	978	3	800	829	9M2D145M1I105M12D11M34I25M82I13M17I11M2I11M22D19M1I20M4I46M2I5M1I38M2D42M2D47M2I18M1D11M2I35M4I5M1D14M4D29M25I14M4I39M2D38M
123	2768	0.431	1.404E-62	78	784	978	0	713	715	221M2D16M6I17M1I54M15I28M4I81M13D31M3D31M1I15M12D150M1D23M3D13M
21	2740	0.356	6.150E-62	41	823	978	6	701	745	207M1D51M6D11M5I11M23I13M21I13M12I70M5I13M14I17M6I50M6I94M2D72M1I50M3I15M
121	2539	0.326	2.477E-57	45	853	978	1	618	619	258M13D3M6I12M22I5M1I6M8I30M2I9M90I8M2I8M45I18M15I11M1I22M1D11M2D43M2D49M2I18M2D15M4I31M4I5M1D12M10I23M
12	2480	0.322	5.569E-56	39	865	978	2	674	675	263M3D8M5I8M49I6M53I22M6I14M14I14M12I49M3I35M2I28M1I6M2D35M1D9M3I47M2I17M1D13M4I5M1I31M5I40M1I16M
9	2382	0.282	9.796E-54	41	973	978	9	609	639	94M1D165M2D15M216I26M32I11M14D3M6I6M70I45M2I17M1D14M4I5M2I28M2I15M1I16M14I9M9I5M1D20M5D38M2D43M
11	2142	0.314	3.088E-48	41	829	978	7	580	596	35M32I193M10D12M4I9M23I11M7I11M16I6M40I10M44I30M9I9M21I12M27I25M1D10M2D46M2D47M2I18M2D15M4I31M4I5M1D21M
19	1802	0.219	1.903E-40	39	966	978	12	722	735	28M1D13M5D3M3I41M1I9M1I44M1D11M5D6M8D18M1I3M3D27M2D8M3I7M3D37M12D4M79I3M20I7M72I19M1D20M29I8M4I24M6I3M2I13M2D6M2D47M1I13M1D5M2D81M5D40M10I14M14I19M6I34M18I17M1D11M1I14M
90	1386	0.163	6.463E-31	34	975	978	0	696	697	33M1I13M5I50M1I42M5D18M1I21M1I24M16I5M3D40M27D13M40I10M17I9M42I20M7I13M36I6M15I9M61I33M2I5M1I7M2D6M1I4M2D21M6D1M1I32M1I3M5D7M3I18M2D19M13I22M3I21M26I8M6I26M1D8M1I4M1I10M1D12M1D9M1D16M1D22M
4	1301	0.180	5.726E-29	38	973	978	2	686	688	6M1D41M4I47M1I41M3D5M2D14M1I22M1I22M4D10M12I33M3D12M1I16M34I18M5I10M1I8M13I30M6I8M14I4M31I13M14I24M39I9M5I15M1I1M1D8M3I14M3D2M1D6M9I9M12D6M5D7M2I25M2D6M2D3M3I19M2D15M7I11M4I11M79I18M3I7M1D2M6I15M3D23M3D21M
129	1213	0.176	5.943E-27	44	966	978	0	646	656	23M1I9M35I3M2D4M1D17M1I42M3D5M2D13M1I18M1I33M13I43M2D3M96I14M14D2M7I9M15I5M6I13M34I6M45I28M3I11M5I28M1I8M2I4M2D6M1D8M1D10M3D12M1D31M1I2M5D9M3I16M2D16M7I3M6I19M1D1M4I12M14I18M7I17M2I22M1I7M9I3M1D16M1D7M1D12M1D15M
99	987	0.260	8.952E-22	40	384	978	18	364	450	27M1I15M5I48M1I41M3D3M1D14M1I23M1I24M2D12M12I37M17D80M
17	834	0.168	2.866E-18	43	907	978	3	909	985	22M2I11M1D13M4I14M1I4M1D26M1I38M2D3M1D12M2I9M11D17M1I18M12D8M8D3M7D7M4I33M16D24M3D37M5D21M15D9M3D55M3D12M1D46M13D34M2D5M1D56M7D12M4D14M5I3M5I11M6I8M8D6M3I16M5I7M7D16M54I6M2I28M6D7M2I23M2D74M
93	622	0.157	2.063E-13	45	620	978	13	739	803	32M3D8M10I39M2I43M3D3M4D15M2I4M1I13M2D29M4I6M2I6M20D31M2I4M7D33M3D12M7D58M96D20M2D3M8D12M7D21M2D26M1I17M3I19M13D22M4D52M3I18M
 81	6059	1.00	0.000E+00	0	884	885	0	884	885	885M
38	5116	0.890	0.000E+00	7	875	885	39	880	969	438M1D338M2I38M26I27M
39	4839	0.853	0.000E+00	7	875	885	39	876	965	377M2D60M1D42M4I293M2I21M1I15M27I27M
119	4832	0.846	0.000E+00	7	875	885	39	879	968	353M2I22M2D61M1D338M2I21M1I16M26I27M
53	4822	0.821	0.000E+00	7	876	885	39	877	964	377M2D61M1D68M7I263M2I40M25I27M
6	4822	0.809	0.000E+00	7	875	885	39	881	970	310M2I61M2D64M1D34M1D305M2I38M26I27M
25	4820	0.811	0.000E+00	7	876	885	39	882	970	310M2I61M2D65M1D33M1D305M2I38M26I28M
75	4807	0.818	0.000E+00	7	880	885	39	882	970	376M2D61M1D43M1I295M2I36M30I30M
30	4806	0.813	0.000E+00	7	876	885	39	884	972	377M2D60M1D103M1D236M2I38M26I28M
29	4805	0.815	0.000E+00	7	875	885	39	881	970	310M2I61M2D64M1D34M1D305M2I38M26I27M
26	4799	0.813	0.000E+00	7	875	885	39	881	970	310M2I61M2D63M1D35M1D305M2I38M26I27M
105	4796	0.814	0.000E+00	7	875	885	39	874	963	377M2D15M1I44M1D339M3I10M6I21M26I27M
27	4791	0.860	0.000E+00	7	824	885	39	856	970	310M2I65M2D60M1D34M1D305M2I40M
34	4790	0.813	0.000E+00	7	876	885	39	882	970	310M2I62M2D63M1D34M1D305M2I38M26I28M
5	4778	0.815	0.000E+00	7	875	885	39	881	970	310M2I61M2D64M1D34M1D305M2I38M26I27M
24	4774	0.804	0.000E+00	7	875	885	39	881	970	310M2I62M2D63M1D34M1D304M2I39M26I27M
32	4771	0.813	0.000E+00	10	875	885	1	840	929	307M2I61M2D65M1D33M1D305M2I38M26I27M
64	4771	0.826	0.000E+00	7	871	885	39	873	968	378M1D60M1D23M1I15M1I298M2I38M28I21M
86	4767	0.814	0.000E+00	7	875	885	39	881	970	310M2I62M2D63M1D34M1D305M2I38M26I27M
28	4756	0.813	0.000E+00	7	875	885	39	882	971	310M2I18M1D43M2D64M1D34M1D305M2I38M26I27M
33	4743	0.798	0.000E+00	7	875	885	39	881	970	310M2I63M2D62M1D34M1D305M2I38M26I27M
85	4734	0.814	0.000E+00	7	875	885	39	881	970	310M2I62M2D64M1D33M1D305M2I38M26I27M
31	4725	0.810	0.000E+00	7	875	885	39	881	970	310M2I66M2D59M1D34M1D305M2I38M26I27M
112	4717	0.790	0.000E+00	7	875	885	39	882	971	377M2D61M1D24M1I8M1D305M3I38M25I27M
106	4715	0.819	0.000E+00	7	875	885	39	881	970	310M2I62M2D63M1D34M1D305M2I38M26I27M
61	4702	0.789	0.000E+00	7	875	885	39	844	933	378M1D59M1D10M37I292M2I38M26I27M
107	4697	0.802	0.000E+00	7	868	885	39	874	969	310M2I65M2D60M1D34M1D305M2I39M26I19M
111	4660	0.781	0.000E+00	7	875	885	39	849	938	378M31I28M1D34M1D305M3I37M26I27M
62	4610	0.815	0.000E+00	7	874	885	39	841	931	382M32I24M1D41M4I293M2I21M1I15M27I26M
22	4595	0.764	0.000E+00	7	875	885	39	869	958	295M1I16M1I5M1I66M5I33M2I12M1D339M3I37M26I27M
131	4536	0.757	0.000E+00	7	871	885	39	801	896	378M1D59M1D8M77I254M2I39M25I23M
104	4492	0.750	0.000E+00	0	875	885	0	849	938	7M4D6M21I9M17D274M2I62M2D63M1D34M1D305M2I38M26I27M
94	4441	0.731	0.000E+00	7	869	885	39	833	924	295M1I53M1I32M32I24M1D9M3I68M2I256M3I37M27I20M
108	4410	0.737	7.715E-104	7	872	885	39	839	928	295M1I53M1I24M33I31M1D66M1D17M2I253M3I37M27I23M
110	4408	0.854	8.625E-104	58	824	885	0	766	880	259M2I62M2D63M1D34M1D305M2I40M
67	4375	0.694	5.197E-103	7	873	885	40	875	964	295M1I79M2D42M2I18M1D341M7I12M1D21M25I24M
102	4186	0.661	1.592E-98	7	879	885	39	881	964	295M1I79M2D38M2I23M5I28M1D305M2I22M1D19M24I30M
118	3966	0.634	2.655E-93	7	882	885	39	892	978	299M1I69M1I8M2D29M4D28M1D20M1D15M1D22M1D44M1I180M1I13M2D45M1I25M1I14M26I15M2I16M
72	3956	0.619	4.586E-93	7	876	885	39	870	958	294M1I75M1I7M2D28M7I22M1D27M1D8M1D22M1D28M1I17M1I177M1I59M8I34M24I28M
84	3922	0.602	2.941E-92	15	876	885	0	841	929	286M1I83M1D29M4D28M1D27M1D8M1D23M1D31M6D14M1I177M1I61M8I32M24I28M
127	3914	0.619	4.554E-92	7	872	885	82	924	1013	295M1I74M1I7M2D28M4D29M1D19M1D16M1D23M2D27M1I17M1I177M1I59M3I27M1I11M25I23M
80	3894	0.614	1.359E-91	10	875	885	1	845	931	291M1I83M1D28M4D29M1D27M1D8M1D23M1D23M1D22M1I177M1I59M3I18M1I20M24I27M
68	3880	0.584	2.921E-91	7	876	885	32	813	901	378M16I25M43I9M1D22M1D23M2D22M1I177M1I59M4I36M26I8M1I19M
73	3848	0.581	1.679E-90	7	877	885	18	845	933	295M1I80M1D29M5I28M1D15M1I14M2I24M1D12M6I205M1I31M1I32M1I34M28I26M
115	3763	0.546	1.749E-88	7	881	885	39	896	982	266M3D59M1D33M1D73M2I13M1D17M3D5M2D22M1D47M1D217M1D21M1I38M28I33M
74	3656	0.566	6.061E-86	7	873	885	33	842	926	290M1I16M1I70M1D13M3D44M1D13M12I17M3I9M5I3M2D31M1I188M2I30M1I26M5I7M3I21M30I25M
16	3650	0.547	8.413E-86	7	875	885	73	895	978	265M1I20M1I20M3I45M1D20M1I28M1I29M1I25M1D14M1D18M3I21M9I18M2I168M1I61M3I16M1D25M24I26M
15	3595	0.529	1.700E-84	7	878	885	75	899	983	264M1I22M1D12M3I4M3I50M1D16M1I28M1I32M1D23M1D14M1D18M2I2M8I15M2I22M2I168M1I62M3I9M1D28M26I30M
59	3589	0.538	2.360E-84	7	824	885	40	878	982	255M3D74M1D29M1D31M1I31M5D17M1D7M1D9M7D54M6D23M1D183M5I3M4D32M1D20M4I40M
130	3580	0.527	3.859E-84	7	876	885	39	897	983	256M3D73M1D26M1D21M2D25M2D41M2I30M1D3M5D13M1D46M1D218M1D18M3I44M24I27M
60	3500	0.501	3.058E-82	0	871	885	43	898	994	262M3D39M2I31M1D24M1D22M4I14M3D23M5D23M1D8M1D75M1D20M2D5M8D168M1I41M1D11M2I11M8I30M26I22M
57	3441	0.494	7.690E-81	7	820	885	39	839	931	239M1D23M1I40M1I25M1D39M5I13M8I20M2D56M4I8M12I36M2I9M3D213M1D13M12D47M
54	3402	0.496	6.481E-80	7	821	885	39	833	923	242M1D87M1D15M3I11M1D10M5I8M1I4M8I46M2I25M8I33M9I237M1D17M12D44M
71	3399	0.497	7.636E-80	7	821	885	51	844	934	242M1D71M1I15M1D15M3I11M1D10M5I14M4I28M1D14M5I1M3I25M8I33M9I237M1D17M12D44M
109	3380	0.486	2.157E-79	7	824	885	39	832	915	242M1D65M2I20M1D47M6I4M7I49M1I28M1I28M16I238M1D11M6D53M
52	3379	0.479	2.278E-79	7	824	885	39	817	913	227M10D1M8I3M1I54M4I29M1I41M34I26M13I26M3D286M1D24M4D2M3D24M1D14M
3	3372	0.492	3.340E-79	7	824	885	39	795	882	236M2D3M1I54M19I15M1D45M1I9M8I23M5I7M24I39M3I37M12I213M1D27M7D23M1D14M
65	3370	0.529	3.726E-79	7	784	885	34	788	879	264M2D60M1D73M12D31M14I17M3I6M1I18M5I28M8I8M4I173M1I37M2I25M
113	3366	0.500	4.637E-79	7	820	885	39	823	915	238M1D55M7I5M1I22M1D40M5I8M1I6M3I38M3I10M1I23M7I21M9I251M1D13M9D29M4I14M
69	3360	0.493	6.436E-79	7	824	885	39	833	924	238M1D62M1I4M11I13M1D22M2I15M5I12M9I123M6I231M1D13M9D5M3D24M4I18M
116	3359	0.496	6.798E-79	7	821	885	39	805	893	238M1D55M7I7M1I11M1I24M4I20M5I14M4I23M2D20M8I24M7I10M2I10M1I8M18I232M1D17M9D23M3I18M
51	3359	0.492	6.798E-79	7	820	885	39	840	932	242M1D59M4I24M1D44M1I11M7I37M5I36M4I20M5I24M1I230M1D11M12D49M
77	3352	0.476	9.966E-79	7	823	885	39	829	925	238M1D119M1I10M6I12M8I32M18I308M1D29M5D36M
44	3345	0.500	1.461E-78	7	824	885	39	795	886	229M2D10M1I54M2I6M17I9M1D58M14I26M24I39M3I37M12I213M1D12M3D15M4D23M1D14M
76	3343	0.490	1.630E-78	7	820	885	39	834	925	227M5D11M4I69M3I15M1D28M1I24M9I38M3I38M4I24M1I13M12I230M1D17M12D43M
41	3329	0.485	3.503E-78	7	821	885	39	834	924	227M5D9M4I22M3I34M1I27M1I40M6I15M4I26M1I21M3I26M4I13M1I39M6I222M1D16M9D44M
46	3328	0.500	3.700E-78	7	821	885	39	823	926	242M1D59M4I24M1D39M5I8M1I4M8I25M1I7M9I30M7I21M8I13M1I8M3D230M1D10M8D51M
49	3323	0.484	4.863E-78	7	821	885	39	761	862	227M10D1M8I3M1I54M19I15M1D41M34I25M15I23M1I10M15I23M14I13M2D212M1D17M1D44M
45	3322	0.497	5.136E-78	7	824	885	39	836	927	242M1D71M1I15M1D15M3I11M1D10M5I14M4I32M1I5M7I35M2I35M9I237M1D24M2D4M5D22M1D14M
56	3321	0.492	5.424E-78	7	821	885	39	841	931	227M10D1M8I3M1I43M2I24M2I17M1D41M3I13M6I38M3I38M4I42M3I7M4I222M1D23M12D40M
48	3316	0.495	7.129E-78	7	824	885	39	810	899	226M5D12M4I12M2I38M1I10M5I14M1D20M4I29M1D10M6I37M7I30M8I12M6I20M16I13M1D212M1D26M4D38M
78	3316	0.479	7.129E-78	7	876	885	39	855	940	241M1D21M1I45M3I18M1D28M1I27M6I17M1I24M4I34M16I9M2I31M3D20M7D205M1D11M2I12M7I33M23I28M
35	3314	0.487	7.953E-78	7	824	885	39	838	929	227M12D2M11I65M1I23M1D15M1I23M5I13M9I29M1I41M7I13M3I31M3I231M1D18M13D24M4I18M
50	3310	0.490	9.896E-78	7	824	885	39	817	906	227M5D9M4I89M1I14M3I11M1D15M1I11M7I32M18I19M11I36M9I237M1D22M4D19M4D23M
43	3309	0.489	1.045E-77	7	821	885	39	841	931	227M5D9M4I67M2I20M1D21M1I28M14I37M2I10M1D26M1I17M6I28M2I232M1D17M12D44M
23	3309	0.461	1.045E-77	7	876	885	39	849	935	240M1D22M1I36M9I19M1D26M1I33M11I42M3I51M4I19M1I29M1D206M1D25M8I32M25I27M
58	3305	0.492	1.301E-77	7	821	885	39	799	889	242M1D71M1I15M1D15M3I11M1D10M34I6M8I51M8I33M9I237M1D8M5D53M
42	3302	0.475	1.532E-77	7	881	885	39	847	933	240M1D12M3I16M1D28M9I20M1D29M1I27M6I17M6I11M1D15M3I23M10I29M1D41M4D208M1D24M9I27M29I32M
82	3301	0.489	1.618E-77	7	823	885	65	861	947	226M5D12M4I29M1D22M4I11M2I19M1D29M1D26M10I30M1I3M12I6M3I28M2I275M1D13M6D7M3D43M
66	3280	0.450	5.100E-77	7	876	885	39	837	923	43M1D198M1D21M1I31M6I19M10I28M1I26M11I45M3I18M1D75M10I208M1D29M9I27M24I27M
83	3278	0.482	5.689E-77	7	820	885	64	861	947	226M5D12M4I20M1I31M7I28M1D29M1D10M5I16M4I47M2I29M1I15M1I22M11I233M1D21M9D26M3D13M
79	3270	0.462	8.809E-77	21	876	885	1	804	889	227M1D21M1I43M3I15M1D33M1I27M6I17M1I20M4I57M2I52M5I205M1D20M9I36M23I28M
13	3250	0.476	2.628E-76	7	820	885	39	803	894	227M10D1M8I3M1I43M3D14M1D8M11I12M1D40M5I8M20I59M3I14M7I25M15I9M7I214M1D21M12D39M
70	3211	0.472	2.215E-75	7	821	885	39	768	858	242M1D20M1I3M17D7M42I14M1D15M3I11M1D10M34I6M8I13M10I22M11I36M9I234M2I2M3D16M12D44M
47	3168	0.477	2.323E-74	7	820	885	39	739	820	227M12D2M11I66M5I14M1D25M1I17M5I9M1D6M6I14M41I9M1I6M58I15M1I215M1D18M1D42M
55	3083	0.471	2.420E-72	7	819	885	39	803	893	73M1I168M1D66M1I16M1D7M2I52M14I26M4D11M4I6M1I11M9I38M2I131M1I48M1I38M18I15M1I44M1D8M
103	3032	0.461	3.929E-71	10	824	885	16	788	886	33M4I8M5I8M2I166M5I18M1D24M1D25M14I37M2I35M1D48M14D2M2I36M1I11M16I7M16I97M2D130M1D14M3D6M2D43M
92	2969	0.345	1.229E-69	7	884	885	35	963	1084	230M2D9M2D15M4I34M1D16M1I99M5D34M4D20M9D23M21D22M8D26M5D94M2D139M21D52M24I36M
117	2943	0.372	5.092E-69	7	883	885	41	886	1003	233M3D5M2I13M1I13M2I15M5D10M3I10M9I46M3D27M4I10M1D26M4I44M3I33M6D109M1D133M2D14M3D47M27I34M
122	2896	0.345	6.645E-68	7	884	885	38	842	1001	229M2D35M6I3M5I18M23I12M27D27M3I20M17I25M14I26M1D69M3I11M3I77M1D119M1D10M1D20M6I36M26I35M
128	2893	0.368	7.829E-68	7	870	885	40	788	876	228M6I6M9D21M8I22M1D32M16I4M20I14M20I6M6I20M15I17M12I45M8D14M7I88M1D128M1D63M25I21M
18	2835	0.355	1.864E-66	7	884	885	35	969	1248	230M5D69M7D34M5D13M5D52M11D32M14D25M3D56M4D5M7D23M3D73M1I12M1D143M5D31M11D20M23I36M
101	2770	0.350	6.507E-65	7	884	885	54	849	936	226M6I26M9I5M3I20M4I57M1D18M19I38M5I6M4I41M1D43M4I10M1I6M3D1M1D58M2D104M11D41M1D11M2I13M19I17M26I35M
8	2724	0.329	8.040E-64	7	884	885	41	924	1016	228M14D63M2D43M4D27M4D28M4I26M5D49M1I75M5I80M2D122M1D16M13D21M3I26M26I35M
123	2717	0.414	1.179E-63	12	738	885	0	713	715	228M2D123M9I24M4I14M1D32M8D20M11I39M3I185M1D21M2D14M
126	2590	0.342	1.219E-60	7	872	885	43	721	808	64M2I160M10I4M9D21M7I26M38I6M8I17M12I14M23I7M24I25M1I13M33I9M10I10M6D134M1I33M2D1M4I32M3I32M4I30M24I24M
100	2579	0.346	2.224E-60	7	822	885	38	702	806	233M10I23M1D28M7I43M1I12M5I12M1I11M22I29M61I2M47I77M1D5M1D83M7I2M9D29M3D16M1I9M4I36M
91	2576	0.331	2.620E-60	7	823	885	43	705	788	65M1D161M14D8M82I11M1I9M64I27M7I33M1I21M3I34M13I3M4I65M2I10M4D5M2I80M1D1M7I35M1I13M13D49M
114	2570	0.368	3.637E-60	7	821	885	39	833	929	181M1D45M5I22M2I27M4I80M1D20M8I35M1I37M2I31M9I99M2D87M5I5M2D11M1D39M1D13M6D23M2D24M
96	2529	0.332	3.419E-59	9	824	885	69	856	948	224M14D16M9I44M14I12M1D22M3I6M3I9M3I19M8I22M10I6M34D6M5I5M1D28M8I24M17I18M3D6M1D62M4I9M4D5M2I48M1I33M1I35M2I5M3D30M1D32M
21	2511	0.348	9.145E-59	7	778	885	38	702	745	175M1D51M7D10M6I10M31I18M1I34M9I22M10I7M10I32M11I11M1I34M2I12M29I20M2I76M1D5M1D72M1I10M5D1M6I37M3I13M
124	2464	0.340	1.194E-57	7	808	885	35	632	713	224M3D2M8D3M12D13M18I24M42I5M58I5M36I6M5I24M67I14M2I40M1D22M1I18M2D86M1I28M1I22M1D35M
7	2463	0.311	1.261E-57	7	824	885	42	720	857	66M1D172M5I19M19I12M24I19M4I5M59I29M8I18M10I33M6I38M2I39M2D43M3D46M2I17M1D12M2I10M4I34M1I60M
98	2462	0.322	1.331E-57	7	815	885	47	685	776	67M1D160M10D6M4I7M71I11M5I28M10I18M6I9M10I8M1I5M23I37M54I71M2I11M1D5M1D75M1I8M6I35M1I10M11D44M
97	2443	0.322	3.761E-57	7	815	885	60	699	786	67M1D160M9D12M1I7M31I8M32I18M30I21M22I20M19I23M32I11M9I19M7I61M3I11M1D5M1D84M6I35M1I12M5D2M8D7M1I32M
0	2435	0.312	5.824E-57	7	824	885	47	673	754	67M1D160M10D3M6D60M77I17M17I15M53I7M64I7M2I63M3I9M1D5M1D77M1D7M6I35M1I12M12D51M
125	2424	0.316	1.062E-56	7	816	885	61	732	813	228M1D4M2D26M17I19M16I19M18D2M17I31M14I27M24I22M47I23M13I61M7I5M6I124M1I10M1D14M2D33M
10	2423	0.311	1.122E-56	7	821	885	60	694	784	67M1D159M10D49M1D16M30I20M31I13M18I14M33I8M72I13M2I2M2I62M2I11M4D5M2I82M6I35M1I12M2D24M1D24M
87	2408	0.312	2.547E-56	7	824	885	41	654	770	66M1D162M1I10M7D14M2I25M106I33M30I11M5I5M53I7M9I7M2I39M2D42M2D47M2I17M1D11M2I6M5I26M2I37M2D34M
1	2404	0.316	3.170E-56	7	824	885	39	655	787	230M1D11M6I15M78I18M14I15M18I7M35I24M32I7M15I22M1I25M1D13M2D38M1D5M1D49M2I17M2D13M11I32M3D65M
120	2388	0.328	7.600E-56	7	817	885	41	676	764	64M2I163M5D17M7I37M64I9M2I24M4I23M1I21M3I4M7I15M68I8M1D3M4I33M2D39M1D7M1D47M2I17M1D54M4I4M1I13M17I23M
89	2366	0.314	2.530E-55	7	824	885	41	657	777	66M1D164M16I8M25I15M46I5M2I12M36I9M4I17M18I17M13I18M13I11M7I5M15I4M2I39M2D39M4D3M2I47M2I16M1D10M2I5M5I37M2I12M2D27M1I21M
63	2365	0.318	2.672E-55	7	822	885	41	660	778	66M1D162M1I28M25I4M58I3M1I21M1D17M12I30M64I7M22I10M9I6M2I39M2D39M4D2M2I46M2I17M1D11M2I6M5I24M2I33M2D38M
2	2361	0.308	3.325E-55	7	820	885	44	693	781	65M1I56M1I169M80I8M16I27M23I21M51I25M5I36M1D43M3D49M1D11M1D6M4D60M5D23M5I27M3D6M
37	2356	0.313	4.369E-55	7	819	885	39	722	829	120M1I105M9D17M8I21M3I14M56I5M23I13M21D17M3I12M26I43M19I9M18I13M2I39M2D37M1D5M1D49M2I15M1D14M1I11M2I26M4I4M1D11M3D45M
40	2342	0.309	9.391E-55	7	824	885	40	656	776	66M1D163M69I11M5D10M25I15M36I9M4I17M18I19M1D22M38I5M11I8M2I39M2D39M4D3M2I45M2I18M1D10M2I5M5I37M2I19M3I22M4D17M
36	2325	0.311	2.378E-54	7	819	885	39	722	829	120M1I105M9D17M8I21M3I14M56I5M23I13M21D7M1I27M28I38M19I9M18I13M2I39M2D37M1D5M1D49M2I16M1D13M1I11M2I26M2I6M1I8M10D12M7I28M
20	2313	0.299	4.582E-54	7	824	885	41	652	772	235M57I7M87I11M9D33M18I12M7I14M28I15M11I9M3I40M2D39M4D3M2I45M2I17M1D11M2I6M5I36M2I15M2D46M
88	2306	0.303	6.718E-54	7	824	885	41	650	770	236M10I4M101I9M10I6M13I1M4I35M20I7M10I11M21I28M11I6M4I40M2D39M4D3M2I47M2I18M1D8M2I7M5I31M1I5M1I8M2D52M
95	2301	0.311	8.830E-54	7	816	885	35	634	720	63M2I163M9D1M15I9M16I21M72I20M28I9M24I17M1I14M41I11M12I3M3D7M2I32M2D44M2D51M2I16M1D51M5I24M7I27M
121	2276	0.304	3.462E-53	7	803	885	29	618	619	230M13D6M6I17M6I3M76I3M5I9M6I25M37I10M17I8M54I2M3D17M8I3M1D25M1D11M2D43M2D51M2I13M2D17M2I9M3I22M3I27M6I15M
14	2224	0.316	5.938E-52	7	792	885	119	801	886	71M25I3M4I2M1D70M1D53M5D8M6I23M4I24M8I26M30I23M18I29M16I53M2I39M4I5M2I76M1D5M1D128M1I9M6D10M2D9M
12	2194	0.300	3.060E-51	7	820	885	36	674	675	227M3D37M16I11M43I4M27I15M16I27M19I15M25I28M15I21M2I27M1I7M2D35M1D7M1I3M2I45M2I15M1D16M2I36M9I10M1I22M1I24M
11	2008	0.302	7.959E-47	42	782	885	42	581	596	193M6I4M146I20M5I16M20I31M4I33M8I6M7I10M4I25M1D10M2D41M1D5M1D49M2I15M2D17M2I6M3I23M3I17M2D10M
9	1694	0.255	2.260E-39	7	824	885	41	524	639	66M1D162M1I10M159I19M71I24M33I13D7M10I3M66I45M2I17M1D14M2I4M5I25M2I19M1I30M3D21M
19	1477	0.211	3.200E-34	7	821	885	47	674	735	10M2D44M1I11M1I42M1D11M5D4M8D20M1I3M3D27M2D51M12D6M3I10M30I6M49I10M38I7M13I18M33I12M12I6M45I14M3I5M4I12M2D6M2D46M1I5M1D14M2D79M4D53M2D38M1D11M
90	1068	0.154	1.635E-24	7	824	885	38	610	697	9M5I51M1I41M5D17M1I21M1I24M16I5M3D41M26D5M25I26M27I11M44I6M72I10M18I6M11I1M26I13M1I2M12I33M2I5M1I7M2D6M1I5M5I16M12D34M2D4M2D6M3I19M2D17M14I26M3I19M10I33M
4	1018	0.169	2.514E-23	7	752	885	38	592	688	12M4I49M1I38M3D4M2D16M1I22M1I22M4D10M12I46M96I9M2I16M42I63M23I19M1I14M15I6M3I12M3D25M3I14M3D2M1D8M2I11M5D8M3I7M2D7M1D8M3D11M4D8M3I18M2D17M8I10M4I10M
129	911	0.154	8.713E-21	40	824	885	28	573	656	4M2I3M2D4M1D19M1I41M3D4M2D13M1I18M1I33M13I36M9D14M146I4M14D4M15I15M25I23M46I12M9I16M4D27M2I5M1I7M2D6M1D8M1D7M3D14M1D33M1D2M3D9M3I17M2D18M14I16M3I14M6I51M
99	836	0.249	5.253E-19	7	317	885	50	361	450	6M5I54M1I38M3D4M1D14M1I23M1I24M2D12M12I34M16D53M1I28M
17	695	0.153	1.168E-15	7	884	885	31	925	985	24M3I9M1I4M1D26M1I38M2D3M1D21M9D19M1I18M12D8M8D3M7D7M4I33M17D64M2D19M11D41M7D15M1D9M2D100M11D38M5D8M2D9M16D18M5I10M2I14M7I6M9I4M5I4M3I24M4D2M8D19M55I6M3I42M5D35M8D19M24I12M1D24M
93	538	0.148	6.223E-12	25	572	885	52	774	803	36M1I11M1I39M3D3M4D16M2I3M1I13M2D29M4I6M2I6M20D32M3D9M6D12M21D65M105D23M1D29M1I25M5D15M5D19M7D7M3D16M1I8M2D4M5D59M1D28M5I17M
 