131	6729	1.00	0.000E+00	0	895	896	0	895	896	896M
61	6211	0.933	0.000E+00	0	895	896	0	932	933	487M40D285M3I121M
64	6103	0.890	0.000E+00	0	895	896	0	967	968	487M75D285M3I121M
38	5865	0.823	0.000E+00	0	895	896	0	968	969	417M1I68M77D288M3I119M
39	5807	0.818	0.000E+00	0	895	896	0	964	965	417M1D69M73D274M1I11M3I24M1I96M
30	5804	0.815	0.000E+00	0	895	896	0	971	972	417M1D70M77D18M1D267M3I121M
28	5792	0.817	0.000E+00	0	895	896	0	970	971	349M2I18M1D50M1D68M78D285M3I121M
27	5771	0.819	0.000E+00	0	895	896	0	969	970	349M2I66M1D70M78D285M3I121M
106	5750	0.818	0.000E+00	0	895	896	0	969	970	349M2I62M1D74M78D285M3I121M
25	5743	0.816	0.000E+00	0	895	896	0	969	970	349M2I61M1D75M78D285M3I121M
24	5739	0.818	0.000E+00	0	895	896	0	969	970	349M2I63M1D73M78D285M3I121M
6	5738	0.817	0.000E+00	0	895	896	0	969	970	349M2I61M1D75M78D285M3I121M
53	5729	0.820	0.000E+00	0	895	896	0	963	964	417M1D70M70D285M3I121M
26	5728	0.819	0.000E+00	0	895	896	0	969	970	349M2I61M1D75M78D285M3I121M
29	5728	0.818	0.000E+00	0	895	896	0	969	970	349M2I61M1D75M78D285M3I121M
33	5728	0.807	0.000E+00	0	895	896	0	969	970	349M2I62M1D74M78D287M3I119M
85	5720	0.815	0.000E+00	0	895	896	0	969	970	349M2I62M1D74M78D285M3I121M
34	5709	0.816	0.000E+00	0	895	896	0	969	970	349M2I62M1D74M78D285M3I121M
105	5708	0.801	0.000E+00	0	895	896	0	962	963	417M1D15M1I53M77D257M1I7M6I17M3I119M
119	5707	0.804	0.000E+00	0	895	896	0	967	968	393M2I22M1D69M77D275M4I131M
112	5707	0.804	0.000E+00	0	895	896	0	970	971	417M1D70M77D254M1I39M2I113M
5	5703	0.820	0.000E+00	0	895	896	0	969	970	349M2I61M1D75M78D285M3I121M
86	5691	0.816	0.000E+00	0	895	896	0	969	970	349M2I62M1D74M78D285M3I121M
107	5690	0.783	0.000E+00	0	895	896	0	968	969	349M2I66M1D69M78D287M4I119M
75	5690	0.807	0.000E+00	0	895	896	0	969	970	415M1D72M76D287M3I119M
111	5614	0.793	0.000E+00	0	895	896	0	937	938	433M1D6M27D8M1D24M10I5M27D257M1I28M3I121M
31	5595	0.814	0.000E+00	0	895	896	0	969	970	349M2I67M1D69M78D285M3I121M
62	5582	0.776	0.000E+00	0	895	896	0	930	931	414M14I7M19I27M6D6M67D262M9I3M8D11M3I24M1I96M
22	5489	0.756	0.000E+00	0	895	896	0	957	958	334M1I16M1I4M1I62M6I38M2I21M77D257M1I28M3I121M
94	5373	0.732	0.000E+00	0	895	896	0	923	924	334M1I52M1I27M33I39M72D254M1I30M3I21M5I95M
67	5311	0.699	0.000E+00	0	895	896	1	963	964	334M1I79M1D43M2I28M77D260M5I7M1D15M4I118M
108	5306	0.733	0.000E+00	0	895	896	0	927	928	334M1I52M1I25M5D11M21D23M1D3M21D22M9I6M3D256M1I30M3I25M4I90M
104	5302	0.785	0.000E+00	0	895	896	0	937	938	43M32I274M2I62M1D74M78D285M3I121M
32	5175	0.807	0.000E+00	42	895	896	1	928	929	307M2I61M1D75M78D285M3I121M
102	5037	0.657	0.000E+00	0	895	896	0	963	964	334M1I79M1D41M2I20M21D10M51D289M2I118M
72	5006	0.640	0.000E+00	0	894	896	0	957	958	333M1I113M7I34M79D14M1I177M1I59M1I33M5I116M
110	4881	0.797	0.000E+00	90	895	896	0	879	880	259M2I62M1D74M78D285M3I121M
118	4853	0.644	0.000E+00	0	891	896	0	974	978	338M1I107M4D42M80D12M1I180M1I13M2D49M1D33M1I114M
127	4825	0.618	0.000E+00	0	894	896	43	1012	1013	334M1I112M4D41M80D14M1I177M1I62M1I29M5I117M
73	4609	0.611	8.625E-104	23	894	896	2	932	933	311M1I110M5I37M36D14M19D7M14D173M1I33M1I41M2I136M
68	4596	0.606	1.701E-103	3	895	896	8	900	901	8M10I7M2I395M28D47M9I199M1I60M1I31M4I115M1I3M
115	4588	0.557	2.585E-103	0	895	896	0	981	982	305M3D59M1D33M1D20M23D6M5D4M6D11M8D17M7D12M13D4M9I8M11D2M16D11M1D217M1D21M1D38M1I114M1I3M
74	4546	0.594	2.322E-102	7	893	896	1	915	926	331M2I85M1D6M2D57M43D6M15D187M2I30M1I26M3I6M3I22M5I85M17I13M
81	4533	0.744	4.581E-102	39	807	896	7	884	885	378M1I59M1I8M77D254M2D34M32D34M
16	4528	0.577	5.950E-102	0	892	896	34	976	978	305M1I20M1D9M3I8M2I46M1D14M2I34M1I26M2I14M17D13M48D177M1I60M1I44M4I106M
15	4527	0.566	6.269E-102	0	892	896	36	981	983	303M1I22M1D12M3I5M3I49M1D10M2I34M1I54M43D10M22D168M1I94M3I118M
49	4448	0.546	3.896E-100	0	895	896	0	858	862	266M5D9M4I47M1I7M18I15M1D73M3D18M2D3M1D10M10I26M2D211M1D17M1D13M2I13M17I22M1I93M
84	4447	0.614	4.105E-100	47	894	896	0	928	929	286M1I112M4D43M86D13M1I177M1I68M1I26M4I22M1I92M
130	4440	0.548	5.918E-100	0	894	896	0	982	983	295M3D73M1D28M1D31M1D14M2D42M7D9M43D6M17D10M15D210M1D23M1I31M2I120M
80	4430	0.618	9.982E-100	42	894	896	1	930	931	288M1I116M4D42M81D13M1I177M1I60M1I32M4I117M
3	4419	0.531	1.774E-99	0	894	896	0	881	882	268M9D5M8I45M1I7M18I15M1D40M9D13M20D41M1D10M10I23M2D214M1D17M1D13M2I13M17I22M1I92M
59	4417	0.531	1.969E-99	0	895	896	0	979	982	7M1D287M3D74M1D29M1D23M1D12M2D53M14D6M6D10M72D177M5I2M4D33M1D22M14I31M3I108M
52	4382	0.524	1.227E-98	0	895	896	0	904	913	266M5D9M4I47M1I7M3I29M1I40M9D13M2D19M13D18M14D6M3D9M10I236M1D24M7I7M4I13M7I22M1I93M
57	4382	0.523	1.227E-98	0	895	896	0	929	931	278M1D23M1I40M1I25M1D38M29D17M15D37M3D11M10I2M7D9M2D12M3D214M1D23M2I21M16I20M1I91M3D4M
109	4371	0.518	2.181E-98	0	892	896	0	913	915	281M1D65M2I20M1D45M9D8M2D13M28D8M5D8M5D22M9I19M4D218M1D18M1D24M20I24M5I84M
44	4363	0.545	3.313E-98	0	895	896	0	882	886	268M2D10M1I47M1I7M1I6M17I9M1D40M9D13M6D19M12D18M1D14M10I18M2D6M1D3M1D210M1D12M1D18M2I13M17I28M1I87M
51	4361	0.523	3.678E-98	0	893	896	0	925	932	281M1D59M4I24M1D40M9D13M2D15M31D10M21D14M1I11M10I236M1D14M1D16M2I13M17I22M1I91M
56	4353	0.523	5.587E-98	0	895	896	0	927	931	266M5D11M4I58M4I24M1D41M9D13M1D3M33D21M3D3M1D17M15D7M10I234M1D23M14I20M4I25M1I93M
54	4346	0.524	8.056E-98	0	895	896	0	919	923	281M1D87M1D23M2I15M9D12M2D16M27D12M8D13M6D11M10I236M1D23M2I21M16I22M1I93M
50	4345	0.531	8.488E-98	0	895	896	0	904	906	266M5D11M4I87M1I14M1D11M3I11M9D13M1D10M12D25M17D16M10I236M1D22M1D8M2I13M17I22M1I93M
71	4341	0.521	1.046E-97	4	895	896	16	933	934	277M1D71M1I15M1D23M2I19M28D16M10D20M2D18M12D6M10I236M1D23M2I21M16I22M1I89M3D4M
41	4324	0.522	2.544E-97	0	895	896	0	920	924	266M5D11M4I18M3I25M1D26M4I10M1D41M2D14M8D17M16D17M4D6M23D9M10I10M7D227M1D14M1I7M16I17M4I25M1I93M
77	4316	0.514	3.865E-97	0	895	896	0	919	925	277M1D114M1I16M10D15M16D15M17D21M3D12M10I9M7D226M1D44M20I22M1I88M1D5M
46	4314	0.519	4.291E-97	0	895	896	0	925	926	281M1D59M4I24M1D40M9D13M1D12M18D13M21D14M1I11M10I236M1D12M2D27M24I21M1I62M12D27M4D4M
76	4312	0.527	4.764E-97	0	895	896	0	921	925	266M5D11M4I64M3I20M1D23M1I16M9D12M2D20M1D9M6D12M3D10M10I18M22D3M13D216M1D17M2I27M16I22M1I93M
113	4308	0.523	5.871E-97	0	895	896	0	914	915	274M2D4M1I51M7I9M1I20M1D82M18D11M24D11M10I6M1D6M8D11M5D214M1D17M5I24M16I20M5I86M4D5M
116	4301	0.517	8.466E-97	0	895	896	0	892	893	268M2D10M1I79M9D9M1D15M1I27M3D14M18D39M1I8M10I236M1D19M5I22M15I21M5I21M1D70M
69	4297	0.511	1.043E-96	0	895	896	0	920	924	277M1D62M1I18M10I16M2I42M25D10M20D18M17D11M3D5M10I236M1D14M6D25M24I21M1I93M
45	4282	0.522	2.285E-96	0	894	896	0	922	927	281M1D71M1I15M1D23M2I15M9D12M2D16M32D12M8D13M6D11M10I236M1D25M1D8M1D9M20I20M2I9M1D84M
35	4281	0.510	2.408E-96	0	895	896	0	925	929	268M10D5M9I45M1D19M2I20M1D16M1I23M28D9M5D6M7D26M10D22M10I11M7D226M1D45M17I22M1I93M
13	4270	0.521	4.279E-96	0	895	896	0	890	894	266M5D11M4I41M3D14M1D8M11I12M1D41M25D6M1D45M1I12M9I16M2D221M1D21M14I20M4I13M1I105M
43	4270	0.514	4.279E-96	0	895	896	0	927	931	266M5D11M4I65M2I20M1D16M1I27M40D13M3D31M18D16M10I236M1D23M2I21M16I22M1I93M
78	4266	0.526	5.275E-96	0	894	896	0	939	940	280M1D21M1I43M3I20M1D23M1I21M12D7M2D18M30D7M3D8M12D18M9I8M1I15M7D214M1D11M3I41M7I32M1D83M
70	4265	0.525	5.558E-96	0	895	896	0	857	858	281M1D20M1I3M17D10M42I11M1D23M2I15M9D12M2D36M2D16M10I236M1D23M2I21M16I22M1I89M3D4M
42	4252	0.518	1.096E-95	0	894	896	0	932	933	279M1D12M3I16M1D28M9I15M1D33M1I14M12D10M2D16M30D9M1D10M11D17M9I11M9D226M1D23M2I8M1I21M7I28M1D87M
48	4244	0.523	1.666E-95	0	894	896	0	898	899	268M2D10M1I14M2I38M1I10M5I14M1D21M4I36M33D13M10D34M10I18M1D219M1D43M2I8M18I19M1I86M
58	4230	0.529	3.463E-95	0	895	896	0	885	889	281M1D71M1I15M1D23M2I31M12D24M8D13M6D11M10I236M1D10M1I28M24I21M1I93M
23	4229	0.519	3.649E-95	0	894	896	0	934	935	279M1D22M1I36M9I15M1D30M1I19M12D8M9D21M8D13M7D17M10I10M2D12M28D9M1D207M1D11M2D9M4I7M1I22M7I25M1D90M
47	4221	0.536	5.543E-95	0	891	896	0	811	820	266M5D11M4I64M5I14M1D20M1I22M5I16M6I22M8I5M16I19M1I213M1D18M1D15M1D16M43I82M
83	4211	0.502	9.349E-95	0	894	896	25	946	947	4M1I2M1D258M7D10M6I20M1I31M7I28M1D24M1D32M37D13M10D13M13D22M9I237M1D42M21I23M1D91M
65	4189	0.518	2.952E-94	7	895	896	2	876	879	296M2D60M1D63M23D9M4D24M29D11M11I7M6D15M1D175M1I36M11I15M20I11M37I87M
82	4172	0.511	7.180E-94	3	894	896	28	946	947	4M1D261M2D10M1I31M1D23M6I29M1D24M1D32M37D13M10D34M11I12M11D224M1D17M12I27M9I21M1D91M
66	4146	0.504	2.795E-93	0	894	896	0	922	923	82M1D198M1D21M1I31M6I19M10I24M1I17M5D12M9D17M15D16M3D16M10I5M14D22M16D210M1D27M4I25M6I25M1D90M
60	4136	0.504	4.713E-93	5	895	896	1	991	994	5M2D21M10D7M3D256M3D39M2I31M1D24M1D22M27D11M9D14M29D23M3D6M12D6M4I10M6D16M2D7M8D169M1I39M1D16M2I23M2I12M7I27M1D89M
55	3922	0.489	3.399E-88	0	895	896	0	889	893	112M1I168M1D66M1I16M1D7M2I34M9D14M1D18M29D6M5D17M3D9M9I9M11D114M1I48M1I38M20I7M4I2M1I32M24I24M1I53M1I36M
128	3807	0.398	1.387E-85	2	895	896	0	875	876	3M3D263M6I5M9D21M8I22M1D48M5I86M1D29M9I78M2D7M1I125M1D12M1D16M4I55M4I79M1D8M
103	3797	0.497	2.339E-85	26	894	896	0	885	886	49M4I10M5I5M2I170M5I15M1D23M1D24M9I13M5I26M2I90M31D20M24D86M2D128M1D57M11I110M
79	3789	0.512	3.553E-85	52	894	896	0	888	889	228M1D21M1I43M3I15M1D28M1I20M12D8M2D18M11D15M1D4M5D7M22D13M3I8M1I15M8D214M1D13M4D9M7I26M7I25M1D90M
117	3715	0.372	1.700E-83	0	895	896	0	1002	1003	5M2D264M10D8M5D21M15D28M1D80M25D54M1D23M2D23M6D80M1D132M2D12M11D30M19D128M7D8M
92	3621	0.354	2.314E-81	5	894	896	1	1083	1084	261M4D34M38D70M7D19M55D7M1D75M10I10M7D17M25D84M2D136M53D17M1D10M5D26M4D28M1D86M
122	3562	0.371	5.056E-80	7	880	896	6	961	1001	261M2D20M1D45M37D33M2I56M2D8M1I26M2D14M8I27M2I82M1D117M1D9M1D11M10D41M3D25M22D9M11D67M2D10M
101	3472	0.368	5.583E-78	5	890	896	20	931	936	260M6I74M8D36M16D30M4D13M3D14M4D13M3D20M9I35M2D1M1D58M2D103M11D41M1D22M11I6M1D28M4I102M
8	3409	0.358	1.503E-76	0	895	896	0	1013	1016	5M2D263M15D7M1I54M15D15M2D10M10D34M2D6M5D6M1D29M23D19M26D23M9I5M7D6M3D16M5I80M2D122M1D15M12D34M1D24M6D108M
126	3389	0.381	4.276E-76	0	889	896	3	806	808	6M1D96M2I161M10I4M9D21M7I26M8I28M9I40M4I8M3I22M14I10M30I133M1I37M2I27M3I50M1I82M1I3M1I40M
18	3351	0.323	3.117E-75	5	893	896	1	1247	1248	264M5D48M55D5M6D14M16D12M7D22M2D11M3D25M8D41M7D12M17D14M10D5M3I7M1I15M7D72M1I12M1D141M5D13M86D3M12D14M67D25M18D10M17D7M14D92M
100	3320	0.364	1.576E-74	0	895	896	0	797	806	3M1I268M10I10M2D26M1I14M7I40M29I21M1I37M18I11M14I77M1D5M1D85M3I3M5D30M3D24M25I46M2I50M1D35M
91	3273	0.354	1.838E-73	5	895	896	9	786	788	99M1D161M14D7M10I6M22I23M17I13M17I46M5I28M26I24M3I64M2I10M4D5M2I79M3I3M3I36M1I12M17I23M3I30M6I3M1I33M2D17M4D31M
98	3251	0.334	5.805E-73	5	895	896	13	774	776	101M1D160M10D6M4I7M71I9M22I85M12I93M2I11M1D5M1D74M1I6M1I3M5I34M1I14M5I3M17I48M6I2M1I32M2D22M4D28M
97	3205	0.345	6.428E-72	1	885	896	22	774	786	105M1D160M9D12M1I55M57I30M28I22M15I20M7I61M3I11M1D5M1D84M6I34M1I14M2D11M26I39M5I36M1D16M2D21M
7	3183	0.348	2.030E-71	5	895	896	8	819	857	98M1D184M7I40M14I23M3I22M11I12M1D32M6I4M5I5M15I24M2I39M2D43M3D46M2I18M1D19M6I36M1I18M10I22M9I33M2D34M2D48M
124	3178	0.356	2.636E-71	5	884	896	1	707	713	258M3D4M3D6M12D7M38I15M107I18M11I20M10D21M2I40M1D23M1I17M2D84M1I30M1I24M8I13M25I20M10I41M1D6M1I28M
10	3160	0.338	6.755E-71	5	895	896	26	782	784	101M1D159M10D41M1I24M28I11M32I23M18I15M7I6M19I16M7I62M2I11M4D5M2I82M6I34M1I17M12I3M10I46M8I32M2D21M2D29M
0	3159	0.349	7.117E-71	0	895	896	8	752	754	106M1D160M10D3M6D56M16I8M62I17M17I11M36I14M7I62M3I10M1D5M1D77M1D4M1I3M5I34M1I13M4D3M26I10M1D32M1I5M5I31M2D21M2D31M
114	3156	0.351	8.326E-71	0	890	896	0	925	929	220M1D46M5I32M37D18M1D7M7D21M8D22M3D19M2D22M1D41M1D18M10I91M2D86M5I12M3D43M1D12M6D17M5I17M12I29M1I80M
120	3132	0.355	2.919E-70	0	895	896	0	760	764	4M2D98M2I164M3D9M5I47M64I6M2I17M1I13M4I20M2I5M1I37M1D9M4I33M2D39M1D7M1D47M2I18M1D50M4I7M1I10M47I25M7I2M1I31M1I44M2D6M
96	3120	0.330	5.466E-70	5	895	896	38	941	948	30M5I227M11D93M6I61M39D5M5I34M10I9M16D17M3D6M1D60M4I11M4D5M2I48M1I32M1I38M1D20M25I12M2I13M2D24M3I82M
89	3087	0.330	3.068E-69	0	889	896	0	747	777	5M2D99M1D164M2I62M22I4M28I10M19I9M16I20M31I13M2I4M2I39M2D37M3D4M1I49M2I16M1D14M7I37M2I36M1I11M18I64M2D40M
2	3084	0.329	3.588E-69	3	895	896	8	780	781	99M1I58M1I165M41I29M1I16M38I19M15I21M5I36M1D33M1D14M2D45M1D11M1D6M4D62M5D22M29I11M8I17M7I31M1D3M2D10M5D12M3D27M
95	3077	0.349	5.174E-69	5	895	896	1	715	720	98M2I162M9D1M15I9M16I22M31I62M6I2M4I7M26I11M30I1M5I32M2D45M2D50M2I16M1D51M5I18M29I9M8I24M6I1M3I32M1I38M1I10M
87	3077	0.340	5.174E-69	5	885	896	7	735	770	96M1D166M1I10M7D14M2I31M88I15M9I24M5I6M15I15M13I36M2D42M2D47M2I18M1D10M2I5M5I27M2I21M4I5M10I24M10I26M1D36M2D39M
1	3076	0.325	5.451E-69	0	895	896	0	773	787	269M1D11M6I18M16I18M68I13M2I31M31I27M1I26M1D13M2D38M1D5M1D49M2I16M2D14M2I9M6I49M15I30M2I24M3I32M1D4M2D9M7D6M8D2M3D19M3D10M
63	3071	0.335	7.080E-69	5	889	896	7	747	778	96M1D166M1I28M5D33M60I22M4I17M24I14M11I9M23I38M2D42M2D47M2I17M1D11M2I5M5I25M2I31M8I5M2I21M13I58M2D43M
20	3052	0.337	1.911E-68	0	885	896	0	737	772	5M2D274M7D13M2I35M33I8M58I3M16I19M22I21M3I39M2D37M3D4M1I47M2I18M1D24M7I17M1I12M1I10M5I9M3I4M4I40M7I43M2D39M
40	3028	0.338	6.701E-68	0	889	896	0	746	776	5M1D99M1D164M16I10M6D10M19I9M43I19M2I27M13I24M26I17M9I39M2D37M3D4M1I47M2I18M1D10M2I7M5I34M2I10M13I10M2I23M2I28M2I40M2D40M
88	3024	0.325	8.260E-68	5	885	896	7	735	770	289M2D44M68I11M21I10M17I3M22I19M3I39M2D37M3D4M1I49M2I12M1D14M2I7M5I24M1I12M1I8M11I21M1I39M7I41M2D36M
125	3016	0.317	1.255E-67	3	884	896	25	805	813	268M3D21M11I18M24I16M11I10M18D89M14I15M13I63M13I127M1I12M5I35M10I6M6I9M14I71M
37	3004	0.335	2.350E-67	2	885	896	0	800	829	13M2D144M1I105M9D12M15I13M10I9M1I7M10I16M11I5M6I6M27D24M1D45M35I20M2I39M2D42M2D49M2I16M1D13M1I15M2I22M1I5M2I11M3D9M11I8M2I7M20I59M2D38M
14	2962	0.338	2.111E-66	5	889	896	85	883	886	104M25I4M4I2M1D70M1D51M8D14M3I20M1D25M2D24M2D14M2D106M14I19M8I81M2D128M1I12M42I22M9I4M1D79M
36	2957	0.330	2.741E-66	2	895	896	0	810	829	12M2D145M1I105M9D12M15I13M10I9M1I7M10I16M11I6M1I11M22D10M9I31M10I24M15I24M2I39M2D42M2D49M2I16M1D13M1I15M2I22M2I6M1I8M9I18M1I11M20I59M2D48M
21	2771	0.367	4.575E-62	5	734	896	4	701	745	209M1D51M3D14M2I11M9I67M1I59M1I32M4I6M14I25M2I76M4D5M2I70M1I10M4D2M5I27M3I22M
123	2709	0.431	1.169E-60	44	695	896	0	713	715	224M2D49M8D8M9D13M5D13M2D27M14D38M23D39M1I4M7D11M10I178M1D23M2D14M
12	2570	0.361	1.672E-57	5	772	896	2	671	675	262M5D5M2I32M14I14M12I13M28I10M1I3M2I21M1I17M11I5M3I10M11I6M2I10M1I9M2I27M1I7M2D35M1D7M1I3M2I45M2I18M1D13M2I36M9I53M
121	2569	0.325	1.762E-57	11	759	896	1	618	619	258M14D7M7I15M6I7M92I10M3I18M38I16M13D19M2I4M2I22M1D11M2D43M2D51M2I16M2D14M2I9M3I22M3I27M5I15M
9	2408	0.294	7.959E-54	5	889	896	7	609	639	96M1D173M59I5M78I24M1I13M14I17M24I7M10I3M66I45M2I18M1D13M3I4M4I25M2I23M19I21M8I5M2D27M2D33M2D43M
11	2223	0.332	1.261E-49	0	747	896	0	583	596	42M32I201M6D16M9I14M69I39M16I20M9I5M11I12M17I25M1D10M2D41M1D5M1D49M2I16M2D14M2I8M3I23M3I22M4I9M
19	1840	0.212	6.238E-41	2	895	896	9	729	735	30M1D17M2D44M1I9M1I44M1D11M5D6M8D17M1I4M3D27M2D51M12D10M104I6M17I21M6I33M21I23M7I13M2D6M2D47M1I4M1D16M2D78M4D41M4I5M2I17M5I19M8I23M16I4M18I17M1D8M1I6M6I18M
90	1435	0.175	9.750E-32	0	888	896	0	693	697	32M1I14M5I50M1I43M5D17M1I21M1I29M12I3M1I40M27D11M26I20M27I8M22I10M16I11M15I8M45I13M11I32M2I5M1I7M2D6M1D22M5D38M1I3M5D7M3I19M2D18M14I29M9I12M24I21M1I16M5I8M1I4M1I10M1D12M1D11M1D14M1D19M
4	1321	0.182	3.775E-29	9	889	896	8	686	688	39M4I50M1I40M3D6M2D14M1I22M1I22M4D10M12I37M1D10M29I4M34I29M2I17M2D19M21I38M15I19M6I37M3I14M3D2M1D8M2I12M3D12M5D30M2D7M2D2M3I18M2D14M8I13M4I11M84I18M3I7M3I3M2I17M3D21M3D21M
129	1221	0.180	7.032E-27	10	882	896	0	646	656	2M1D2M1I16M1I11M35I3M2D4M1D17M1I43M3D4M2D13M1I18M1I33M13I38M2D16M20I3M18D4M115I5M8I10M2I11M20I13M2D25M4D27M3I12M2D6M1D8M1D7M3D14M1D32M1I2M5D9M3I16M2D16M8I5M3I19M6I24M14I5M1I11M7I27M6I2M1I7M9I3M1D16M1D6M1D13M1D15M
99	993	0.193	1.054E-21	5	595	896	17	449	450	7M1D2M1I16M1I13M5I52M1I40M3D4M1D14M1I23M1I24M2D12M12I31M17D19M23I5M13I7M23I17M4I19M7I6M81I14M5I5M4I2M5I12M1D3M1I11M3I9M4D2M2I5M2D20M4D4M
17	779	0.164	7.602E-17	9	888	896	3	974	985	21M2I26M3I14M1I4M1D26M1I38M2D3M1D15M2I6M11D16M1I19M12D8M8D3M7D7M4I27M4D3M16D7M27D17M16D19M19D15M2D24M7D27M1D28M17D19M7D35M8D13M4D10M8I23M2D27M5I2M6I8M7I8M7I10M2D19M16I5M16I3M14I3M5I18M3I31M27D14M6D57M1D22M1D10M14I6M4I5M5I6M6D17M1D12M
93	630	0.128	1.834E-13	11	891	896	13	802	803	34M7I41M1I11M1I39M3D3M4D15M2I4M1I17M1I2M3D22M4I6M2I6M20D26M1D28M1I10M3I32M1I51M109D88M14I9M2D14M5I17M18I6M20I19M7I3M72I3M6I3M31I2M5I3M1D22M1I50M1D8M6I13M17I5M9I34M
 36	6524	1.00	0.000E+00	0	828	829	0	828	829	829M
37	6049	0.966	0.000E+00	0	828	829	0	828	829	829M
63	3476	0.416	7.083E-78	2	821	829	6	774	778	10M2I92M1D53M1D109M14I27M4D37M36I20M13I13M8I18M2D168M4I35M1D24M3D14M2D19M2D86M4D8M6D10M
7	3434	0.410	6.329E-77	2	822	829	7	831	857	10M2I92M1D53M1D105M12I8M3D16M10D17M3D30M17I19M3I71M7D85M1D81M3I28M2D20M5I27M8D14M10D79M2D9M2I13M
1	3407	0.412	2.587E-76	2	821	829	4	785	787	10M2I145M1D105M8I30M3D22M1I22M24I22M31I7M9I8M1I12M1D22M1D126M1D12M1I12M1I39M5I18M14D18M1I13M2D34M1D6M7D12M11D21M4D20M
87	3405	0.409	2.871E-76	2	821	829	6	760	770	10M2I86M1D59M1D111M2D50M44I17M2I10M1D16M19I15M11I168M4I28M2D6M1I12M9I20M9D18M7D84M4D18M
88	3369	0.402	1.876E-75	2	821	829	6	761	770	10M2I145M1D106M55I25M19I56M3I9M1D190M4I35M1D23M10D30M1D90M5D18M
40	3340	0.393	8.511E-75	0	821	829	3	772	776	12M2I88M1D57M1D105M4I1M12D26M8I21M51I23M7I23M1I14M10I173M4I31M1D18M9D5M1D34M1D87M5D7M4D10M
20	3332	0.401	1.292E-74	2	821	829	6	763	772	10M2I145M1D107M19I7M40I7M13I3M2I10M3D28M1D25M4I202M4I31M1D23M3D15M2D3M1D19M5D83M5D18M
89	3328	0.379	1.591E-74	2	821	829	6	773	777	10M2I93M1D52M1D105M15I30M3D35M26I3M13I12M13I29M5I181M4I31M1D17M10D40M1D85M5D9M4D10M
91	3248	0.388	1.031E-72	2	810	829	8	785	788	10M2I91M1D54M1D111M1D13M3D38M3D26M24I25M16I85M2I25M2I63M1D3M1D18M1I9M2D9M5I25M2D16M4D52M1I52M4D18M1I12M
120	3236	0.392	1.928E-72	0	816	829	4	763	764	12M2I90M2I53M1D108M6I18M5I18M4I26M20I8M2D60M7D190M1D9M2D28M2I12M16I14M2I8M4I7M3I34M3I30M1I22M
95	3229	0.395	2.777E-72	3	810	829	1	715	720	9M2I90M2I53M1D109M6I17M31I21M26I6M14I68M6D174M3D27M2I13M10I24M3I14M3I31M4I4M1D34M1I10M
100	3223	0.380	3.797E-72	2	812	829	3	802	806	10M2I145M1D107M10I45M1I14M2D10M22I19M1D27M3I40M8D40M2I91M2D17M1I11M11D9M6I23M6D16M1I25M5D25M1I38M2I5M1D24M3D19M
124	3200	0.383	1.260E-71	2	805	829	0	712	713	10M2I145M1D111M10D11M4I27M17I14M12I8M2I9M1I9M2I8M49I54M1I25M1I68M2D16M1I26M2D25M2D13M2I13M3I21M8I39M1I13M1I24M1I7M
0	3166	0.384	7.418E-71	2	808	829	12	749	754	10M2I88M1D58M1D122M2D5M4I16M1I18M46I31M3I19M8I14M9I41M2I24M3I64M2D18M2I1M1D8M3D10M5I25M2D14M2I5M5D104M2D12M1I12M
97	3159	0.390	1.069E-70	2	810	829	25	783	786	10M2I88M1D57M1D121M1I26M1I14M4D22M24I10M2I22M10I17M9I15M3I41M2I24M3I64M2D18M2I1M1D9M2D9M5I25M2D14M2I5M8D8M3I34M2I32M1I20M2D16M1I14M
98	3154	0.380	1.387E-70	2	808	829	12	771	776	10M2I88M1D57M1D110M3I54M2I9M38I12M4I24M4I41M5D37M2I25M2I63M2D21M1I5M1D13M5I25M2D17M2I13M4D35M1I56M4D15M1I10M
128	3112	0.360	1.239E-69	2	804	829	5	867	876	10M2I145M1D107M5D12M2I30M6D37M21I54M1I38M49D36M2I37M1I55M2D16M1I13M1D11M2D19M4D24M3I6M11D5M8D31M7D37M4I4M2D30M1I8M
10	3096	0.370	2.854E-69	2	810	829	25	780	784	10M2I88M1D58M1D109M3I35M1I37M25I35M1I29M19I43M2I24M2I65M2D18M2I1M1D9M2D9M5I25M2D121M2D18M1I7M1I4M
62	3070	0.322	1.107E-68	0	810	829	2	930	931	12M2I145M1D105M13I5M13D3M6D9M46D12M26D25M2D12M10D7M6I52M1I21M1D27M9D40M2I42M2I49M2D16M1I13M1D15M2D19M3D18M25D84M4I3M2D46M
70	3035	0.344	6.868E-68	0	810	829	2	856	858	12M2I145M1D107M6I10M7D19M25D10M2D36M17I26M3D25M3D8M8D5M2D5M1D25M2D39M2I40M3I1M1D49M2D16M1I13M1D13M2D21M4D22M10D16M1D64M4I4M2D33M2D12M
39	3021	0.310	1.425E-67	0	810	829	2	964	965	12M2I145M1D105M13I6M19D11M46D9M26D20M5D21M41D5M6I53M1I21M8D28M2D39M2I42M2I49M2D16M1I13M1D15M2D19M3D17M25D85M4I3M2D46M
22	2995	0.312	5.529E-67	2	809	829	4	956	958	10M2I145M1D108M12I3M12D8M86D15M13D18M13D43M2D30M3D60M2D41M2I42M2I49M2D16M1I13M1D15M2D19M3D17M7D4M13D46M6D35M4I3M2D45M
119	2993	0.312	6.136E-67	0	810	829	2	967	968	12M2I145M1D105M13I6M19D11M25D11M36D9M17D22M21D9M17D5M6I47M3D29M8D26M2D39M2I42M2I49M2D16M1I13M1D15M2D22M2D6M1D10M24D19M2D64M4I3M2D46M
113	2992	0.328	6.465E-67	0	807	829	2	913	915	12M2I145M1D107M6I10M7D7M5D33M2D14M9D11M13I3M2D27M1D11M3D9M24D9M12D8M33D13M7D14M2D6M5D37M2I40M3I1M1D49M2D16M1I13M1D14M2I9M4D9M4D17M1D15M7D31M4I35M4I3M2D34M2D2M4D7M
72	2992	0.331	6.465E-67	2	807	829	4	956	958	10M2I145M1D105M13I5M13D16M29D10M37D7M24D22M4D7M22D5M7I13M15D64M3I23M2D38M2I42M2I49M2D16M1I13M1D11M1D21M4D6M1I12M8D8M12D10M3D20M1D47M4I3M2D40M1D3M
35	2991	0.330	6.811E-67	0	807	829	2	927	929	12M2I145M1D105M4I19M10D33M19D8M14D7M7D14M15I18M19D9M38D9M6D25M1D20M3D13M2D39M2I40M3I1M1D49M2D16M1I22M3D25M4D16M6D6M5D16M1D64M4I4M2D33M2D2M3D7M
126	2990	0.341	7.175E-67	1	806	829	7	807	808	11M2I90M2I53M1D106M1I35M1I44M18I18M1I20M9I17M7I8M4D14M10D39M2I42M2I49M1D16M1I13M1D55M1I9M11D36M19D36M4I39M1I4M
76	2989	0.324	7.559E-67	0	810	829	2	923	925	12M2I145M1D107M6I8M7D24M10D6M16D11M2D9M14D20M14I11M10D38M11D19M3D24M40D2M4D39M2I40M3I1M1D47M2D18M1I22M3D25M4D19M4I25M15D54M4I4M2D33M2D12M
3	2987	0.351	8.390E-67	0	807	829	2	879	882	12M2I145M1D105M2I14M3D14M11D8M5D32M1D4M10D12M14I23M4D22M4D11M12D10M6D19M13D11M5D37M2I40M3I1M1D49M2D16M1I22M3D25M4D17M10D21M1D65M3I4M1D42M
107	2986	0.318	8.839E-67	2	810	829	4	968	969	10M2I145M1D105M17I4M23D13M76D16M2D26M12D6M23D7M3I37M1D10M4D54M9D40M2I37M1I5M1I49M2D16M1I13M1D11M2D23M2D9M1D11M3I12M24D28M5D39M4I3M2D46M
115	2984	0.307	9.811E-67	0	807	829	2	979	982	12M2I145M1D105M15I6M24D24M9D19M5D14M2D5M11I6M11D13M16D32M6D18M16D26M63D8M13D36M2I42M2I49M2D16M1I13M1D11M2D23M4D19M4I14M9D28M25D37M3D2M5I43M
106	2982	0.313	1.089E-66	1	810	829	3	969	970	11M2I145M1D105M9I10M15D11M25D8M45D23M5D19M45D5M10I64M5D33M4D3M5D38M2I37M1I5M1I49M2D16M1I13M1D15M2D19M3D16M13D3M4I6M17D17M1D56M4I3M2D46M
38	2978	0.315	1.341E-66	0	810	829	2	968	969	12M2I145M1D105M13I6M19D11M46D9M26D21M20D5M7D16M17D5M6I47M3D27M1D27M9D40M2I37M1I5M1I49M2D16M1I13M1D15M2D22M2D6M1D10M14D22M4D10M4D16M5D35M4I3M2D46M
49	2977	0.351	1.413E-66	0	810	829	2	858	862	12M2I145M1D105M2I14M3D10M7D57M17I18M12D12M2D9M4D9M1D18M6D7M10D22M8D38M2I40M3I1M1D49M2D16M1I22M3D25M4D25M10D13M1D64M4I4M2D45M
69	2975	0.338	1.569E-66	0	810	829	2	922	924	12M2I145M1D107M6I8M7D10M4D15M16D4M15D5M1D31M18I19M19D15M20D9M13D7M9D8M11D7M2D7M1D24M2D38M2I40M3I1M1D49M2D16M1I13M1D10M2D25M4D17M2D6M8D14M1D64M4I4M2D33M2D12M
47	2971	0.346	1.932E-66	0	803	829	2	810	820	12M2I145M1D105M2I16M3D12M11D27M3D26M16I5M6D27M2D17M1D45M5D40M2I40M3I1M1D49M2D16M1I13M1D11M2D23M4D20M1D13M4I8M7I14M1I35M4I4M2D33M2D5M
44	2970	0.346	2.036E-66	0	819	829	2	885	886	12M2I145M1D107M10I6M11D8M4D22M1D38M15I18M4D18M4D7M5D5M30D17M6D19M13D11M5D37M2I40M3I1M1D49M2D16M1I22M3D25M4D25M10D13M1D64M4I4M2D42M6I6M
117	2970	0.317	2.036E-66	2	817	829	6	1002	1003	10M2I145M1D105M1I17M2D21M39D17M9D26M18I37M9D8M34D17M16D14M23D20M5D37M2I40M1I52M2D16M1I22M3D20M4D11M1D15M1D15M6D5M40D18M6D7M7D37M1I4M1I53M
131	2969	0.331	2.145E-66	0	807	829	2	894	896	12M2I145M1D105M9I17M8D21M3D14M6D13M4D5M21D5M16I31M2D32M1D14M5D4M19D11M9D41M2I42M2I49M2D16M1I13M1D15M2D22M2D6M1D8M9D34M7D16M14D38M2I36M2D9M
52	2967	0.327	2.381E-66	0	817	829	2	912	913	12M2I145M1D105M2I14M3D24M18D8M8D13M14D25M14I11M21D27M8D10M16D9M1D38M7D38M2I40M3I1M1D49M2D16M1I22M3D25M4D19M4I19M10D25M5D35M4I4M2D33M2D9M1I9M
56	2967	0.332	2.381E-66	0	819	829	2	930	931	12M2I145M1D105M2I14M3D9M5D38M1D11M30D5M6D7M14I18M19D14M5D7M32D25M15D5M1D25M2D39M2I40M3I1M1D49M2D16M1I22M3D25M4D16M10D22M1D64M4I4M2D32M1I10M5I6M
54	2962	0.336	3.090E-66	0	815	829	2	922	923	12M2I145M1D107M6I10M7D22M20D13M5D12M14D6M5D15M14I18M19D11M23D20M9D12M8D3M2D29M3D40M2I40M3I1M1D49M2D16M1I13M1D13M2I10M4D9M4D22M10D16M1D64M4I4M2D35M2I13M
43	2962	0.332	3.090E-66	0	810	829	2	929	931	12M2I145M1D105M4I12M5D9M5D33M2D20M11D5M5I13M16D17M10D31M11D21M5D3M5D5M13D15M29D40M2I40M3I1M1D49M2D16M1I13M1D10M2D24M4D17M4D15M11D9M1I1M1I3M2I53M4I4M2D33M2D12M
67	2962	0.313	3.090E-66	3	810	829	6	963	964	9M2I145M1D107M13I3M13D8M40D17M20D4M51D16M13D21M9I47M2I4M1D18M5D29M9D40M2I42M2I49M2D16M1I13M1D15M2D17M2D11M1D7M17D6M3D33M2D47M3D2M5I46M
86	2962	0.310	3.090E-66	0	810	829	2	969	970	12M2I145M1D105M13I5M13D8M4D26M1D28M11D6M8I6M2D27M18D11M28D19M20D13M52D24M2D39M2I42M2I49M2D16M1I13M1D15M2D22M2D6M1D7M13D3M4I6M17D17M1D56M4I3M2D46M
28	2962	0.310	3.090E-66	1	810	829	3	970	971	11M2I145M1D105M13I6M19D11M25D11M29D6M42D18M4D14M21D6M10I10M1D12M10D31M2D25M1I20M2D39M2I37M1I5M1I49M2D16M1I13M1D15M2D19M3D17M26D29M1D56M4I3M2D46M
13	2956	0.332	4.225E-66	0	810	829	2	892	894	12M2I145M1D105M2I14M3D9M5D33M23D8M4D5M7D15M14I18M7D24M1D24M8D20M18D7M6D40M2I40M3I1M1D49M2D16M1I22M3D25M4D19M4I11M1D16M14D52M4I4M2D33M2D12M
111	2956	0.321	4.225E-66	0	810	829	2	937	938	12M2I145M1D105M9I17M8D21M3D15M6D12M4D6M9D6M13I17M18D17M39D23M4D15M10D10M18D13M2D39M2I37M1I5M1I49M2D16M1I13M1D15M2D22M2D6M1D8M8D22M4D27M14D39M2I48M
27	2955	0.312	4.451E-66	0	810	829	2	969	970	12M2I145M1D105M13I6M19D11M25D11M57D7M15D7M12D25M11D5M10I10M1D12M10D31M2D25M1I20M2D39M2I37M1I5M1I49M2D16M1I13M1D15M2D22M2D6M1D8M9D22M5D4M1D23M12D36M4I3M2D46M
64	2954	0.315	4.689E-66	0	810	829	2	967	968	12M2I145M1D105M9I21M8D17M3D14M6D13M4D6M6D6M8I5M7D16M15D3M7D7M57D27M5D17M13D24M13D2M1D38M2I37M1I5M1I49M2D16M1I13M1D15M2D19M3D17M9D22M2D14M2D13M14D36M4I3M2D46M
48	2951	0.332	5.483E-66	0	810	829	2	898	899	12M2I145M1D105M4I12M5D32M3D15M27D3M1D5M5D12M16I12M1D17M31D6M1D18M1D14M9D26M13D41M2I40M3I1M1D49M2D16M1I13M1D10M2D24M4D28M7D10M1D26M1D38M4I4M2D32M1I12M
94	2950	0.320	5.776E-66	2	810	829	4	923	924	10M2I145M1D105M17I1M17D9M37D15M29D26M12D11M11D6M7I10M5D37M1D56M2D38M2I36M1I6M1I49M2D16M1I13M1D15M2D22M2D6M1D8M10D34M1I15M12D35M4I3M2D46M
108	2949	0.321	6.086E-66	0	810	829	2	927	928	12M2I145M1D105M9I10M15D15M72D17M11D10M1D23M10I4M1D6M8D50M2D41M2D38M2I36M1I6M1I49M2D16M1I13M1D15M2D23M3D13M10D38M7D12M5D36M3I4M1D45M
24	2947	0.316	6.754E-66	2	810	829	4	969	970	10M2I145M1D105M13I6M19D11M25D8M45D21M14D13M15D9M21D4M10I10M1D34M4D45M7D10M2D39M2I37M1I5M1I49M2D16M1I13M1D15M2D22M2D6M1D8M26D29M1D56M4I3M2D46M
75	2944	0.321	7.898E-66	0	810	829	2	969	970	12M2I145M1D105M13I5M13D9M37D4M15D8M26D9M27D16M3D21M18D1M8I52M2I37M3D10M11D38M2I37M1I5M1I49M2D16M1I13M1D15M2D23M3D18M9D14M2D13M2D18M14D35M4I3M2D46M
41	2943	0.323	8.321E-66	0	807	829	2	922	924	12M2I145M1D107M6I10M7D22M2D18M17D16M9D12M13I52M7D12M10D21M29D9M37D40M2I40M3I1M1D49M2D16M1I13M1D10M2D22M4D19M7D21M1D64M4I4M2D33M2D4M3D5M
71	2942	0.335	8.766E-66	2	804	829	16	926	934	10M2I145M1D107M6I10M7D7M5D33M19D7M14D6M5D15M14I18M19D11M23D30M17D5M2D29M3D40M2I40M3I1M1D49M2D16M1I13M1D13M2D21M4D22M10D16M1D64M4I4M2D33M2D6M
51	2941	0.328	9.236E-66	0	804	829	2	923	932	12M2I145M1D107M6I10M7D7M5D37M16D3M14D6M7D15M14I18M1D24M7D14M12D14M5D3M27D19M22D41M2I40M3I1M1D49M2D16M1I22M3D25M4D19M3I3M13D13M1D64M4I4M2D33M2D6M
112	2941	0.308	9.236E-66	0	810	829	2	970	971	12M2I145M1D105M13I5M13D9M52D13M9D7M44D7M7D9M15D21M9I12M1D10M6D15M5D43M1I20M2D39M2I37M1I5M1I49M2D16M1I13M1D15M2D19M3D16M12D3M4I11M4D12M15D56M4I3M2D46M
50	2939	0.337	1.025E-65	0	809	829	2	905	906	12M2I145M1D107M6I10M7D7M5D36M32D10M5D15M14I9M37D8M5D17M5D6M1I22M2D6M1D25M2D39M2I40M3I1M1D49M2D16M1I22M3D25M4D20M10D18M1D64M4I4M2D33M2D11M
30	2939	0.313	1.025E-65	0	810	829	2	971	972	12M2I145M1D105M9I10M15D11M46D9M26D20M15D16M4D7M24D7M3I47M8D15M4D22M2I16M4D39M2I37M1I5M1I49M2D16M1I13M1D11M2D23M3D17M9D18M12D32M6D35M4I3M2D46M
61	2936	0.331	1.199E-65	0	806	829	2	932	933	12M2I145M1D105M9I17M8D21M3D14M6D13M4D6M6D9M8I2M7D16M15D4M18D22M9D11M7D17M13D28M14D36M2I37M1I5M1I49M2D16M1I13M1D11M2D26M2D6M1D8M15D8M9D7M2D14M1D56M4I3M2D36M4D6M
6	2935	0.312	1.263E-65	1	816	829	3	969	970	11M2I145M1D105M9I10M15D11M25D16M20D36M2D5M13I9M10D26M14D7M32D14M20D37M14D40M2I37M1I5M1I49M2D16M1I13M1D15M2D19M3D17M10I11M12D29M25D35M4I3M2D36M2I5M4I5M
85	2934	0.315	1.330E-65	1	810	829	3	969	970	11M2I145M1D105M13I6M19D11M25D11M57D7M15D7M12D25M11D6M10I20M8D3M3D29M2D25M1I20M2D39M2I42M2I49M2D16M1I13M1D15M2D19M3D16M13D3M4I11M3D16M9D17M6D35M4I3M2D46M
127	2929	0.324	1.727E-65	3	807	829	48	1011	1013	9M2I145M1D105M17I1M17D19M26D29M11D5M10D12M17I20M1D21M25D10M2D22M2D6M29D18M46D35M2I41M3I1M1D47M2D18M1I13M1D11M1D21M4D6M1I12M8D6M12D12M3D20M1D47M4I3M2D40M1D3M
46	2928	0.324	1.819E-65	0	804	829	2	917	926	12M2I145M1D105M4I15M5D6M5D33M9D12M26D3M2D13M14I22M34D21M1D16M20D5M2D29M3D40M2I40M3I1M1D49M2D16M1I13M1D10M2D24M4D17M5I4M11D12M1D64M4I4M2D14M12D19M2D6M
25	2924	0.307	2.241E-65	1	810	829	3	969	970	11M2I145M1D105M9I10M15D11M25D8M45D27M5D15M45D6M10I97M14D40M2I42M2I49M2D16M1I13M1D15M2D22M2D6M1D7M13D3M4I11M12D33M6D35M4I3M2D46M
33	2924	0.317	2.241E-65	0	810	829	2	969	970	12M2I145M1D105M13I6M19D11M25D16M20D36M2D5M12I42M17D10M24D11M26D13M2D8M18D11M2D39M2I42M2I49M2D16M1I13M1D15M2D22M2D6M1D8M9D17M4D33M14D35M4I3M2D46M
58	2922	0.345	2.487E-65	0	815	829	2	888	889	12M2I145M1D107M6I10M7D7M5D33M19D7M14D6M5D15M14I18M1D10M15D37M1D14M6D13M8D4M7D37M2I40M3I1M1D49M2D16M1I22M3D25M4D13M3D25M1D65M3I4M1D35M2I13M
53	2922	0.306	2.487E-65	1	810	829	3	963	964	11M2I145M1D105M13I5M13D19M22D11M83D6M4D5M18D25M9I48M2I7M5D23M1D21M2D39M2I37M1I5M1I49M2D16M1I13M1D15M2D22M2D6M1D8M9D17M16D6M4D3M2I58M3I4M1D45M
45	2921	0.334	2.620E-65	2	807	829	4	918	927	10M2I145M1D107M6I8M7D9M5D33M2D14M16D9M8I12M14D23M19D5M28D20M9D12M8D3M2D29M3D40M2I40M3I1M1D49M2D16M1I13M1D13M2D21M4D19M4I12M1D14M8D20M6D33M4I4M2D35M2I5M
34	2920	0.311	2.761E-65	1	810	829	3	969	970	11M2I145M1D105M13I5M13D8M4D14M13D20M2D25M11I4M21D9M21D27M14D6M32D20M20D26M9D7M5D38M2I42M2I49M2D16M1I13M1D15M2D19M3D17M13D2M4I11M12D33M6D38M2I48M
96	2919	0.351	2.908E-65	1	811	829	36	943	948	11M2I21M3I5M2I114M1D165M20D7M10D4M4D14M14I25M5D10M47D3M12D25M10D33M8D38M2I26M4I60M1D19M1I27M2D19M4D20M3I11M8D18M2I17M1I32M1I2M1I39M1D10M
118	2913	0.318	3.977E-65	2	807	829	4	976	978	10M2I145M1D108M9I21M30D5M5D28M21D17M17I18M20D23M6D12M55D13M10D21M9D9M5D37M2I42M2I47M2D17M1I25M5D11M1I10M4D8M1I9M24D15M6D70M3D2M5I39M1D4M
8	2912	0.320	4.190E-65	2	810	829	6	1013	1016	10M2I145M1D107M3D19M13D12M15D12M25D24M30D10M8D4M21I15M4D6M1D22M5D27M46D7M6D13M10D3M2D36M2I93M2D16M1I13M1D6M2D28M4D19M3I7M11D7M18D8M1I22M24D36M1I2M1I48M
109	2905	0.320	6.035E-65	0	806	829	2	914	915	12M2I145M1D107M10I6M11D7M5D33M18D6M14D7M7D15M14I18M19D12M2D33M9D5M11D15M13D12M12D38M2I40M3I1M1D49M2D16M1I13M1D10M2D24M4D20M3I44M9D35M4I4M2D33M2D8M
59	2903	0.312	6.699E-65	0	810	829	3	981	982	12M2I145M1D107M12I4M12D12M13D18M5D65M19D19M25D28M4D7M3D25M84D41M2I42M2I47M2D18M1I12M7D8M5I22M4D18M5I16M5D30M13D33M4I3M2D34M2D12M
16	2902	0.326	7.057E-65	0	803	829	36	972	978	12M2I145M1D105M8I8M8D10M9D18M15D11M13D6M11D24M15I4M42D18M20D47M7D24M7D40M2I42M2I47M2D18M1I11M2D42M3D13M4I29M6D15M23D38M2I41M
122	2901	0.307	7.435E-65	0	810	829	0	972	1001	4M1D8M2I145M1D108M12I40M6D30M1I10M3D42M3D21M12D7M26D19M4D10M43D38M2I43M1I49M2D16M1I13M1D11M2D24M5D18M4I8M4D6M59D11M10D5M6D15M1D39M2I22M2I22M
105	2899	0.317	8.252E-65	1	807	829	3	961	963	11M2I145M1D105M17I1M17D18M24D14M6D5M10D5M13D23M16I5M9D5M5D32M8D11M37D17M11D11M14D11M5D2M4D40M2I42M2I47M2D18M1I13M1D15M2D22M2D6M1D12M8D6M7D40M5D35M4I3M2D34M2D9M
5	2899	0.311	8.252E-65	0	810	829	2	969	970	12M2I145M1D105M13I5M13D3M6D9M25D8M45D27M5D15M46D3M11I94M9D8M5D37M2I37M1I5M1I49M2D16M1I13M1D15M2D22M2D6M1D7M13D3M4I11M3D16M9D17M6D35M4I3M2D46M
26	2898	0.318	8.694E-65	1	810	829	3	969	970	11M2I145M1D105M9I17M8D21M3D18M6D9M2D6M6D5M5I3M3I4M4D5M29D17M9D13M43D7M3D14M20D18M12D20M2D39M2I37M1I5M1I49M2D16M1I13M1D15M2D22M2D6M1D7M13D3M4I11M3D16M1D16M14D36M4I3M2D46M
42	2897	0.321	9.159E-65	0	808	829	2	929	933	12M2I145M1D105M13I1M4D4M10D8M2D15M1D25M25D15M19I21M1I22M5D12M10D34M75D43M2I40M3I1M1D49M2D16M1I13M1D14M2D20M4D20M3I7M21D8M1D21M2D43M4I4M2D35M2I6M
78	2894	0.310	1.071E-64	0	811	829	2	939	940	12M2I145M1D105M17I1M18D11M33D28M11D26M17I23M22D36M10D38M46D36M2I40M3I1M1D49M2D16M1I23M3D24M4D18M5I7M23D8M1D31M2D33M4I4M2D35M2I9M
82	2892	0.332	1.189E-64	3	807	829	30	942	947	2M1D7M2I145M1D105M4I12M5D32M6D10M3D8M25D17M17I44M5D10M32D14M4D5M14D7M22D13M3D40M2I40M3I1M1D49M2D16M1I22M3D25M4D17M7D50M3D35M4I4M2D35M2I5M
29	2891	0.306	1.252E-64	1	810	829	3	969	970	11M2I145M1D105M13I6M19D11M25D8M45D27M5D15M45D6M10I35M12D63M2D39M2I37M1I5M1I49M2D16M1I13M1D15M2D22M2D6M1D7M13D3M4I16M2D10M2D18M14D35M4I3M2D46M
31	2891	0.309	1.252E-64	0	810	829	2	969	970	12M2I145M1D105M13I5M13D8M4D14M13D15M2D28M11I6M21D13M21D23M14D6M32D14M20D32M9D8M5D37M2I37M1I5M1I49M2D16M1I13M1D11M2D26M2D6M1D9M1I27M28D56M4I3M2D46M
15	2886	0.327	1.625E-64	0	803	829	38	977	983	12M2I145M1D105M8I10M8D8M9D26M3D22M3D11M11I18M1D11M13D14M21D3M9D6M14D20M41D24M7D41M2I42M2I49M2D16M1I11M2D42M3D13M22D17M5D69M2I41M
83	2885	0.331	1.712E-64	3	805	829	29	941	947	2M1D7M2I145M1D105M2I13M3D25M19D26M12D17M17I44M24D10M13D15M22D5M21D19M4D40M2I40M3I1M1D49M2D16M1I13M1D11M2D23M4D17M5I2M12D14M2D26M1D38M4I4M2D32M1I7M
57	2883	0.322	1.901E-64	0	803	829	2	921	931	12M2I145M1D109M9I5M10D16M9D11M20D15M7D6M1D13M7D7M14I9M20D19M24D14M7D16M7D34M13D41M2I40M3I1M1D49M2D16M1I22M3D25M4D21M2I9M4D6M2D5M1D26M6D34M3I2M1D35M2D5M
74	2882	0.324	2.002E-64	5	778	829	1	902	926	7M2I145M1D105M15I3M15D33M2D26M11D47M12D13M29D16M29D5M23D34M6D41M2I40M1I2M1I46M2D17M1I15M1D31M2D20M7D48M12D37M4I3M2D14M
77	2873	0.312	3.201E-64	0	820	829	2	924	925	12M2I145M1D105M17I1M18D22M10D4M57D33M7D4M19I8M3D10M9D4M25D47M1D25M2D39M2I40M3I1M1D49M2D16M1I13M1D10M2D24M4D17M8D21M1D64M4I4M2D33M2D10M6I6M
23	2872	0.325	3.373E-64	0	807	829	2	930	935	12M2I145M1D108M9I9M12D21M2D18M3D6M22D5M2D14M4D1M14I23M22D36M1D9M11D22M42D7M3D36M2I40M3I1M1D49M2D16M1I22M2D16M1D9M4D20M3I19M17D27M7D33M4I4M2D35M2I5M
116	2871	0.332	3.553E-64	0	804	829	2	888	893	12M2I145M1D107M6I10M7D22M10D4M48D9M1D7M9D16M2D7M17I13M3D8M12D30M1I12M2D29M3D40M2I40M3I1M1D49M2D16M1I13M1D11M5D1M3I19M4D38M5D47M1D17M4I4M2D33M2D6M
121	2856	0.428	7.768E-64	9	702	829	1	618	619	3M2I145M1D171M7I8M13I24M9I2M3D7M25I8M19I31M1D128M1D10M1I11M1I40M5I24M
130	2852	0.309	9.570E-64	0	807	829	2	982	983	12M2I145M1D108M9I16M7D24M7D28M16D6M7I7M28D4M26D10M4D16M32D23M10D13M26D27M3D40M2I40M3I1M1D49M2D16M1I13M1D10M2D23M4D18M5I16M14D16M14D12M4D36M4I3M2D34M2D9M
102	2848	0.313	1.179E-63	0	807	829	2	962	964	12M2I145M1D105M14I38M12D21M11D7M8D12M6I32M18D5M7D12M6D6M41D32M29D8M11D40M2I42M2I47M2D18M1I13M1D14M2D24M3D13M23D3M2I26M5D7M1D14M1D33M4I3M2D34M2D9M
66	2830	0.319	3.014E-63	2	810	829	4	921	923	10M2I65M1D80M1D107M9I10M12D21M2D22M8D9M7D10M17I17M4D32M29D17M15D15M37D52M2I40M3I1M1D46M1D3M1D16M1I13M1D15M2D19M4D20M3I27M22D9M2D43M4I4M2D35M2I8M
60	2816	0.300	6.254E-63	3	810	829	1	993	994	28M8D6M5D122M1D107M12I4M12D12M14D10M79D10M9D7M20D11M5D11M9D4M17I39M9D46M8D8M12D40M2I42M2I47M2D18M1I13M1D11M1D23M4D18M5I21M6D9M6D16M13D33M4I3M2D34M2D12M
65	2808	0.328	9.491E-63	5	808	829	2	873	879	7M2I145M1D108M10I3M10D12M34D5M32D7M11D20M9D18M5D8M6I15M2D17M8D21M1D12M7D39M5D37M2I42M2I47M2D18M1I13M1D11M1D23M18I20M17I48M3I3M1D33M1I10M
68	2805	0.325	1.110E-62	1	807	829	8	899	901	8M12I10M2I126M1D108M9I30M7D14M11D10M29D5M6D15M13I13M12D7M8D63M20D12M1D39M2I40M3I1M1D47M2D18M1I13M1D11M1D20M2D12M1D8M9D12M15D26M1D47M4I3M2D39M1D4M
73	2798	0.315	1.599E-62	23	807	829	2	931	933	136M1D108M9I9M11D62M17I24M7D4M20D17M62D9M20D31M6D10M16D38M2I42M2I49M2D16M1I13M1D11M1D20M2D20M22D15M5D34M1D36M4I3M2D40M1D3M
92	2787	0.293	2.837E-62	3	807	829	1	1082	1084	9M2I145M1D107M6I7M10D30M16D4M17D17M44D12M23D7M15I58M4D12M10D25M77D38M2I91M2D18M1I13M3D30M3D19M2I6M34D4M23D7M16D21M23D48M2I39M1D8M
101	2783	0.311	3.495E-62	2	803	829	19	929	936	10M2I145M1D105M4D5M10I21M25D9M21D21M30D10M7D7M17I14M4D65M1D7M5D9M9D39M2I22M2D19M2I49M2D16M1I13M1D3M11D7M2D27M4D16M4I46M20D33M4I2M2D40M
12	2761	0.379	1.101E-61	2	722	829	1	670	675	10M2I145M1D105M11I55M5I9M21I19M1D8M2I31M4D33M2D28M1I40M1D9M5I80M1I7M2I30M2I10M11I20M3D19M
125	2753	0.318	1.670E-61	0	806	829	24	812	813	12M2I145M1D105M8I37M1I54M1D30M1I44M5D22M5D36M2I24M6I4M8I1M1I47M2D18M1I13M1D11M2D23M2D17M3D9M4D15M3I15M9I34M2I47M
2	2727	0.318	6.480E-61	1	807	829	8	780	781	11M2I91M1I158M15I65M26I10M6I112M1I44M1D49M3D7M1D6M3D28M3D20M7D7M1D13M10I15M1I27M3I37M1D3M3D5M2D10M3D10M3D14M
55	2725	0.305	7.192E-61	0	815	829	2	892	893	12M2I99M1I45M1D105M17I1M18D7M5D18M25D30M13D13M14I14M16D16M35D7M2D20M3D3M3D12M6D21M6D40M2I40M3I1M1D10M1I38M2D8M1I7M1I13M1D15M13I20M2D5M4I79M3D2M5I8M1I27M2I13M
14	2704	0.346	2.150E-60	2	807	829	84	885	886	10M2I96M25I4M3I17M1D54M1D51M8I9M7D20M23D9M5D30M9D7M17I7M1D34M11D18M2D33M10D42M2I92M2D16M1I13M1D11M2D26M2D14M3I15M11I3M6I50M2I30M1I14M
21	2697	0.378	3.097E-60	2	686	829	3	718	745	10M2I145M1D54M1D56M6I4M7D33M2I39M11I29M17D26M14D6M1D30M3D42M2I90M2D19M1I7M1I3M7D9M5I40M8D13M
114	2687	0.301	5.216E-60	1	803	829	3	923	929	11M2I145M1D55M1D50M17I1M12D18M7D11M15D24M6D13M16I7M19D4M32D8M15D37M5D24M5D6M14D9M1D39M2I20M2D21M2I49M2D15M6I19M6D24M4D20M2I17M9D30M11D34M2D1M4I40M
80	2631	0.314	9.672E-59	42	807	829	1	929	931	117M1D105M12I21M4D24M12D19M20D8M11I6M17D19M1D20M25D17M15D16M17D22M48D38M2I42M2I47M2D18M1I13M1D11M1D20M2D12M1D8M22D14M2D24M1D47M4I3M2D34M1D9M
18	2629	0.260	1.073E-58	3	806	829	1	1247	1248	9M2I145M1D105M10I10M18D10M72D36M1D21M18I22M12D11M8D21M3D19M41D14M18D3M47D38M2I26M1I16M1I49M2D16M1I22M3D29M3D15M131D12M67D5M19D11M6D10M26D45M4I4M2D36M2D5M
104	2589	0.297	8.642E-58	1	810	829	3	937	938	11M2I29M32I84M1D105M13I5M13D8M4D14M13D12M19D19M6D16M13I9M21D27M14D6M32D20M12D13M2D8M18D12M2D38M2I42M2I47M2D18M1I13M1D15M2D22M2D6M1D8M3I21M9D16M7D10M14D35M4I3M2D46M
32	2580	0.294	1.382E-57	42	810	829	1	928	929	117M1D105M2I6M98D11M1D28M4D25M4D8M21D6M10I97M14D40M2I37M1I5M1I49M2D16M1I24M3D26M2D6M1D11M3I16M5D28M25D35M4I3M2D46M
9	2574	0.337	1.889E-57	2	821	829	6	630	639	10M2I92M1D53M1D109M15I38M13I14M2I15M2I5M171I80M4I29M1D18M6I18M1I7M7D14M7D84M4D18M
84	2540	0.303	1.112E-56	47	807	829	0	927	929	112M1D105M12I21M4D24M12D9M33D5M10D12M17I17M20D24M6D16M31D5M1D33M53D38M2I42M2I47M2D18M1I13M1D11M1D20M2D12M1D8M22D3M2I26M3D7M1D47M4I3M2D33M1I7M2D2M
11	2519	0.404	3.325E-56	0	690	829	2	582	596	12M2I28M32I85M1D105M8I4M6D31M4I11M6I6M37I27M2I22M11I18M10I22M1D128M1D10M1I9M1I42M5I12M
79	2519	0.301	3.325E-56	52	810	829	0	887	889	107M1D105M9I12M12D21M62D26M13D16M15I44M28D12M7D37M9D41M2I40M3I1M1D49M2D16M1I23M3D24M4D66M21D36M4I4M2D35M2I8M
103	2450	0.310	1.214E-54	26	807	829	0	884	886	49M4I8M5I12M2I53M1D105M15I3M10D38M10D27M16I17M7D9M11D13M8D30M36D29M38D36M2I42M1I1M1D49M2D16M1I23M3D24M4D28M16D38M3D36M4I3M2D39M1D4M
81	2344	0.295	3.053E-52	39	823	829	7	869	885	120M1D105M9I17M8D21M3D14M36D10M10D10M29D2M17I7M1D13M7D8M21D44M19D9M11D11M9D41M2I37M1I5M1I49M2D16M1I13M1D11M2D26M2D6M1D10M5I16M2D27M49I2M7I12M5D31M
110	2268	0.283	1.606E-50	90	810	829	0	879	880	69M1D105M13I5M13D3M6D9M25D8M45D23M5D19M45D5M10I10M8D25M5D43M1I18M2D41M2I42M2I49M2D16M1I13M1D15M2D22M2D6M1D11M3I16M5D28M25D35M4I3M2D46M
123	2091	0.334	1.637E-46	45	626	829	1	693	715	114M1D105M13I2M6D7M5D16M38D10M24D25M9D7M47D4M8I7M4I18M1I13M3D15M2D33M2D11M2D39M2I42M2I47M2D37M
19	1896	0.214	4.264E-42	2	808	829	11	731	735	10M2I19M1D16M2D44M1I11M1I43M1D11M6D4M8D18M3D3M1I27M2D87M5I21M6I6M45I10M1I30M32I4M1I11M2D5M2D20M2I27M1I14M1I5M1D2M1D43M2D16M1I13M4D9M3D19M7D15M4I5M5I65M1D6M20I13M1I14M2I9M
4	1505	0.195	3.049E-33	7	805	829	8	687	688	5M2I37M4I50M1I37M3D4M2D37M1I23M4D10M12I39M15I19M5I39M13I3M1I34M4I3M2I40M6I12M5I27M5I11M3D2M1D9M2I11M4D5M3I6M5D17M1I5M1D6M4D10M1I14M1D24M9I24M17I8M34I5M3I5M4D13M7I5M1I24M3D22M
90	1446	0.182	6.610E-32	5	803	829	7	693	697	5M1D3M3I17M1I12M5I54M1I39M5D39M1I24M1I4M11I4M1I37M5D14M71I40M13I29M3I60M5I9M3D11M2D22M1D37M4D8M1I15M1D16M1I4M5I2M2I39M8I25M1I22M1I4M1I10M1D15M1I10M1D13M1D19M
129	1297	0.169	1.564E-28	10	804	829	0	653	656	23M1I9M35I4M2D1M1D22M1I37M3D7M2D34M1I24M16I8M3D34M7I11M50I14M3I15M3I6M36I56M13D26M5I10M2D6M1D8M1D10M1I13M3D34M4D9M1I16M1D14M1I4M5I2M2I28M1I12M3I46M3D1M1I7M4I4M4I13M1I10M1D13M1D22M
99	1137	0.225	6.571E-25	3	546	829	17	448	450	7M1D2M3I18M1I10M5I56M1I37M3D4M1D37M1I24M1D15M11I32M2D16M1D44M5I13M69I8M9I15M15I21M1I3M1D11M5I9M4D36M
17	721	0.197	1.730E-15	7	474	829	3	473	985	5M2I17M2I24M2I6M1I39M1I37M3D19M1I7M11D17M1I17M8D2M4D6M1D15M10D56M2D62M18I3M1I66M4I18M3I16M
93	658	0.148	4.621E-14	9	475	829	13	597	803	3M2I29M3D7M10I32M1I8M1I43M3D5M4D12M1I5M1I13M2D26M1I1M11D5M8D14M4I24M5I6M2I22M24D19M18D36M74D58M1I70M
 