8	7231	1.00	0.000E+00	0	1015	1016	0	1015	1016	1016M
117	4058	0.431	2.382E-94	0	1015	1016	0	997	1003	268M2I36M3I13M3I7M6D30M5I19M10I25M15I29M1I18M1I12M10I72M9D32M6D60M2D17M3I124M1D20M4D5M6D76M1D100M
128	3812	0.426	1.404E-88	3	1012	1016	2	875	876	295M8I31M5I50M6I18M19I18M4I8M34I7M5I25M15I11M8D17M28I2M5D63M2D16M3I139M2I5M7I10M1I26M13I31M3I78M2D7M
42	3566	0.364	8.273E-83	0	1013	1016	0	932	933	3M2I268M12I12M21I30M6I11M1I36M4I9M2I50M3I37M3I60M3D32M1D69M2D15M4I139M5I15M2I9M5I36M7I9M7I2M2I75M1I10M
122	3557	0.359	1.345E-82	9	1015	1016	6	970	1001	258M6D6M7I13M7I33M1I15M27D55M8I12M3I12M9I8M1I11M25I2M2I12M10I18M1I20M12I18M6I12M4I79M1I129M1D19M5D19M4D9M9D28M9D96M6I20M
16	3547	0.364	2.309E-82	0	1011	1016	32	977	978	274M22I52M7I21M5I13M1I14M11I29M1I19M1I19M2I3M2I25M3D77M2D11M9D81M2I82M1I42M1I11M1I21M7I29M2I7M1D11M15I90M
130	3547	0.365	2.309E-82	7	1010	1016	5	982	983	263M10I27M1I25M7I9M1D23M2I20M6D11M2I15M5I49M7D11M1D87M2D35M6D81M2I137M6I7M2I31M2D37M16I78M2D5M
112	3544	0.358	2.715E-82	6	1015	1016	4	970	971	264M14I63M2I42M4I27M5I14M1D59M8D9M3I71M5I16M2I3M10D80M2I126M1I12M13I32M3I21M6I98M2I11M
67	3543	0.357	2.865E-82	0	1013	1016	0	963	964	4M1I265M14I74M1I16M16D14M1D17M2I36M1I30M8D19M5I10M3I16M9I14M1I13M10I32M2D65M2D14M4I118M1I21M13I10M3I45M10I17M1I85M
31	3540	0.349	3.369E-82	0	1014	1016	0	969	970	3M2I265M14I60M2D36M13D67M11I35M10I105M3D81M2I127M1I11M12I54M10I99M1I9M
54	3530	0.370	5.783E-82	7	1015	1016	5	920	923	269M8I6M1I39M11I90M1D34M6I16M10I30M5I37M13I17M3I7M4D81M2I137M13I15M2I5M5I32M1I9M17I75M1I12M
92	3528	0.340	6.442E-82	7	1012	1016	1	1083	1084	262M3I72M5D84M8D86M6D23M2D14M3D27M1D20M5D13M6D60M2D19M2I119M1I20M16D43M1D23M3D7M22D13M4D10M1I84M
115	3523	0.365	8.440E-82	0	1012	1016	0	981	982	3M2I268M7I16M7D46M1D32M6D26M5I42M7I11M5I37M1I44M1D16M2I39M4D62M2D15M4I139M6I33M3I24M9I25M1I83M
78	3521	0.378	9.402E-82	6	1013	1016	4	939	940	267M7I34M4D16M1D64M4I17M2I13M11I23M8I20M4I11M2I14M4I12M1I49M5I10M2D86M2I145M7I16M5I41M16I81M1I10M
107	3520	0.351	9.924E-82	7	1015	1016	5	968	969	265M14I60M17I23M12I17M4D9M5I86M22D84M1I9M6D80M2I118M1I20M12I54M10I22M1I78M2I7M
18	3518	0.333	1.106E-81	7	1011	1016	1	1247	1248	275M2D22M2I150M13D41M5D72M2I15M15D24M14D61M2I140M1I37M10D7M63D10M25D13M53D15M31D32M18D84M
76	3516	0.373	1.232E-81	0	1015	1016	0	923	925	3M2I264M2I61M15I12M6I24M19I33M2I50M4I28M3I25M9I24M3I20M13D81M2I139M16I21M4I29M1I5M17I92M
29	3513	0.352	1.448E-81	0	1014	1016	0	969	970	2M2I266M14I49M7I23M2I24M9I5M6D100M6D80M2I13M1I12M6D78M2I127M1I11M12I54M10I99M1I9M
118	3512	0.351	1.529E-81	0	1013	1016	0	977	978	5M2I260M4D6M7I95M4D78M3I34M7I58M2I26M7I21M6D60M2D7M2I10M2I82M1I21M2D21M1I11M5I44M7I10M1I26M5I2M1I73M1I10M
56	3507	0.372	2.003E-81	0	1015	1016	0	928	931	5M2I262M2I49M2D17M14I4M3I32M5I27M2I61M12I27M1I11M2I19M1D41M9I1M3D82M2I150M1I21M6I9M13I9M1I9M17I75M1I12M
75	3507	0.354	2.003E-81	0	1015	1016	0	969	970	5M2I263M14I67M1I33M8D26M4I53M2I21M3I24M2I20M2I41M2I13M1I12M6D78M2I122M1I15M4I9M7I8M1I53M9I8M1I74M2I11M
86	3505	0.359	2.231E-81	7	1015	1016	5	969	970	263M14I101M4D80M5I21M3I24M2I63M2I24M5D80M2I127M1I11M12I54M10I97M2I11M
38	3504	0.346	2.355E-81	0	1015	1016	0	968	969	5M2I263M14I63M17I24M10I17M6D70M13I22M13D16M1D17M1D34M6D22M9D80M2I122M1I16M12I69M9I8M1I76M1I5M1I4M
33	3504	0.364	2.355E-81	0	1015	1016	0	969	970	5M2I270M3I114M2I36M6I18M4I32M3I39M1I5M1I42M2I13M1I12M6D78M2I127M1I10M4I9M7I5M1I40M10I98M2I11M
35	3503	0.374	2.486E-81	6	1013	1016	4	928	929	262M2I61M5I11M4I9M10I24M13I15M14I27M1I140M4I3M6D79M2I172M6I9M13I9M1I8M17I80M3D7M
25	3503	0.356	2.486E-81	0	1014	1016	0	969	970	2M2I266M15I7M1D41M7I23M2I29M4D6M7I94M10D5M4I73M2I24M5D80M2I127M1I11M12I47M4I29M6I77M1I9M
30	3503	0.351	2.486E-81	0	1015	1016	0	971	972	5M2I263M15I7M1D54M17I25M10I96M1I6M2I5M3I11M14D13M1D24M1D38M5D12M11D80M2I126M1I12M12I47M4I25M5I5M1I74M2I11M
52	3501	0.370	2.769E-81	0	1015	1016	0	911	913	3M2I264M2I78M12I25M10I26M2I33M1I10M12I11M15I30M28I41M1D4M14D81M2I139M9I21M11I29M1I9M17I79M2D6M3D3M
6	3501	0.354	2.769E-81	0	1014	1016	0	969	970	2M2I266M15I7M1D52M2D72M1I51M2I21M3I18M2I69M2I13M1I10M6D80M2I127M1I11M12I54M10I99M1I9M
27	3501	0.354	2.769E-81	0	1014	1016	0	969	970	5M2I263M14I49M7I23M2I24M9I51M1D8M5D46M6D80M2I13M1I12M6D78M2I127M1I11M12I54M10I99M1I9M
111	3500	0.356	2.923E-81	7	1015	1016	5	937	938	263M14I49M7I49M9I11M7I14M6I31M3I15M5I118M3D81M2I122M1I16M13I53M10I97M2I11M
50	3495	0.369	3.829E-81	7	1011	1016	5	905	906	262M2I121M20I10M2I44M12I28M1D28M4I32M34I5M6D80M2I137M15I19M5I32M1I8M17I80M3D5M
28	3494	0.353	4.042E-81	0	1014	1016	0	970	971	2M2I266M14I49M7I23M2I27M3I11M1D97M6D80M2I13M1I12M6D78M2I127M1I11M12I54M10I99M1I9M
23	3491	0.363	4.753E-81	0	1009	1016	0	930	935	5M2I266M12I11M1I14M19I18M6I55M7I51M3I37M3I41M3D55M2D89M2I133M3I30M9I40M16I75M1I6M
26	3490	0.353	5.017E-81	7	1014	1016	5	969	970	263M15I7M1D41M7I17M10I25M3I7M8D101M6D80M2I24M5D80M2I127M1I11M12I54M10I99M1I9M
61	3487	0.358	5.899E-81	0	1014	1016	0	932	933	3M2I265M14I62M15I7M12I35M4D15M6I4M5I6M1I39M7I40M1I44M1D7M3I16M5D80M2I122M1I16M18I33M4I118M1I11M
5	3486	0.347	6.226E-81	0	1014	1016	0	969	970	5M2I263M14I49M7I23M2I27M6D1M5I24M4I77M6D105M3D81M2I127M1I11M12I54M10I99M1I9M
22	3484	0.356	6.937E-81	0	1014	1016	0	957	958	2M2I264M5D5M8I44M1I43M14D19M1I21M17I38M8I4M16D16M7I12M4I20M2I31M20I20M5D81M2I117M1I19M5I15M3I10M5I37M9I15M1I74M1I11M
85	3484	0.355	6.937E-81	0	1015	1016	0	969	970	2M2I266M14I99M15D62M1I31M10D15M1I4M6I6M3I32M2I23M20I9M1I10M6D80M2I127M1I11M12I54M10I97M2I11M
34	3481	0.358	8.157E-81	0	1015	1016	0	969	970	2M2I264M5D5M8I91M7D20M3I11M1D25M2I19M15I24M3I24M2I63M2I24M5D80M2I127M1I11M12I47M4I25M5I5M1I76M1I4M1I5M
127	3480	0.343	8.609E-81	0	1013	1016	41	1012	1013	269M1D6M4I98M4D73M3I15M7I68M4I21M5I38M6D79M2I82M1D5M2I37M1I10M4I7M9I46M11I22M1I74M1I10M
48	3476	0.360	1.069E-80	6	1012	1016	4	898	899	263M2I40M2I33M3I63M2I12M16I23M21I6M10I21M1I26M13I127M2I168M23I28M17I85M
43	3472	0.375	1.326E-80	0	1013	1016	0	930	931	3M2I263M2I50M2D22M4D25M6D21M8I19M22I30M5I15M10I29M9I16M5I7M1I47M6D79M2I137M4I4M3D27M6I9M13I9M1I9M17I79M3D7M
24	3471	0.358	1.400E-80	0	1015	1016	0	969	970	5M2I263M5D3M8I93M4D71M1I26M10D21M7I9M3I32M1I8M1I24M9I11M10I1M4D80M2I127M1I11M12I54M10I97M2I11M
66	3469	0.355	1.560E-80	0	1012	1016	0	922	923	5M2I74M1D192M12I8M1I62M2I41M1D16M8I131M35I18M2I81M2I137M4I3M8I68M16I85M
69	3467	0.369	1.737E-80	0	1015	1016	0	922	924	5M2I262M2I76M4I25M6I10M22I42M1D29M12I7M1I23M7I57M3I14M5D81M2I138M2D13M3I18M2I27M35I88M
105	3467	0.357	1.737E-80	7	1013	1016	5	962	963	270M3I81M3I14M7D27M12I48M3I14M2I17M1I21M2I15M3I58M1D8M4D80M2I122M1I16M19I66M9I4M1I85M
71	3466	0.374	1.834E-80	9	1007	1016	19	924	934	260M2I61M8I7M2I16M2I23M5I40M1I29M6I16M10I32M3I20M15I35M4I3M5D82M2I136M16I13M1I6M3I33M1I9M17I80M
15	3466	0.351	1.834E-80	0	1011	1016	34	982	983	268M15I6M7I52M7I41M3D6M27I23M1D26M1D41M9D41M2D47M3D83M2I82M1I42M1I13M4I19M4I29M2I7M1D20M13I83M
45	3459	0.367	2.676E-80	2	1015	1016	0	924	927	267M2I102M10D17M6I10M11I5M11I29M9I8M10I50M15I57M6D79M2I137M13I15M2I5M5I32M1I8M17I76M1I12M
13	3452	0.373	3.906E-80	6	1015	1016	4	891	894	263M2I60M15I15M3I26M7I60M17I15M8I30M1I22M14I15M14I97M2I137M16I23M4I35M18I78M1I12M
119	3450	0.346	4.352E-80	6	1015	1016	4	967	968	264M14I63M2I42M4I7M4I19M2I72M10D7M4I30M1I42M2I13M1I12M6D78M2I122M1I16M12I18M11D24M21I23M1I78M2I7M
53	3449	0.354	4.593E-80	0	1015	1016	0	963	964	2M2I266M10I35M11I25M10I25M10I35M7I71M2D12M9D10M1I21M7D56M8D80M2I122M1I15M4I9M7I8M1I26M4I34M6I75M2I11M
77	3448	0.372	4.848E-80	0	1015	1016	0	924	925	5M2I266M2I61M5I32M7I11M5I8M3I49M2I33M11I34M2I15M1I25M7I5M10I8M4D81M2I137M3I32M6I22M6I5M25I79M4D9M
51	3445	0.379	5.701E-80	7	1008	1016	5	921	932	262M4I13M2D46M8I7M2I9M11I10M1I14M13I33M1I44M2I6M9I19M3D30M4I24M3I26M3D3M6D79M2I150M1I21M6I9M13I9M1I9M17I75M1I5M
44	3444	0.365	6.018E-80	6	1015	1016	4	884	886	261M7D6M9I74M5I31M5I18M24I23M9I5M4I11M15I24M2I31M27I19M4D81M2I139M12I11M3I7M5I40M18I89M
3	3443	0.367	6.352E-80	0	1013	1016	0	881	882	3M2I265M2I89M2I17M1I10M7I17M24I23M9I5M4I12M13I17M5I24M13I12M13I20M4D81M2I138M15I19M5I40M18I76M1I10M
59	3443	0.368	6.352E-80	7	1012	1016	5	981	982	2M1D260M4D4M7I32M3D30M1D16M3I17M9D46M1I11M4I15M3I2M2I41M2I51M3D53M8D81M2I82M1I55M9I27M7I10M3I25M17I78M3D7M
64	3438	0.357	8.321E-80	0	1015	1016	0	967	968	5M2I263M15I7M1D54M15I7M12I35M4D15M6I4M5I6M1I43M3D2M1D21M11D76M6D15M9D80M2I122M1I16M12I42M10I109M2I11M
113	3435	0.356	9.784E-80	6	1013	1016	4	914	915	263M2I90M3I8M4D20M2I15M4I50M13I61M1I12M2I20M35I2M4D81M2I168M6I9M17I11M22I79M1I4M5D5M
39	3431	0.350	1.214E-79	7	1015	1016	5	964	965	260M4D6M7I45M1I15M2D53M1I39M2I5M3I36M20D13M7I25M4I43M27I12M6D78M2I122M1I16M12I26M4D18M3I12M3I7M9I8M1I76M1I4M1I5M
108	3428	0.352	1.428E-79	0	1015	1016	0	927	928	5M2I263M14I77M3I29M28I19M5I7M4I12M2I20M6I6M9D29M2I7M1I65M2D83M2I122M1I16M13I38M5I26M8I8M1I78M2I7M
102	3428	0.342	1.428E-79	0	1013	1016	0	963	964	5M2I263M14I63M2I13M5D18M13D75M18I21M4I45M2I42M7I15M5D62M2D15M4I129M1I9M4I16M7I33M3I30M7I85M
106	3426	0.351	1.591E-79	0	1015	1016	0	969	970	2M2I266M15I7M1D89M9D53M5D39M10D20M7I9M3I32M2I23M20I9M1I10M6D62M2D8M4I135M1I11M12I54M10I97M2I11M
41	3425	0.369	1.679E-79	6	1014	1016	4	923	924	263M2I32M3I41M4I54M17I22M1I12M1I25M8D10M1I28M10I30M3I25M18I1M4D81M2I137M4I31M6I9M13I9M1I9M17I82M2D5M
109	3422	0.354	1.975E-79	6	1011	1016	4	914	915	268M9I28M1D5M2I28M2I7M3I32M5I27M2I61M12I37M7I28M15I7M4I14M10D81M2I140M2I30M6I23M35I84M
57	3419	0.364	2.322E-79	0	1007	1016	0	920	931	5M2I260M6D5M8I21M1I56M12I20M7I66M12I11M11I28M3I28M1D22M5I26M7D81M2I140M1I31M6I9M13I17M18I81M
72	3417	0.349	2.587E-79	0	1013	1016	0	957	958	5M2I264M14I66M7D27M8D71M2I16M8D1M3I20M7I8M2I28M1I27M2I12M16I77M2D8M2I9M2I82M1D5M2I37M1I10M8D32M11I7M10I27M12I77M1I8M
46	3415	0.372	2.882E-79	6	1008	1016	4	915	926	263M2I61M8I7M2I9M11I10M1I14M13I33M6I16M15I15M2I57M4I24M3I27M9D82M2I137M2I11M3I18M6I9M13I9M1I9M17I55M12D20M1I5M
83	3415	0.371	2.882E-79	7	1009	1016	29	942	947	2M1D260M2I42M1I6M25I49M1D65M1D32M9I29M2D15M4I44M14I2M3D82M2I137M4I4M14I13M5I32M1D10M17I75M1I6M
131	3405	0.354	4.946E-79	0	1013	1016	0	895	896	5M2I263M15I7M1D41M7I49M9I11M7I14M6I4M5I6M1I30M23I18M26I23M9D5M7I6M3I16M5D80M2I122M1I16M12I33M1I23M6I109M
70	3403	0.357	5.510E-79	0	1014	1016	0	857	858	3M2I264M2I30M4I8M16D5M19I19M5I30M7I15M24I28M40I31M4I17M29I13M3I7M4D82M2I138M16I11M1I6M3I33M1I9M17I76M2D11M
94	3395	0.354	8.488E-79	6	1015	1016	4	923	924	261M1I4M13I62M10I17M6I9M12I14M3I22M5I6M1D37M10D5M7I23M1I3M3I28M9I39M2D83M2I127M1I11M13I38M14I33M1I78M2I7M
82	3395	0.363	8.488E-79	9	1009	1016	33	942	947	260M2I27M1D50M2I29M1I12M20I48M1D31M9I29M9I13M4I44M7I2M3D82M2I167M18I12M5I7M1D10M17I75M1I6M
49	3394	0.365	8.959E-79	6	1015	1016	4	859	862	263M2I90M2I17M33I9M2I33M16I20M4I19M41I5M4I10M13I20M4D82M2I137M15I19M5I32M1I9M17I75M1I12M
62	3386	0.341	1.380E-78	0	1015	1016	0	930	931	5M2I263M14I63M2I36M10D8M14I15M5I16M1I23M17D1M7I11M13I26M4I34M3I12M27I4M9D80M2I122M1I16M18I8M2I9M12D19M3I12M3I7M9I8M1I74M2I11M
116	3352	0.361	8.659E-78	0	1010	1016	0	892	893	5M2I262M2I52M18I8M9I24M1I11M5D6M7I24M1D52M5D9M3I61M50I3M5D81M2I171M9I22M35I18M1D60M3D4M
74	3331	0.354	2.692E-77	9	1001	1016	1	924	926	264M14I46M7I9M6I14M1I8M1I13M3I29M12I29M5I22M2I31M12D5M1D48M2I29M5D62M2D8M3I6M1I89M2I32M2I15M4I5M6I25M9I16M11I83M2D14M
73	3328	0.349	3.165E-77	23	1013	1016	0	932	933	246M13I8M1I30M7I21M6I23M1I13M3I61M4D13M1I12M2I19M5D12M2I24M2I18M5I41M3D64M2D15M4I84M1I41M2I11M4I22M17I131M1I10M
60	3314	0.328	6.742E-77	9	1015	1016	3	993	994	9M2D13M10D9M3D232M10I47M8I53M2I2M5D15M1D49M1D11M3D52M2I21M1I38M1D26M13D62M2D8M2I9M2I89M1I50M9I63M20I92M
68	3313	0.343	7.117E-77	24	1013	1016	17	900	901	9M2I234M13I8M1I88M16I8M5I30M7I6M4I8M7I21M6I79M4I7M15I6M3D63M2D8M2I9M2I82M1I43M1I11M12I53M11I22M1I76M1I8M
58	3302	0.371	1.289E-76	6	1015	1016	4	886	889	263M2I61M8I7M2I9M9I27M13I8M2I23M6I19M11I6M17I40M3I18M7I35M4I3M5D81M2I138M5I8M3I18M6I9M13I9M1I9M17I75M1I12M
101	3292	0.327	2.212E-76	4	1006	1016	17	929	936	270M9I16M3I34M17I37M21I13M4I5M3I14M1I29M5I22M12I34M2I52M9D63M4D16M4I85M8D5M3D50M5I27M10I38M18I79M
65	3274	0.349	5.849E-76	9	1015	1016	2	878	879	261M16I13M3I46M3I12M2D32M3I26M1I8M2I9M1D16M9I7M9D6M18I7M1I29M1I5M2D23M1D35M1I7M4D81M2I88M1I39M70I21M18I87M
47	3267	0.348	8.537E-76	0	1007	1016	0	809	820	3M2I264M2I60M10I19M6I27M22I9M12I29M5I24M5I32M77I1M5D81M2I137M4D10M5I9M44I16M15I80M
55	3242	0.348	3.294E-75	0	1015	1016	0	892	893	3M2I110M1I156M12I9M4I15M2D67M7I24M2I45M1I22M14D9M8I13M1D23M18I23M5I11M12I9M6D60M2D15M2I2M2I9M1I48M1I36M20I6M1I6M18I15M7I14M1I12M5I18M18I49M1I25M1I5M2D7M
100	3230	0.341	6.298E-75	0	1015	1016	0	799	806	3M3I265M13I13M28I49M36I14M12I8M6I33M68I37M8I10M1D3M2I157M2D36M2I13M4D10M17I27M1D25M28I2M2I50M1D36M
114	3212	0.316	1.665E-74	4	1006	1016	2	923	929	218M1D46M2D4M10I17M3I84M9I37M10I45M10I39M2I13M6I19M1I95M4D7M2I9M2I63M12I3M5D11M5D54M5I60M5I2M21I79M
91	3208	0.344	2.067E-74	5	1014	1016	7	787	788	102M1D160M6I9M2I2M6D22M3I5M21I16M12I25M24I10M8I24M2I5M33I1M16I14M2I8M3I14M54I71M2I91M4I3M2I32M2I14M5I22M4I33M36I3M1I35M2D15M4D32M
80	3197	0.344	3.743E-74	44	1013	1016	1	930	931	233M3I92M4I5M8D64M3I43M7I71M4I9M5I22M7D62M2D8M2I8M2I83M1I43M1I10M4I7M9I24M1I15M3I5M6I25M1I76M1I8M
32	3184	0.346	7.555E-74	44	1014	1016	1	928	929	226M15I7M1D52M2D27M4D9M9D65M1I31M10D16M7I9M3I32M2I23M20I20M5D80M2I122M1I17M12I53M10I99M1I9M
98	3169	0.333	1.699E-73	5	1015	1016	11	775	776	103M1D161M4I9M4I9M3I32M11I6M5I14M10I14M34I28M68I34M54I68M1I13M1I74M1I6M2I3M4I32M2I16M11I44M26I8M10I1M1I36M2D18M4D18M1I11M
79	3157	0.351	3.248E-73	54	1013	1016	0	888	889	219M7I34M4D16M1D64M4I17M2I13M11I23M8I19M9I24M1I14M1I47M2I105M2I134M2D39M1I9M13I14M16I81M1I10M
126	3138	0.329	9.062E-73	8	1008	1016	10	807	808	96M2I162M2I13M2I14M3I26M5I19M9I14M41I10M39I15M42I29M5I4M15I4M16I12M9D64M2D13M2I5M2I47M1I34M2I31M4I19M15I53M6I22M1D37M2I43M
104	3133	0.338	1.187E-72	7	1015	1016	5	937	938	38M32I193M14I108M1D76M2I21M3I40M1I5M1I42M2I13M1I10M6D62M2D8M2I8M2I122M1I16M12I54M10I99M1I4M1I5M
97	3131	0.340	1.323E-72	5	1015	1016	24	785	786	103M1D159M6I17M15I12M1I2M3I26M7I26M16I10M3I2M1I10M1I6M2I7M5I12M15I9M36I10M82I67M2I2M1I94M6I32M2I21M16I13M7I13M16I10M9I46M1D18M2D20M1I11M
84	3105	0.331	5.387E-72	52	1013	1016	3	928	929	215M5D6M8I95M4D74M3I38M7I60M2I22M1I4M4D19M2D65M2D8M2I9M2I82M1I38M1I16M12I73M13I75M1I10M
124	3087	0.321	1.424E-71	6	1006	1016	0	711	713	261M4D6M9D17M1I11M2I21M8D21M19I11M109I10M114I38M1D22M1D9M2I93M1I30M3I8M1D24M16I27M46I40M1D6M1I32M
10	3065	0.331	4.673E-71	0	1015	1016	19	783	784	108M1D159M5I2M1D14M7I13M1I28M20I14M4I14M12I20M4I19M82I20M62I71M2I91M6I35M2I22M6I11M18I14M17I21M8I36M2D17M2D19M1I11M
120	3064	0.337	4.932E-71	0	1013	1016	0	757	764	104M2I162M6I8M3I11M6I11M7I2M1I26M26I13M54I24M38I41M5D9M1I15M36I37M2D97M2I16M1D51M7I4M1D12M2I13M12I11M59I2M1I34M1I38M1I8M
87	3057	0.304	7.199E-71	0	1015	1016	0	751	770	102M1D167M7D10M1I18M9I32M6I3M30I8M42I11M6I8M57I22M76I40M2D28M1I8M1D55M2I15M1D14M3I4M4I19M3I26M22I21M3I31M17I44M2D39M4D9M
7	3055	0.322	8.020E-71	0	1015	1016	0	823	857	5M1D99M1D163M10I5M3I3M6I14M2I11M38I34M3I37M4I22M42I11M5I14M5I8M24I7M8I19M6I40M2D22M2D9M2I10M1D45M1I4M1I15M1D20M6I32M2I14M5I19M16I5M1I35M13I3M1I39M2D32M1I6M3D9M
63	3054	0.302	8.465E-71	0	1015	1016	0	768	778	103M1D164M6I4M25I11M1I16M4D24M10I15M3I8M54I19M14I5M20I9M9I14M74I39M2D29M1I8M1D55M2I15M1D12M2I8M5I17M3I26M22I21M3I35M17I40M2D39M13D9M
0	3053	0.332	8.935E-71	5	1015	1016	11	753	754	103M1D158M3D16M2I39M6I21M26I18M3I7M54I10M73I12M55I68M2I12M1I77M1D4M2I3M4I32M2I23M23I25M12I22M11I37M2D16M2D20M1I11M
40	3038	0.308	2.009E-70	0	1015	1016	0	759	776	3M1I102M1D163M7D12M2I30M1D4M6I8M5I24M33I2M22I17M9I12M146I7M1I39M2D28M1I14M1D49M2I16M1D13M3I4M4I22M3I31M5I9M3I14M2I10M28I59M2D38M5D10M
96	3029	0.320	3.266E-70	3	1015	1016	34	943	948	32M2I2M3I225M5I41M16I11M2I32M6I8M18I76M37D52M25I18M15I12M5D85M4I48M1I35M2D2M3I54M9I7M9I19M2I20M26I3M1I84M
20	3022	0.315	4.767E-70	0	1015	1016	0	759	772	270M8D15M1I13M3I20M2I4M20I30M10I11M5I9M112I7M76I39M2D23M2D3M2D16M4I47M2I15M1D14M7I26M3I23M5I17M3I14M2I11M21I4M7I54M2D40M10D8M
95	3009	0.309	9.620E-70	7	1015	1016	1	718	720	98M2I160M6I9M3I6M34I60M2I4M12I24M78I13M93I10D32M2D97M2I16M1D50M6I16M12I16M18I19M34I2M1I34M1I49M
89	2978	0.306	5.133E-69	0	1015	1016	0	760	777	106M1D161M1I4M19I24M6I32M2I3M3I10M15I7M8I4M5I3M1I20M9I3M68I15M79I40M2D22M2D3M3D14M5I48M2I16M1D13M3I3M4I23M3I23M5I17M3I14M2I10M28I57M1D2M1D38M5D10M
88	2969	0.311	8.346E-69	0	1015	1016	0	753	770	270M15I8M6I18M2D40M2I28M19I9M107I10M76I40M2D22M2D6M2D13M4I47M2I17M1D12M7I26M3I31M5I12M3I11M2I11M21I4M7I54M2D39M6D9M
37	2943	0.308	3.399E-68	5	1015	1016	1	812	829	12M2D144M1I120M3I7M13I10M8I6M14I17M17I9M1I4M38I12M24D1M3I20M5I22M46I15M27I18M3I9M7D37M2D93M2I16M1D13M1I6M2I28M4I29M8I7M18I8M1D18M24I39M1D5M1D48M
2	2910	0.322	2.020E-67	0	1013	1016	3	780	781	105M1I57M1I106M1D3M30I12M35I27M43I18M40I13M7I9M3I20M2I7M9I6M11I20M10I6M5I38M1D42M1D52M1D11M1D8M4D62M4D11M3I14M29I13M4I9M27I38M3D8M5D12M3D27M
1	2908	0.280	2.251E-67	4	1015	1016	2	781	787	263M7I9M59I45M11I25M10I8M61I7M20I28M49I27M1D10M2D27M2D7M1I12M1I49M2I16M2D12M2I5M6I33M1I12M4I24M2I36M29I5M4I35M5D3M5D12M11D24M9D9M
36	2896	0.318	4.303E-67	6	1013	1016	2	810	829	10M2D145M1I120M3I7M13I10M8I6M14I17M17I9M1I4M38I15M21D21M5I24M5I25M46I7M6I11M12I41M2D93M2I16M1D13M1I6M2I28M4I19M3D7M11I7M18I8M1D18M24I40M1D2M1D48M
103	2881	0.299	9.675E-67	28	1013	1016	0	885	886	49M4I8M5I11M2I166M8I31M1D11M17I9M8I29M26I65M4I39M16D9M2I37M18I23M8D62M2D19M2I164M1I31M2I8M27I80M1I8M
14	2821	0.312	2.472E-65	2	1009	1016	80	885	886	110M25I3M4I2M1D70M1D51M7I8M4I29M4I3M1I30M5I5M2I46M3I6M3I18M7I10M1I34M1I14M34I12M16I17M16I210M2I23M7I9M38I9M24I85M
125	2819	0.286	2.754E-65	7	1009	1016	27	812	813	270M7I24M5I7M40I20M39I13M16D15M1I7M14I22M10I62M46I66M15I120M3I6M1D3M1D9M13I9M3D7M5I3M3I10M6I14M31I78M
110	2795	0.332	1.007E-64	92	1015	1016	0	879	880	178M14I49M7I17M10I22M12I42M1I74M8D7M1D11M1D30M2D21M3D8M3D14M9D80M2I122M1I16M12I54M10I14M1D8M1I78M2I7M
81	2710	0.337	9.926E-63	41	924	1016	7	884	885	229M14I63M2I42M4I27M5I14M6I14M4D31M1D5M7D21M2I20M1I42M2I24M5D80M2I122M1I16M12I17M2D31M26D35M
21	2691	0.341	2.770E-62	4	830	1016	1	698	745	212M1D51M5I7M7I6M10I52M5I31M12I16M20I20M11I20M15I32M11I21M26I13M2I154M1I10M1I33M4I19M
12	2510	0.335	4.877E-58	6	886	1016	1	674	675	261M9I14M22I7M34I31M21I22M33I17M21I16M8I19M1I20M9I16M21I28M1I6M2D28M2I9M1I7M1I47M1I2M1I16M1D13M6I40M6I7M5I17M7I28M
123	2406	0.363	1.342E-55	46	793	1016	0	713	715	226M12I75M3I30M3I35M7I9M13I6M6I22M4I17M12D56M5I5M3I25M9D63M2D15M2I2M2I65M1D17M2D20M
121	2384	0.312	4.403E-55	13	852	1016	1	618	619	254M1I14M2I6M4I16M1I9M6I20M7I9M10D9M41I17M74I8M98I2M7D22M1D11M2D26M2D9M2I59M2I16M2D12M2I6M3I27M7I7M4D31M
9	2302	0.251	3.692E-53	0	1015	1016	0	621	639	103M1D164M6I3M9I3M16I36M9I13M252I3M13D1M51I9M18I43M1I1M1I15M1D14M6I4M1I22M3I22M8I36M3I21M31I40M2D40M4D8M
11	2111	0.300	1.116E-48	5	841	1016	3	580	596	39M32I191M3D10M8I5M13I9M14I15M17I19M35I9M77I24M26I10M26I7M2I13M4I23M1D10M2D97M2I17M2D19M4I6M1I20M4I17M2I10M
19	1705	0.198	3.724E-39	5	1011	1016	10	731	735	30M1D13M2D47M1I9M1I44M1D11M5D4M8D20M1I3M3D27M2D53M3I21M8I15M47I10M80I16M6I12M22I20M60I9M11I13M2D6M2D52M1I9M1I7M2D83M4D36M11I34M12I4M7I6M5I20M38I21M1D12M1I9M2I13M
90	1255	0.165	1.338E-28	9	1004	1016	7	691	697	25M1I15M5I50M1I42M5D17M1I21M1I21M1D6M13I4M1I40M14D16M63I5M16I22M78I9M34I18M22I22M30I39M3I7M2D6M1I5M4D11M4D10M3I32M1I3M5D7M3I18M2D19M18I27M18I23M14I18M3I11M20I7M1I4M1I10M1D12M1D10M1D13M1D19M
4	1233	0.165	4.392E-28	11	1008	1016	8	687	688	39M4I51M1I43M5D16M1I22M1I20M1D3M3D9M12I33M9I3M1I4M10I24M1I7M5I16M2I8M5D31M1D8M35I9M60I31M76I8M5I25M3I14M3D2M1D17M6D5M3I4M5I8M6D23M4D10M3I16M2D20M12I20M7I4M6I4M1D5M95I9M4D12M7I8M1D21M3D22M
129	1130	0.162	1.145E-25	12	1006	1016	0	652	656	20M1I12M35I3M2D4M1D18M1I42M5D17M1I18M1I22M1D8M13I4M1I42M6I7M22I9M16D1M31I33M52I5M66I24M72I39M3I12M2D6M1D6M3D12M1D13M1I34M4D9M3I16M2D16M8I8M10I31M11I16M10I29M25I6M1I3M1I6M9I4M1D14M1D8M1D13M1D21M
99	977	0.280	4.442E-22	7	381	1016	17	364	450	25M1I14M5I53M1I39M4D18M1I20M1I27M2D12M12I40M1D12M12I47M1I34M
17	858	0.164	2.748E-19	11	1004	1016	3	971	985	22M2I25M3I14M1I4M1D31M1I34M3D23M9D19M1I18M12D7M3D5M1I11M9D30M2I4M3I3M8D7M5I12M6I47M3D11M2D10M2D30M1I34M5D19M2D28M10D28M2D41M8D45M3D28M16I4M25I23M2I5M15I13M3I10M24I17M2D9M2D10M13D10M15D32M2D42M3D21M2D34M34I4M1I24M
93	645	0.120	2.725E-14	1	720	1016	0	802	803	12M1D32M3D10M10I29M1I8M1I43M2D4M5D11M3I20M2D28M10D5M8D9M4I30M11I121M104D28M2I31M1D36M2D35M13D23M4D79M16I6M20I25M4I23M
 48	6606	1.00	0.000E+00	0	898	899	0	898	899	899M
82	5662	0.838	0.000E+00	5	898	899	30	946	947	2M1D296M3D83M5D58M4D32M4D19M6D33M1I272M1D98M
83	5643	0.840	0.000E+00	7	898	899	32	946	947	301M1D35M1I37M5D63M4D32M4D20M9D305M1D98M
76	5396	0.772	0.000E+00	0	898	899	0	920	925	297M2D51M3D33M3D28M4I30M4D33M4D19M2D15M4D12M2D237M2D5M1D39M1I95M
51	5383	0.758	0.000E+00	0	896	899	0	924	932	302M2D42M2D41M4D24M4I18M2I10M5D32M4D20M9D15M6D258M3D35M1I93M
54	5363	0.764	0.000E+00	0	898	899	0	918	923	302M2D40M2D5M4D30M2D32M4I20M1D11M2D30M3I18M4D6M2D9M5D10M1D237M3D46M1I95M
69	5338	0.741	0.000E+00	0	898	899	0	919	924	297M2D47M6I30M2D25M4I39M5D29M5D17M2D4M2D2M5D21M6D238M4D4M1I39M1I95M
71	5324	0.759	0.000E+00	4	896	899	16	927	934	298M2D40M1D5M4D30M2D32M4I20M1D11M2D30M3I22M6D11M5D9M1D238M3D46M1I93M
43	5313	0.761	0.000E+00	0	898	899	0	926	931	303M2D45M4D35M3D22M4I34M4D32M4D20M5D5M2D10M4D12M2D246M3D35M1I95M
35	5312	0.746	0.000E+00	0	896	899	0	922	929	297M2D32M1D18M4D36M3D22M4I35M1D31M1D25M9D10M4D12M2D240M4D41M1I93M
50	5306	0.751	0.000E+00	0	896	899	0	901	906	302M2D46M4D35M2D26M4I18M8I13M5I44M6D9M5D13M1D234M3D46M1I93M
13	5304	0.754	0.000E+00	0	898	899	0	889	894	302M2D44M1I34M4D25M7I18M2I13M4I24M3I11M1I11M3D23M2I239M3D41M1I93M
56	5304	0.748	0.000E+00	0	898	899	0	926	931	303M2D21M1I23M3D34M4D27M4I29M4D34M4D12M1I11M9D21M6D239M3D43M1I95M
41	5301	0.736	0.000E+00	0	896	899	0	917	924	301M1I27M1I17M4D35M4D30M5I23M2D4M1D31M4D25M8D11M5D9M1D239M1D10M1I33M1I93M
109	5289	0.751	0.000E+00	0	897	899	0	914	915	300M2D47M4D36M4D26M4I26M4D38M5D18M2D15M4D12M1I237M3D11M1I31M5I90M
46	5288	0.739	0.000E+00	0	896	899	0	918	926	302M2D42M2D41M4D24M4I17M11I34M4D20M9D15M6D253M1I39M1I65M12D28M
113	5271	0.738	0.000E+00	0	896	899	0	907	915	297M2D45M2I38M4D30M4I27M4D57M6D10M2D17M4D279M5I86M
45	5265	0.760	0.000E+00	0	898	899	0	922	927	302M2D40M1D5M4D30M2D32M4I19M1D12M2D15M5D15M3I18M4D6M2D9M5D10M1D237M3D46M1I95M
49	5235	0.740	0.000E+00	0	898	899	0	857	862	303M2D22M1I12M12I31M4D28M4I20M21I15M1I18M1I27M9I234M3D44M1I95M
52	5226	0.736	0.000E+00	0	898	899	0	903	913	303M2D22M4I19M4D33M4D32M4I52M1I18M1I18M3D249M3D47M1I95M
3	5207	0.737	0.000E+00	0	898	899	0	881	882	303M2D22M1I12M12I31M4D28M4I29M3D27M1I18M1I27M9I234M3D44M1I95M
44	5176	0.735	0.000E+00	0	898	899	0	881	886	297M2D28M1I12M12I31M4D28M4I29M3D27M1I18M1I5M8I15M1I238M3D47M1I95M
57	5175	0.729	0.000E+00	0	898	899	0	929	931	301M1D46M5D35M4D30M4I7M1D19M4D34M4D26M6D19M2D8M2D238M3D36M1I91M4D4M
77	5170	0.726	0.000E+00	0	898	899	0	917	925	302M2D40M4D5M1D34M3D31M4I24M3D18M1D18M4D19M1I26M6D238M1D43M1I95M
70	5160	0.722	0.000E+00	0	896	899	0	851	858	303M34I2M16D38M2D32M4I19M36I6M3I22M6D11M5D9M1D237M3D47M1I93M
42	5137	0.711	0.000E+00	0	898	899	0	932	933	343M3I40M3D17M1I39M1D9M1D24M4D15M2D19M4D7M12D16M1I234M7D3M4D27M1D101M
116	5124	0.737	0.000E+00	0	896	899	0	889	893	297M2D46M1I11M3I54M4I15M2I22M6D11M2I22M6I14M4D11M2D269M1D16M5I19M1D67M
78	5111	0.704	0.000E+00	0	898	899	0	939	940	295M1D53M3D37M3D18M1I37M3D11M1I23M4D15M4D19M13D250M10D11M1D41M1D87M
23	5060	0.699	0.000E+00	0	898	899	0	934	935	295M1D52M3I38M3D15M1I38M1D9M1D25M4D19M5D5M9D25M3D10M1D232M4D6M7D37M1D89M
58	5040	0.743	0.000E+00	0	898	899	0	884	889	300M2D42M1D5M4D30M2D32M4I8M4D3M9I13M18I10M3I18M4D6M2D9M5D10M1D230M1D1M5I47M1I95M
47	4923	0.700	0.000E+00	0	895	899	0	811	820	302M2D48M1D34M3D23M9I7M30I32M22I6M8I7M1I235M3D19M23I90M
66	4901	0.669	0.000E+00	0	898	899	0	922	923	82M1D213M1D41M4I13M7I26M3D17M1I38M1D11M1D22M4D21M5D18M4D20M4D233M7D4M4D41M1D87M
130	4840	0.641	0.000E+00	0	898	899	0	982	983	275M1I19M5D34M1D16M5D36M5D23M7D17M6D18M4D37M6D9M5D10M10D16M10D9M3D253M17D40M1D86M
55	4601	0.668	0.000E+00	0	898	899	0	888	893	112M1I184M2D45M2D6M3D17M2I14M4D28M4I18M1I11M4I7M1I8M6D33M6D18M9D13M4D99M1I49M1I43M20I5M9I56M1I52M1I35M
79	4553	0.686	0.000E+00	53	898	899	1	888	889	242M1D53M3D37M3D18M1I45M2D26M4D18M4D17M1D11M10D13M3D224M2D5M5D8M4D41M1D87M
115	4435	0.555	2.192E-102	0	898	899	0	981	982	272M5I5M4D13M5D38M1D11M5D43M5D17M4D18M5D26M1D9M4D20M5D7M5D12M14D32M9D244M19D25M2D102M
112	4417	0.520	5.752E-102	0	898	899	0	969	971	268M2I10M1D14M2D38M1D7M3D16M1D32M4D17M7D34M12D6M15D12M1D39M1D28M8D219M1I49M18D107M
30	4371	0.518	6.768E-101	0	898	899	0	970	972	268M2I10M1D14M2D38M1D10M5D14M1I21M4D24M7D30M6D13M21D21M2D56M8D4M1D216M1I28M18D128M
67	4350	0.525	2.085E-100	5	898	899	6	962	964	267M5I5M4D13M2D47M5D14M1I29M4D20M11D45M9D32M1D12M10D12M1D4M2D17M8D214M1I29M13D127M
33	4350	0.522	2.085E-100	0	898	899	0	968	970	275M2I3M1D14M2D32M1I12M5D17M1I29M4D18M7D17M5D15M1D9M2D39M9D5M3D20M5D9M5D12M8D212M1I14M3D6M3D7M12D129M
111	4347	0.533	2.449E-100	0	898	899	0	936	938	268M2I10M1D14M2D39M1D9M5D14M1I29M4D25M1D17M9D90M3D10M1I213M1I24M10D3M7D129M
39	4342	0.523	3.202E-100	0	898	899	0	963	965	275M2I3M1D14M2D41M1D7M5D14M1I29M4D18M7D17M5D15M1D10M21D8M4D68M2D220M1I28M17D36M1I91M
61	4340	0.532	3.564E-100	0	898	899	0	931	933	268M2I10M1D14M2D38M1D10M5D14M1I29M4D31M6D23M8D38M1D14M4I21M5I220M1I28M18D128M
119	4331	0.514	5.773E-100	0	898	899	0	966	968	268M2I10M1D14M2D38M1D10M5D14M1I29M2D31M7D14M6D14M17D17M6D61M8D219M1I27M17D129M
105	4330	0.528	6.091E-100	0	898	899	0	961	963	268M2I9M1D15M2D38M1D8M3D2M2D14M1I29M4D31M6D23M4D5M4D39M8D12M13D34M8D212M1I14M3D1M8D141M
31	4325	0.521	7.963E-100	0	898	899	0	968	970	268M2I10M1D14M2D42M1D4M3D16M1I29M4D18M7D42M8D38M9D5M6D26M10D14M5D213M1I28M18D128M
118	4321	0.541	9.867E-100	0	898	899	0	977	978	275M1I18M2D45M3D3M2D14M1I29M4D14M6D45M12D12M3D12M2D14M5D15M14D34M7D168M2D4M3I14M2D21M1I30M18D12M3D114M
72	4320	0.537	1.041E-99	0	898	899	0	957	958	275M1I17M2D46M3D3M2D14M1I30M4D10M6D24M5D18M15D42M6D33M4D5M1D185M1I37M1I14M3D7M13D19M1I115M
6	4317	0.523	1.223E-99	0	898	899	0	968	970	268M2I10M1D14M2D35M4D27M1I29M4D29M7D17M6D13M2D39M9D5M6D26M10D14M5D213M1I28M18D128M
25	4314	0.514	1.436E-99	0	898	899	0	968	970	268M2I10M1D14M2D35M4D27M1I29M4D18M7D36M4D5M23D21M3D57M8D219M1I28M18D128M
28	4313	0.517	1.515E-99	0	898	899	0	969	971	268M2I10M1D14M2D35M4D57M4D18M7D28M6D13M21D21M3D57M8D219M1I28M18D128M
29	4307	0.517	2.089E-99	0	898	899	0	968	970	268M2I10M1D14M2D42M1D4M3D16M1I29M4D18M7D36M4D13M4D31M9D10M2I27M23D219M1I28M18D128M
5	4305	0.519	2.326E-99	0	898	899	0	968	970	268M2I10M1D14M2D35M4D27M1I29M4D18M7D28M6D13M21D21M3D63M8D213M1I28M18D128M
85	4304	0.517	2.454E-99	0	898	899	0	968	970	268M2I10M1D14M2D38M1D8M3D16M1I20M4D79M1D6M17D15M6D12M6D20M2D9M8D11M5D213M1I28M18D128M
27	4295	0.515	3.975E-99	0	898	899	0	968	970	268M2I10M1D14M2D35M4D27M1I29M4D21M1D10M6D23M4D5M23D21M3D63M8D213M1I45M11D23M7D88M
15	4295	0.532	3.975E-99	2	897	899	38	982	983	264M1I27M1D93M5D16M1D6M3D12M3D10M1I24M8D22M7D12M2D8M8D31M3I170M1I39M1I14M3D12M15D129M
16	4292	0.545	4.668E-99	5	897	899	39	977	978	262M2I11M1D18M1D43M1D40M5D22M1D6M3D12M3D7M2D31M3D18M7D25M7D200M1I39M1I14M2I11M20D30M2I96M
59	4292	0.534	4.668E-99	0	898	899	0	981	982	6M1D269M1I17M5D40M6D54M5D11M5D18M8D24M2D5M2D12M4D17M5D4M5D15M2D7M19D22M9D182M1I55M3D38M1D94M3D7M
38	4286	0.524	6.439E-99	0	898	899	0	967	969	268M2I10M1D14M2D38M1D10M5D14M1I21M4D26M5D44M20D30M4I14M6D19M10D12M5D215M1I13M14D4M4D139M
26	4284	0.523	7.167E-99	0	896	899	0	966	970	268M2I10M1D14M2D35M4D27M1I21M4D39M7D31M8D36M9D5M6D26M10D14M5D213M1I28M18D126M
127	4282	0.534	7.978E-99	0	898	899	43	1012	1013	275M1I17M2D49M5D14M1I30M4D10M6D48M12D11M3D12M2D15M5D5M8D19M7D10M6D187M1I37M1I16M5D14M11D10M1I115M
94	4281	0.522	8.417E-99	0	898	899	0	922	924	268M2I10M1D14M1D7M1D39M3D2M2D14M1I27M3D29M4I14M2I2M12D28M1I275M1I19M4D13M13D27M2I10M3I85M
53	4281	0.528	8.417E-99	0	898	899	0	962	964	268M2I13M1D11M2D38M1D10M5D14M1I21M4D24M7D24M5D10M1D14M9D33M1D19M6D28M8D212M1I14M3D6M15D136M
75	4280	0.528	8.881E-99	0	898	899	0	968	970	268M2I10M1D14M2D38M1D10M5D14M1I30M4D17M7D36M8D44M8D6M5D17M7D20M8D215M1I14M3D12M15D130M
86	4270	0.513	1.518E-98	0	898	899	0	968	970	268M2I10M1D14M2D38M1D8M3D16M1I21M4D20M7D34M6D13M2D50M7D27M11D9M12D211M1I14M3D6M3D7M12D129M
108	4269	0.520	1.601E-98	0	898	899	0	926	928	268M2I10M1D13M2D47M3D2M2D14M1I27M3D18M5I25M13D34M1D62M1I213M1I16M5D5M4D50M4D85M
62	4256	0.531	3.214E-98	0	898	899	0	929	931	275M2I3M1D14M2D42M1D6M5D14M1I21M4D39M4I12M18D45M1D14M4I21M5I220M1I28M17D36M1I91M
64	4253	0.515	3.774E-98	0	898	899	0	966	968	268M2I10M1D14M2D38M1D10M5D14M1I29M4D31M6D15M6D17M13D23M11D55M5D215M1I28M18D128M
131	4251	0.524	4.202E-98	0	898	899	0	894	896	268M2I10M1D14M2D38M1D10M5D14M1I29M4D29M24I22M2I17M17I7M10D18M1I219M1I49M10D22M11D85M
107	4240	0.506	7.576E-98	0	898	899	0	967	969	268M2I10M1D22M2D30M1D25M2D21M4D39M7D15M4D19M16D23M3I17M2I25M4D6M19D215M1I14M3D12M15D14M1I115M
24	4239	0.516	7.993E-98	0	898	899	0	968	970	275M2I3M1D14M2D32M1I12M5D17M1I29M4D12M7D38M6D9M21D21M3D64M8D212M1I28M18D128M
106	4236	0.516	9.387E-98	0	898	899	0	968	970	268M2I10M1D14M2D38M1D8M3D16M1I21M4D39M7D27M23D60M7D19M8D219M1I28M18D128M
22	4224	0.510	1.786E-97	0	898	899	0	956	958	275M2I5M1D20M2D60M2D24M4D67M18D24M2D30M7D20M8D215M1I15M11D4M6D137M
34	4191	0.512	1.047E-96	0	898	899	0	968	970	268M2I10M1D14M2D38M1D8M3D16M1I21M4D19M7D49M8D41M15D28M10D15M5D212M1I28M18D128M
68	4156	0.516	6.832E-96	1	898	899	6	900	901	10M10I7M2I245M1I15M2D39M1D12M5D14M1I30M4D11M7I85M2I20M6I186M1I37M1I15M12D5M4D136M
73	4154	0.532	7.604E-96	23	898	899	2	932	933	252M1I28M2D40M5D12M1I29M4D12M4D2M2D55M8D45M7D17M3D13M6D170M1I40M2I16M8D12M11D128M
65	4125	0.529	3.598E-95	7	898	899	2	875	879	269M1I17M1D9M3D26M1D20M5D32M4D21M2D19M15D58M3I17M1D20M1D13M2D170M1I42M10I2M14I11M1I5M23I88M
102	4091	0.503	2.225E-94	0	898	899	0	962	964	275M1I19M2D47M5D14M1I29M4D22M7D13M1D4M3D28M3D23M2D16M13D36M8D214M1I15M3D11M16D130M
60	4075	0.491	5.245E-94	5	898	899	1	990	994	10M2D16M10D7M3D237M1I17M5D40M4D54M5D15M1D12M12D15M4D28M4D47M4D5M24D24M9D169M1I53M3I14M5D42M9D84M
74	3986	0.521	6.184E-92	7	887	899	1	924	926	268M2I3M1D24M2D37M4D15M1I30M4D10M14D38M1D10M1D3M13D26M3I56M1D172M2I31M2I19M12D7M1I19M1I87M2D14M
80	3925	0.527	1.626E-90	42	898	899	1	930	931	238M1I18M2D43M5D14M1I30M4D10M6D24M9D28M3D7M3D12M2D15M5D4M7D20M5D22M10D175M1I37M1I14M3D8M13D134M
104	3865	0.489	4.050E-89	0	898	899	0	936	938	44M32I199M2I3M1D14M2D32M1I12M5D17M1I29M4D12M7D38M6D9M2D39M9D5M6D20M2D9M5D12M8D212M1I28M18D128M
84	3841	0.517	1.466E-88	47	898	899	0	928	929	233M1I12M2D51M5D12M1I30M4D15M6D19M8D9M1D18M3D8M3D12M2D15M5D4M7D19M7D8M13D190M1I37M1I24M16D16M1I115M
32	3831	0.501	2.505E-88	42	898	899	1	927	929	238M1I13M2D35M4D27M1I14M4D46M7D23M4D5M23D21M3D57M8D219M1I28M18D128M
128	3805	0.419	1.009E-87	0	898	899	0	875	876	5M1D262M6D11M4I18M8I10M2I9M1I36M5I16M5I12M2I18M10I24M6I10M8I17M6I9M10D95M1I7M2D151M1D11M7D25M6D88M2D7M
117	3788	0.393	2.510E-87	0	898	899	2	994	1003	266M3D35M24D28M2D53M4D19M1D33M1I25M1D40M8D28M1I88M1D121M1D18M8D35M9D6M30D17M4D85M
92	3624	0.378	1.647E-83	5	898	899	1	1083	1084	275M3D31M5D36M6D63M2D14M4D18M5D8M2D28M35D27M1D11M16D10M24D90M2D126M1I10M53D9M4D11M1D14M27D112M
122	3557	0.366	5.972E-82	7	898	899	6	968	1001	266M6I32M7I31M29D20M9I94M3D62M3I79M1D117M1D25M2D11M10D8M36D9M19D89M3D4M8I12M
101	3526	0.392	3.145E-81	0	892	899	16	929	936	2M1I268M7I15M2I32M10D13M6D14M3D12M1D132M11I22M4D2M2I63M2D104M11D53M7D26M2D10M2I100M
8	3460	0.359	1.081E-79	4	898	899	6	1012	1016	263M4D9M24D7M5D21M20D19M1D52M4D29M3I29M1D29M1D26M13D127M2D137M20D18M3D41M17D85M
110	3452	0.473	1.660E-79	90	898	899	0	878	880	186M1I17M2D38M1D8M3D16M1I21M4D20M7D34M6D13M24D78M8D219M1I62M1D9M17D85M
126	3407	0.367	1.851E-78	6	893	899	10	806	808	96M2I162M1D12M3I15M11I30M27I21M4I20M26I5M4I6M16I7M7I11M6I15M4I17M7D133M1I37M2I27M4I24M1I11M5D41M16D37M2I41M
103	3389	0.449	4.856E-78	26	898	899	0	885	886	49M4I8M5I8M2I169M7I4M1D21M4D35M9I34M2D53M1I29M23D10M3I25M1D29M1D82M2D141M1D25M9D120M
18	3347	0.322	4.612E-77	5	897	899	1	1247	1248	272M4D166M15D15M9D20M6D18M8D19M12D7M49D11M12D67M1I15M1D123M1I18M139D9M12D5M53D7M24D18M12D101M
91	3341	0.363	6.361E-77	4	898	899	8	785	788	102M1D169M3D20M66I9M14I6M4I18M13I9M1I77M13I9M2I64M2I7M1D8M1D81M3I3M3I36M2I39M1I27M4I2M1I33M2D17M4D30M
100	3324	0.361	1.582E-76	4	898	899	3	800	806	263M11I18M15I45M8I13M7I16M5I19M16I11M13I9M6I7M12I18M7I11M2I79M1D2M1D81M2D4M5I2M5D31M2D18M1I17M4I35M1I43M1D34M4D6M
81	3315	0.496	2.562E-76	39	813	899	7	820	885	241M1I13M2D38M1D10M5D14M1I20M4D29M1I10M6D37M7D30M8D18M6D13M10D15M5D212M1I17M9I24M2I19M
114	3300	0.374	5.725E-76	5	892	899	5	923	929	215M1D50M7I5M1D32M1I21M5D4M1I16M2I11M5D16M5D81M6D46M8D20M2D63M2D85M1D3M5I2M1D13M1D56M2D22M2D33M5D78M
124	3262	0.364	4.388E-75	5	889	899	1	708	713	259M16D11M27I14M13I11M38I17M8D8M39I3M13I14M46I16M2I38M1D24M1I18M2D82M1I32M2I27M8I28M14I43M1D6M1I29M
98	3261	0.354	4.629E-75	1	898	899	9	773	776	105M1D160M3D11M2I31M8I9M8I3M5I12M68I18M3I11M5I7M11I8M9I17M8I11M3D3M2I63M2I14M1D2M1D74M1I9M6I31M2I14M5I55M2I1M1I32M2D19M4D30M
97	3238	0.353	1.588E-74	1	898	899	22	783	786	105M1D160M4D11M3D12M3I41M73I18M3I27M23I8M13I8M10I6M3I9M2I62M3I14M1D2M1D84M6I31M2I26M2I6M2I39M4I34M1D17M2D29M
120	3198	0.362	1.355E-73	0	898	899	2	757	764	104M2I170M7I10M13I40M23I4M34I37M4I5M16I6M9I24M6D25M3I40M2D34M1D7M1D47M2I18M1D51M6I16M6I11M4I11M23I5M1I32M1I48M
0	3161	0.358	9.840E-73	0	898	899	8	751	754	106M1D159M4D12M2D17M5I14M5I14M2I5M48I13M17I19M4I15M70I6M1D3M2I63M3I13M1D2M1D77M1D7M6I31M2I18M2D15M3I31M2I6M3I30M2D21M2D30M
10	3160	0.349	1.038E-72	0	898	899	21	781	784	106M1D160M3D15M2D10M13I30M1D19M6I10M75I11M23I23M1I9M12I11M2I63M2I14M3D1M1I84M6I37M2I20M2I44M7I31M2D21M2D28M
95	3136	0.358	3.757E-72	5	898	899	1	714	720	97M2I172M7I8M10I18M16I11M38I8M14I7M1I12M9I8M40I10M10I13M2I20M1I37M2D39M2D49M2I18M1D51M6I14M8I34M14I5M3I31M1I38M1I9M
7	3111	0.357	1.435E-71	0	898	899	2	820	857	5M1D98M1D162M6I47M1I16M4I18M4I4M41I9M10I18M1I7M2I22M3I15M5I20M7I9M2I39M2D43M3D46M2I17M1D20M6I34M2I12M2I51M6D40M2D42M2D7M
96	3102	0.321	2.324E-71	5	898	899	38	940	948	30M5I225M3D12M6I29M1I17M5I5M1I12M1I30M4I38M2I22M38D82M3D5M1D60M4I17M2D49M1I32M1I57M7D13M14I114M
1	3097	0.343	3.038E-71	0	892	899	0	763	787	273M9I6M30I6M5I8M41I46M17I15M21I13M7I8M15I12M2I27M1D14M2D39M1D3M1D45M1I4M1I16M2D14M5I36M1I5M3I33M2D36M1I30M1D6M2D5M7D10M11D24M
40	3079	0.347	7.971E-71	0	898	899	1	754	776	104M1D161M11I13M6D9M5D12M95I16M1I8M8I16M8I12M13I5M11I4M8I19M2I39M2D43M2D46M2I18M1D13M3I2M4I24M3I24M3I12M3D42M2D40M2D40M3D5M
87	3078	0.346	8.410E-71	1	898	899	3	745	770	100M1D168M8D23M7I13M117I17M10I42M15I5M7I9M2I39M2D42M2D47M2I17M1D16M7I27M3I21M5I19M1D4M2D65M2D38M1D11M
89	3074	0.359	1.042E-70	3	898	899	5	755	777	101M1D161M8I14M1D14M24I8M32I18M33I14M8I16M8I10M21I19M8I8M3I3M2I39M2D43M2D46M2I18M1D13M3I2M4I27M3I26M1I8M4D37M1I45M2D40M3D5M
63	3074	0.348	1.042E-70	3	892	899	5	746	778	98M1D168M9I27M21I7M48I39M24I11M9I28M20I4M9I9M2I39M2D43M2D46M2I17M1D16M7I24M3I24M2I90M4D3M2I39M
20	3070	0.347	1.291E-70	4	898	899	6	749	772	261M10I8M1I6M6D11M6D22M19I14M30I25M31I10M56I7M14I5M2I39M2D36M3D5M1I47M2I15M1I1M2D18M7I22M3I24M2I51M4D41M2D37M1D7M2D4M
14	3064	0.354	1.781E-70	3	895	899	83	885	886	106M25I4M4I3M1D69M1D60M2I12M2I30M1I14M3I16M6I12M8I18M1D28M3I8M1I56M4I14M3I19M2I76M1D5M1D127M2I14M3I12M25I8M1I87M
88	3040	0.350	6.445E-70	3	898	899	5	747	770	262M11I27M4D24M11I20M29I3M4I15M4I11M38I2M45I6M13I6M2I39M2D37M3D4M1I47M2I14M1D19M7I24M3I22M1I18M1D22M2D58M2D34M1D7M2D4M
2	3025	0.349	1.440E-69	1	898	899	6	779	781	105M1I54M1I110M5I15M14I7M3I18M8I15M32I8M1I27M6I24M1I15M54I47M1D43M3D49M1D11M1D6M1D2M3D55M5D7M1I8M6I14M20I6M5D16M2I32M3D11M5D12M3D26M
125	2996	0.331	6.813E-69	5	888	899	27	805	813	260M1I11M3D16M7I9M11I9M7I26M17D2M21I5M2I22M14I28M21I9M4I22M1I18M7I62M13I130M2I22M5D2M17I29M2I72M
37	2994	0.322	7.584E-69	2	898	899	0	809	829	13M2D144M1I105M4D12M5I32M3I10M3I9M39I12M25D7M1I17M22I4M10I15M13I12M2I15M1I7M5I13M2I39M2D40M1D2M1D49M2I16M1D13M1I11M2I22M4I23M3I3M4I13M1I26M1I41M2D47M
36	2934	0.329	1.890E-67	2	898	899	0	810	829	12M2D145M1I105M4D12M5I32M3I10M3I9M34I14M20D10M1I17M31I6M1I20M1I12M9I11M9I16M4I40M2D40M1D2M1D49M2I16M1D13M1I11M2I22M4I21M3D2M10I13M1I26M1I38M4D4M2I32M1D12M
21	2783	0.363	6.178E-64	0	763	899	0	704	745	2M1I211M1D78M27I10M4I36M2I32M1I16M2D9M1D25M12I30M4I12M5I17M2I81M2D72M1I10M1I33M4I20M1I5M
123	2697	0.435	6.202E-62	44	719	899	0	713	715	254M10D15M7D124M22D68M4I176M1D21M2D14M
121	2608	0.330	7.311E-60	11	776	899	1	615	619	255M6D30M35I18M39I11M43I5M51I3M10D7M2I5M9D22M2I22M1D15M2D40M2D46M1I4M1I16M2D14M2I9M3I21M4I40M
12	2585	0.339	2.508E-59	4	810	899	1	674	675	271M3I16M47I48M4I31M8I11M24I6M9I34M12I6M2I28M1I11M2D30M1D6M1I5M2I45M2I17M1D13M5I5M1I31M6I10M9I9M1I37M
9	2367	0.304	2.973E-54	3	893	899	5	609	639	98M1D168M9I23M24I9M169I5M10I18M62I3M11D6M13I44M2I17M1D14M2I4M5I25M3I21M3I6M2I6M5I16M2D15M6D40M2D44M
11	2234	0.343	3.705E-51	0	765	899	0	580	596	42M32I201M5D17M3I11M3I10M4I11M7I5M34I13M10I10M49I4M33I14M6I12M5I25M1D15M2D39M1D2M1D49M2I16M2D14M2I8M3I24M4I27M
19	1902	0.216	1.977E-43	5	896	899	12	731	735	28M1D16M2D44M1I9M1I44M1D11M5D4M8D20M1I3M3D27M2D8M3I8M3D32M5D14M1D12M9I9M6I38M10I4M30I18M114I5M4I12M2D6M2D46M1I14M1D5M2D79M3D3M1D33M4D9M5I4M1I2M2I55M29I17M1D11M1I14M1I9M
90	1428	0.189	2.129E-32	0	889	899	0	690	697	33M1I14M5I52M1I39M5D18M1I21M1I21M1D6M13I4M1I35M18D6M4D13M18I10M2I10M21I15M19I10M103I26M18I35M2D6M3I10M1D22M5D41M2D2M2D6M3I18M2D20M11I31M5I8M10I11M6I22M1I13M1I4M1I10M1D12M1D9M1D16M1D16M
4	1315	0.187	9.085E-30	9	892	899	8	685	688	40M4I52M1I37M3D4M2D19M1I19M1I20M1D8M13I5M4D36M9I11M53I14M3I8M12I14M4I13M2D12M15I11M14I9M9I5M4I23M6I14M4I11M3D28M3I8M1D5M3D8M2I11M5D9M5D7M2I24M2D8M2D2M3I16M2D15M9I5M3I16M2I13M8I5M56I2M1I7M4D12M7I7M1D22M3D20M
129	1183	0.168	1.073E-26	10	886	899	0	646	656	23M1I9M35I3M2D4M1D20M1I37M3D6M2D14M1I18M1I33M13I37M27D24M49I11M62I8M1I3M47I11M36I15M1D10M4D32M3I7M2D6M1D8M1D10M3D11M1D33M1D2M3D9M3I16M2D16M8I4M3I19M4I8M3I2M1D7M3I6M1I34M5I19M9I3M1D16M1D5M1D14M1D15M
99	976	0.196	7.055E-22	5	619	899	17	449	450	28M1I11M5I52M1I40M3D4M1D14M1I23M1I29M4I6M6I35M5D22M13I10M10I15M27I5M18I7M9I11M7I3M5I10M63I15M16I5M4I2M5I22M3I14M3D4M1D6M1D19M3D4M
17	834	0.168	1.424E-18	9	820	899	3	899	985	22M2I25M3I14M1I4M1D25M1I39M2D3M1D21M9D19M1I18M12D7M3D5M1I11M9D30M2I14M18D27M10D8M3D20M17D48M20D68M5D5M4D22M5D10M11D43M27D28M4I3M6I12M14I18M1D11M3D3M8D17M57I6M3I8M2D27M6I6M11D40M4D24M
93	620	0.138	1.363E-13	11	646	899	13	802	803	32M3D7M10I33M1I12M1I38M3D3M4D16M2I3M1I13M2D29M4I6M2I6M20D31M2I8M2D17M15D33M2D42M112D28M16D33M1I49M15D11M14D77M7I6M20I23M1I9M2I17M
 92	7533	1.00	0.000E+00	0	1083	1084	0	1083	1084	1084M
115	3797	0.375	6.053E-88	1	1083	1084	5	981	982	261M4I26M1D79M8D29M1D10M11I88M7I43M3I6M2I17M9I13M15I91M2I123M1D13M25I9M27I8M4I31M2I31M6I88M
6	3763	0.368	3.775E-87	1	1083	1084	5	965	970	264M2I9M2I102M2I39M1I35M1I44M1I15M2I22M1I39M38I94M2I139M21I31M27I30M10I12M9I82M3I4M
30	3752	0.360	6.826E-87	1	1083	1084	5	967	972	264M2I9M2I26M1I38M1D4M8I40M9I46M11I16M3I23M15D11M9I24M6I18M3I9M6I26M4I95M2I139M21I39M19I7M25I2M1I28M1I79M3I4M
33	3740	0.363	1.302E-86	1	1083	1084	5	965	970	264M2I9M2I102M2I23M1I51M1I44M2I9M1I28M1I21M5I12M8I8M25I93M2I138M21I31M27I30M10I12M9I82M3I4M
75	3739	0.363	1.375E-86	1	1083	1084	5	965	970	262M4I26M4D34M1I21M1I16M8D27M4I46M1D40M3I10M8I38M5I17M5I19M32I94M2I137M25I18M23I45M19I94M3I4M
31	3729	0.365	2.355E-86	1	1083	1084	5	965	970	264M2I9M2I14M1D47M1I26M8D30M3I50M4I18M1I10M4I16M2I6M1I31M1I39M38I94M2I139M21I31M27I30M10I12M9I82M3I4M
130	3726	0.385	2.768E-86	1	1083	1084	5	982	983	261M4I27M7D41M3I9M1D21M10D25M2I38M1I28M3I22M3I26M4I8M7I33M1I11M17I16M10I93M2I123M1D13M24I24M21I6M4I30M18I104M
16	3721	0.365	3.623E-86	0	1082	1084	38	977	978	261M2I13M2I88M5D32M16I16M1I81M10I38M5I17M40I93M2I89M1I46M24I28M24I31M1I5M19I12M1I85M
117	3719	0.368	4.035E-86	0	1083	1084	6	994	1003	267M8D1M11I25M1D16M6D23M1I36M6I33M3I17M5I23M16I13M6I13M7I33M1I15M4D26M25I92M1I128M2D13M19I73M2I12M13I109M
127	3712	0.378	5.881E-86	0	1083	1084	47	1012	1013	265M4I72M1I56M1D12M7I19M1D18M10I54M2I61M9I15M14I96M2I88M1I47M25I46M26I5M18I24M1I86M
50	3710	0.382	6.550E-86	1	1080	1084	5	900	906	275M3I13M23I21M3I6M2I5M1I54M3I39M4I26M1D70M1I10M61I94M2I126M1D10M25I15M31I8M7I34M20I88M
67	3709	0.365	6.912E-86	3	1083	1084	8	959	964	261M4I71M1I33M1D46M1I61M3I15M2I19M3I25M1I33M38I95M2I136M25I28M20I17M7I17M20I91M3I3M
86	3707	0.364	7.698E-86	1	1083	1084	5	965	970	262M4I25M1D47M1I27M6D31M1I50M4I18M1I10M4I16M2I6M1I31M1I39M38I95M2I138M21I31M27I30M10I12M9I82M3I4M
28	3703	0.366	9.548E-86	1	1083	1084	5	969	971	264M2I9M2I14M1D47M1I19M5I16M18I35M1I22M5I17M4I14M12I13M6D6M1I48M1I13M1D25M5I94M2I139M21I31M27I30M10I12M9I89M
112	3703	0.363	9.548E-86	1	1083	1084	5	966	971	262M4I25M1D47M1I33M1D46M3D24M1D28M6D12M1I14M24I36M11I13M7I13M2I5M11I94M2I137M25I2M3D27M35I29M9I17M1I79M3I4M
85	3699	0.357	1.184E-85	1	1083	1084	5	965	970	264M2I9M2I14M1D47M1I27M8D12M1I44M1D18M5I24M9D15M3I29M5I37M21I10M29I95M2I138M21I31M27I30M10I12M9I82M3I4M
51	3698	0.379	1.250E-85	1	1080	1084	5	923	932	275M3I13M23I21M3I23M3D25M2I59M11I58M5I14M2D24M5I10M24I16M6I94M2I126M1D10M24I13M23I17M16I27M20I88M
38	3691	0.370	1.822E-85	1	1083	1084	5	967	969	264M2I9M2I15M4D34M1I21M1I21M3D13M4I17M3I13M5I13M7I39M10D17M2I21M6I23M3I31M32I94M2I137M25I6M43I11M1I15M2I43M4D85M
27	3687	0.367	2.260E-85	1	1083	1084	5	965	970	264M2I9M2I41M1D20M1I40M2I39M5I16M3I40M6D17M2I6M1I31M1I39M38I94M2I137M25I11M47I59M5D82M3I4M
106	3687	0.355	2.260E-85	1	1083	1084	5	965	970	262M4I25M1D47M1I26M8D23M1I34M1D16M7I24M8D47M5I37M12I10M38I95M2I138M21I39M19I10M20I3M2D19M9I82M3I4M
15	3687	0.367	2.260E-85	0	1082	1084	40	982	983	270M4I43M33I48M5D41M1D54M10D13M4I44M28I5M1I22M16I89M2I88M1I47M24I6M2D20M26I31M1I15M18I89M
105	3686	0.364	2.385E-85	1	1083	1084	5	961	963	264M2I10M2I24M4D24M1I25M1I14M6D14M1D54M5I30M3I37M4I63M35I3M8I91M2I136M25I12M28I7M25I49M4D85M
41	3685	0.389	2.517E-85	1	1083	1084	5	922	924	275M3I20M1D15M1D19M7I4M1D58M7I21M1I33M3I14M3I15M33I23M1I16M1I10M11I11M14I96M2I126M1D12M20I19M31I9M15I13M18I11M2I86M3D5M
119	3684	0.357	2.656E-85	1	1083	1084	5	965	968	264M2I9M2I14M1D47M1I9M7I93M7I29M10D17M1I17M3I19M1I39M38I95M2I136M25I18M13D12M35I19M12I12M9I84M1I4M
24	3684	0.364	2.656E-85	1	1083	1084	5	965	970	264M2I9M2I89M8D26M4I48M1I25M2D3M5I3M4I16M1I15M2I22M1I21M5I12M8I8M25I92M2I139M21I31M27I30M10I12M9I82M3I4M
54	3683	0.384	2.803E-85	1	1083	1084	5	915	923	275M3I41M1D18M2I81M1I15M3I17M3I5M2I16M8I24M2I12M9I17M1I14M52I93M2I126M1D10M25I9M11I15M12I9M15I24M20I84M3I4M
59	3682	0.378	2.958E-85	0	1081	1084	5	976	982	264M4I18M3I57M4I31M9D9M4I58M1D43M1D69M2I16M6I26M15I86M2I87M2I5M1D32M1D10M25I26M30I32M26I90M
53	3678	0.365	3.668E-85	1	1083	1084	5	959	964	261M4I53M1I24M2I25M8D7M5I15M5I36M7I39M10D11M8I7M1I11M3I21M5I26M4I3M4I8M25I92M2I139M21I39M19I8M17I12M10I96M3I4M
42	3677	0.391	3.871E-85	1	1083	1084	5	929	933	275M3I16M25I16M3I6M2I33M2I23M4I10M4I15M4I17M3D17M1I22M12I56M1I14M3I16M19I14M1I80M2I126M1D10M24I22M26I8M5I31M18I90M3I4M
26	3676	0.367	4.085E-85	1	1083	1084	5	965	970	264M2I9M2I14M1D47M1I26M8D30M3I75M5I3M4I16M2I6M1I31M1I39M38I94M2I139M21I31M27I30M10I12M9I82M3I4M
107	3675	0.366	4.311E-85	1	1083	1084	5	966	969	264M2I9M2I92M3D12M22I46M11I18M3I17M2I4M16D41M1D29M15I15M2I8M11I88M2I137M25I4M27I16M20I50M4D84M1I4M
34	3668	0.362	6.285E-85	1	1083	1084	5	968	970	261M4I54M1D19M1I27M6D31M1I50M4I18M1I10M4I16M2I6M1I31M1I39M38I95M2I138M21I31M27I30M10I12M9I89M
29	3666	0.369	6.999E-85	1	1083	1084	5	965	970	264M2I9M2I14M1D47M1I27M8D26M4I47M3I26M1I8M4I16M2I9M9I26M6I7M5I16M11I18M9I94M2I139M21I31M27I30M10I12M9I82M3I4M
25	3659	0.368	1.020E-84	1	1083	1084	5	965	970	264M2I9M2I14M1D47M1I33M24I36M1I22M5I26M1D16M11D14M1I10M2I31M5I16M11I18M9I95M2I138M21I39M19I17M18I17M9I82M3I4M
5	3658	0.366	1.077E-84	1	1083	1084	5	965	970	262M4I25M1D47M1I26M8D27M4I48M1I23M3I10M4I16M2I6M1I31M1I39M38I94M2I139M21I31M27I30M10I12M9I82M3I4M
64	3654	0.362	1.336E-84	1	1083	1084	5	963	968	261M4I26M1D49M2D8M1I15M8D58M1I16M3I40M3I5M14I12M2I23M3I43M32I94M2I139M21I39M19I32M27I84M3I4M
77	3649	0.386	1.748E-84	1	1083	1084	5	917	925	275M3I26M1D47M3D26M1I2M3I20M2I33M1I8M7I55M6I26M4I13M61I95M2I123M1D13M25I6M33I18M3I5M4I15M1I13M19I89M
118	3642	0.366	2.548E-84	1	1083	1084	5	977	978	260M4I54M1I49M8D32M4I19M2I5M4I37M13I14M2I47M8I25M9I25M6I94M2I88M1I11M2D36M24I39M3I6M13I20M24I102M
69	3641	0.373	2.689E-84	1	1083	1084	5	923	924	275M3I26M8I8M18I6M2I45M5I19M9I21M9I24M5I45M5I17M2D7M7I18M2I3M7I20M6I94M2I126M1D11M4D3M17I10M35I15M15I27M20I85M4D3M
56	3639	0.390	2.995E-84	1	1083	1084	5	926	931	275M3I26M1D33M3I49M1I30M1I15M3I17M2I6M2I15M3I14M2D13M10I7M17I14M20I3M2I3M7I19M6I95M2I123M1D13M25I24M23I9M15I7M7I4M13I104M
109	3638	0.377	3.161E-84	1	1082	1084	5	914	915	275M3I13M23I21M3I6M2I31M1I44M1I25M4I19M2I7M2I5M5I20M2I13M1D54M11I7M25I90M2I126M1D10M25I6M22I17M2I9M15I13M24I97M
111	3636	0.370	3.520E-84	1	1083	1084	5	933	938	264M2I9M2I41M22I64M6I5M1I15M3I16M9I39M2I12M7I41M7I14M7I20M13I92M2I139M21I2M4D5M5D28M23I16M24I12M9I83M3I3M
3	3634	0.382	3.920E-84	1	1083	1084	5	880	882	275M3I13M23I20M3I14M1I76M24I17M10I33M8I33M3I6M30I19M17I86M2I126M1D10M24I12M2I12M22I9M15I13M18I14M2I83M1I4M
44	3634	0.376	3.920E-84	1	1083	1084	5	878	886	275M3I26M38I48M3I6M17I12M8I34M8I38M5I27M2I21M21I19M17I86M2I126M1D10M24I12M2I12M22I9M15I13M18I14M2I82M3I3M
45	3634	0.384	3.920E-84	1	1082	1084	5	918	927	275M3I26M1D63M7D25M3I23M2I33M4I20M13I24M2I12M9I17M1I14M52I93M2I126M1D10M25I9M11I15M12I9M15I24M20I84M3I3M
18	3634	0.335	3.920E-84	0	1082	1084	0	1247	1248	279M1D22M2D30M2D92M3I27M1D20M8I33M3D38M4I47M14D29M4D67M1I15M1I134M119D5M21I41M3D19M17D24M6D22M31D101M
71	3632	0.372	4.366E-84	1	1080	1084	17	926	934	275M3I13M23I21M3I6M2I25M22I77M8I38M9I42M6I2M5I34M5I95M2I126M1D10M25I15M22I15M16I27M20I88M
23	3632	0.382	4.366E-84	1	1082	1084	5	930	935	275M3I31M8I47M7I33M9I56M2D26M14I9M6I11M1I27M5I7M9I14M19I97M2I125M1D11M25I6M28I21M2I36M9I9M9I79M3I3M
49	3631	0.378	4.607E-84	1	1083	1084	5	857	862	275M3I13M23I20M3I7M2I8M1I26M12I6M17I12M8I34M8I11M11I12M8I33M3I6M30I19M17I86M2I126M1D10M24I12M2I12M22I9M15I13M18I14M2I88M
46	3628	0.377	5.415E-84	1	1080	1084	5	917	926	275M3I13M23I21M3I6M2I14M11I33M3I5M5I26M4I23M8I5M2I14M1I77M20I17M6I94M2I126M1D13M20I10M31I13M16I27M20I61M12D27M
35	3628	0.375	5.415E-84	1	1083	1084	5	928	929	260M5D10M8I28M26I12M2I40M11I15M5I22M5I21M8I44M5I27M1D19M1I19M9I17M6I94M2I126M1D12M21I2M2D11M18I17M25I24M20I88M4D3M
108	3625	0.362	6.364E-84	1	1083	1084	5	923	928	264M2I9M2I61M5I36M18I7M6I19M5I36M8D36M3I17M1I23M18I18M35I92M2I137M10D2M22I25M25I9M26I17M9I90M3I3M
43	3625	0.383	6.364E-84	1	1083	1084	5	930	931	275M3I26M8I8M18I6M2I14M1I35M6D14M33I7M2I60M7I70M3I22M6I94M2I126M1D10M25I6M22I17M1I10M15I8M9I9M11I95M4D3M
72	3625	0.369	6.364E-84	1	1083	1084	5	957	958	263M4I51M28I51M5D7M6I14M5I32M4D22M3D7M10D13M4I31M5I17M4I16M9I15M14I96M2I89M1I46M25I10M6D9M13I12M6I12M31I26M1I86M
78	3621	0.389	7.893E-84	1	1083	1084	5	936	940	275M3I31M19I11M1I51M5I8M4I47M5I10M13I66M2I10M4I44M14I8M4I79M2I126M1D12M22I31M25I11M5I14M16I8M6I8M1D76M3I4M
39	3617	0.343	9.790E-84	1	1083	1084	5	962	965	261M4I34M38I70M7I22M3I40M4I7M1I32M19D65M6I16M9I95M2I136M25I11M37I9M13D27M4I1M16I96M1I4M
76	3614	0.382	1.151E-83	1	1083	1084	5	924	925	276M3I25M1D23M5I28M7I15M13I27M8I26M4I10M9I29M2I50M3I19M16I16M14I86M2I126M1D10M24I8M7I10M20I7M4I11M8I21M20I88M4D3M
48	3611	0.380	1.352E-83	1	1083	1084	5	898	899	276M3I58M3I4M2I4M6I63M2I27M11I41M35I27M1I11M16I10M24I90M2I126M1D10M25I6M14I11M6I5M13I11M8I4M19I109M
66	3608	0.362	1.589E-83	1	1083	1084	5	919	923	77M1D198M3I31M8I48M2I69M2I38M3I6M8I4M5I60M59I9M2I82M2I123M1D13M25I8M28I19M2I36M9I9M9I79M3I4M
70	3606	0.364	1.770E-83	1	1080	1084	5	850	858	275M3I25M16D26M11I58M3I14M25I8M13I12M7I3M20I9M2I18M2I14M80I86M2I123M1D13M25I15M22I15M16I27M20I88M
94	3606	0.365	1.770E-83	1	1083	1084	5	921	924	264M2I9M2I41M2D27M5I27M20I29M3I10M7I24M8D15M4I22M12I34M10I12M10I7M25I93M2I136M25I6M33I15M2I37M12I14M1I81M1I4M
113	3605	0.372	1.868E-83	1	1083	1084	5	914	915	275M3I48M4I18M2I17M6D45M1I40M1I41M5I12M15I12M1I14M2I14M59I85M2I126M1D10M25I11M25I16M16I16M24I92M5D6M
61	3598	0.355	2.723E-83	1	1083	1084	5	931	933	261M4I53M22I38M4I14M4D8M6I5M1I100M4I37M7I7M18I16M25I83M2I139M21I22M19I49M26I5M1I86M
13	3595	0.379	3.200E-83	1	1083	1084	5	889	894	275M3I26M8I8M18I6M2I66M34I23M3I26M9I9M9I36M7I19M7I13M14I93M2I126M1D10M25I13M1I11M22I9M15I13M18I11M2I91M
82	3595	0.375	3.200E-83	0	1082	1084	30	942	947	277M3I34M2I6M22I43M2I17M17I14M8I25M4I22M14I62M5I26M5I107M2I126M1D10M71I15M8I12M6I12M1D100M3I3M
131	3594	0.355	3.377E-83	1	1083	1084	5	894	896	261M4I34M38I72M33I10M1D22M10I13M21I53M10D16M32I95M2I136M25I10M27I10M7I33M4I28M1I86M
22	3594	0.362	3.377E-83	1	1083	1084	5	953	958	264M2I9M2I14M7I81M18I8M7I23M2I16M4I20M4I19M19D30M3I24M11I13M7I18M13I95M2I136M24I9M25I56M20I12M1D78M3I4M
57	3587	0.375	4.923E-83	1	1079	1084	5	921	931	275M3I49M5I47M18I7M26I38M14I1M1I27M1D66M7I30M5I95M2I126M1D10M25I6M22I24M16I16M21I18M1D79M
52	3585	0.382	5.483E-83	1	1083	1084	5	903	913	275M3I49M1I11M6I12M7I79M14I23M5I11M26I36M32I24M6I94M2I126M1D10M24I13M38I14M1I30M20I91M
122	3584	0.351	5.787E-83	0	1059	1084	3	949	1001	264M2I22M1D6M4I33M16I12M19D33M5I14M10I29M2I5M4I17M1I5M6I8M6I5M1I44M12I16M25I6M23I2M1D77M1I123M2D14M25I51M4D41M4D27M1I62M
102	3582	0.353	6.444E-83	1	1083	1084	5	962	964	263M4I71M1I29M10D25M2I36M2I10M3I79M7I9M5I30M43I95M2I136M25I9M11I38M11I16M12I7M6I11M1I84M
62	3551	0.350	3.420E-82	1	1083	1084	5	926	931	261M4I34M38I73M4D9M2I7M10I46M16D11M7I36M8I35M38I95M2I136M25I11M37I9M13D29M20I93M3I4M
73	3540	0.364	6.184E-82	19	1083	1084	2	932	933	245M4I51M6I38M3I45M2I25M2I32M12I12M4D14M3I12M8I57M28I97M2I88M1I30M1I16M25I10M1I40M21I12M19I103M
8	3527	0.339	1.245E-81	1	1083	1084	7	1012	1016	262M3D73M5I83M8I86M6I24M2I13M3I27M1I21M5I12M6I60M2I18M2D120M1D20M16I42M6I11M1I23M23I20M1D84M
83	3518	0.377	2.021E-81	0	1082	1084	29	942	947	270M4D5M7I18M4I27M20I41M5I8M6I88M9I7M2I41M10I13M3I11M4I16M15I85M2I126M1D10M25I30M41I13M18I97M3I3M
60	3514	0.357	2.507E-81	0	1083	1084	0	991	994	12M2D15M8D6M5D231M4I18M3I47M18I25M1D13M7D39M1D32M1I49M1I55M2D10M2I9M10I10M11I11M7D83M2I88M1I37M1D12M19I22M44I37M10I13M1I79M1D4M
116	3507	0.383	3.655E-81	1	1080	1084	5	888	893	275M3I51M4I32M5D35M6I34M2I14M3D32M16I10M3I7M30I23M51I86M2I126M1D10M24I11M26I16M16I32M23I17M1D63M
58	3499	0.380	5.622E-81	1	1082	1084	5	880	889	275M3I26M8I8M18I5M1D73M6I16M3I7M6I9M8D14M13I24M2I12M9I17M1I14M52I93M2I126M1D10M54I23M8I6M5I15M1I6M22I84M3I3M
65	3486	0.354	1.132E-80	1	1083	1084	0	875	879	264M2I9M2I29M6I8M18I25M1D36M8I21M4I4M1I37M12D24M2I16M12I32M5I13M10I10M5I10M10I91M2I88M1I34M41I14M30I6M61I92M
68	3481	0.351	1.482E-80	13	1083	1084	9	900	901	5M3D9M2I235M4I22M20I12M2I82M19I9M1I53M9I15M2I27M15I23M18I7M18I93M2I89M1I46M25I46M25I6M19I110M
55	3471	0.368	2.539E-80	1	1083	1084	5	885	893	107M1I167M3I26M1D25M21I40M4I11M24I15M2I24M8I35M11D35M1I10M5I10M2I24M21I93M2I10M1I49M1I38M18I11M32I7M43I11M1I18M20I71M1I28M3I4M
74	3469	0.360	2.827E-80	6	1052	1084	4	902	926	255M4I54M7I9M6I40M5D24M15I17M2I31M4I27M12D12M10I20M1D43M38I91M2I83M1I4M1I35M1I11M25I15M4D13M2I8M13I28M39I57M
47	3431	0.352	2.187E-79	1	1079	1084	5	810	820	275M3I21M9I2M14I11M3I6M2I33M4I14M6D7M4I40M34I3M4I8M81I9M8I19M7I93M2I126M1D10M25I13M37I11M27I6M16I92M
128	3413	0.344	5.765E-79	3	1083	1084	8	873	876	261M6I4M5D16M4I26M13I15M11I15M8I41M1I8M24I14M15I51M10D17M77I78M1I134M1D10M25I12M16I15M8I14M1I16M3D13M24I87M
80	3360	0.359	1.000E-77	38	1083	1084	1	930	931	226M4I73M1I30M14D43M5I18M1I22M3I60M1D52M45I93M2I85M1I51M25I37M4I6M7I3M14I6M18I24M1I86M
84	3335	0.361	3.843E-77	46	1083	1084	3	928	929	215M4I76M1I56M1D31M3I40M13I41M2I22M1I29M16I118M2I89M1I47M24I28M22I15M2I4M12I16M9I12M1I86M
101	3330	0.330	5.030E-77	1	1079	1084	20	931	936	260M10I24M1D26M5I87M1I16M1I13M24I33M2I22M4I22M1I9M10I5M51I9M7D65M2D14M2I85M8D5M3D36M1D12M21I22M21I12M22I19M14I94M
104	3326	0.340	6.238E-77	1	1083	1084	5	935	938	38M32I194M2I9M2I109M1I16M2I51M1I44M1I15M2I22M1I21M5I12M8I8M25I93M2I139M21I30M27I30M10I12M9I84M1I4M
32	3319	0.352	9.094E-77	38	1083	1084	1	924	929	227M2I9M2I14M1D47M1I30M9D6M40I21M2I34M9I17M4I14M15D31M1I30M5I27M9I94M2I139M21I31M27I30M10I12M9I82M3I4M
79	3251	0.370	3.538E-75	50	1083	1084	2	885	889	226M3I43M7I51M18I7M4I32M10I17M1I25M7I49M2I63M21I79M2I126M1D12M22I31M25I11M5I13M5I10M16I84M3I4M
114	3251	0.325	3.538E-75	3	1079	1084	7	925	929	208M1D51M9I37M2D31M11I121M4I14M1D21M1I14M7I29M9I12M40I10M4I59M2D20M2I67M5I17M3D37M1D12M19I24M20I13M2I33M35I79M
100	3205	0.305	4.211E-74	1	1083	1084	4	796	806	267M14I11M20I9M25I11M7I40M21I43M53I8M6I34M23I5M36I173M2D32M3D14M25I9M1I16M45I15M20I66M1D34M
91	3185	0.310	1.236E-73	1	1083	1084	9	782	788	100M1D159M3D7M8D4M11I6M2I20M16I56M25I2M32I7M16I7M22I18M11I18M87I7M2I62M2I99M6I39M1I8M25I19M16I11M28I5M1I12M18I12M3I32M2D19M4D23M3I4M
126	3170	0.325	2.772E-73	0	1082	1084	8	807	808	99M2I160M2D14M7I22M41I39M5I44M26I14M12I15M122I10M8D83M2I50M1I37M2I27M3I16M25I26M29I11M8I11M4I33M1D34M2I39M3I5M
98	3082	0.298	3.165E-71	1	1083	1084	13	770	776	101M1D158M3D6M4D15M57I11M14I14M9I39M6I20M46I6M6I21M94I4M1D5M2I63M2I94M3I5M4I37M1I9M26I18M15I7M30I8M1I8M4I12M14I4M3I34M2D21M4D19M3I4M
7	3052	0.300	1.592E-70	1	1083	1084	8	818	857	98M1D162M2I20M2I6M11I18M6I4M12I30M51I19M19I36M25I20M15I21M44I12M2I38M2D42M3D2M2I45M2I17M1D14M6I39M1I9M25I5M2I29M38I6M1I16M15I45M2D49M
103	3020	0.322	8.914E-70	22	1083	1084	0	885	886	49M4I8M5I7M2I164M7I8M2I26M34I70M9I60M6I3M1I10M11I15M19D7M1I30M4I17M35I227M1D9M24I24M25I39M26I93M
10	2996	0.305	3.245E-69	1	1083	1084	26	778	784	101M1D158M3D6M4D11M5I6M2I33M27I6M7I18M81I7M4I6M11I16M97I30M2I63M2I100M6I37M1I11M21I13M5I3M6I4M28I11M5I22M29I35M2D21M2D20M3I3M
110	2977	0.337	9.026E-69	86	1083	1084	0	877	880	177M4I25M1D47M1I40M2I8M5I47M3I39M6D18M2I6M1I31M1I39M38I95M2I136M25I6M43I13M4I20M5I29M10D81M1I4M
97	2969	0.298	1.389E-68	1	1074	1084	26	774	786	101M1D158M3D8M5D13M57I11M14I21M3I20M15I6M3I40M18I13M122I9M2I62M3I99M6I38M1I13M17I23M53I7M1I8M4I15M18I32M1D19M4D2M2I17M
0	2950	0.291	3.862E-68	1	1074	1084	13	742	754	101M1D158M3D8M9D8M62I11M14I24M60I23M4I31M119I9M2I63M3I95M1I5M4I37M1I9M1D6M2D2M14I16M59I7M1I13M19I12M1I30M2D21M4D2M2I17M
81	2948	0.352	4.301E-68	35	962	1084	7	884	885	230M2I9M2I41M1I24M2I55M2I30M4D49M4I16M2I17M2I19M1I39M38I94M2I139M19I43M2I6M28D10M1I18M2I7M
124	2947	0.296	4.539E-68	0	1074	1084	0	708	713	259M3D6M14D12M36I11M20I4M8I12M5I8M9D22M81I12M131I7M2I39M1D24M1I103M1I29M1I22M18I18M2I6M87I52M1D6M1I29M
63	2905	0.298	4.356E-67	1	1074	1084	7	743	778	96M1D166M2I3M3I24M12I5M51I17M60I12M7I12M33I13M9I27M4I5M62I10M2I38M2D91M2I20M1D10M7I32M2I15M25I8M4I21M23I5M14I11M19I11M2I39M2D40M
87	2902	0.290	5.119E-67	1	1083	1084	7	747	770	96M1D166M3I11M8D15M97I11M44I10M11I15M27I10M9I25M4I7M64I8M2I38M2D41M1I2M1D47M2I17M1D14M3I5M4I26M2I15M25I11M4I18M23I5M14I11M22I14M1D33M1D6M1D40M3D5M
88	2895	0.293	7.462E-67	1	1079	1084	7	739	770	287M19I5M51I15M61I29M11I16M9I7M17I10M20I3M66I7M2I38M2D43M2D1M2I45M2I20M1D11M3I4M4I32M2I11M23I28M29I5M14I10M10I6M4I12M3I36M2D38M1I7M
20	2892	0.295	8.770E-67	1	1079	1084	7	741	772	264M2I11M5D22M5I17M7I24M20I15M19I2M64I10M73I5M67I6M2I38M2D43M2D1M2I45M2I17M1D14M7I36M2I10M25I7M2D20M29I5M14I10M10I6M4I12M3I36M2D38M1I7M
1	2892	0.293	8.770E-67	1	1083	1084	5	772	787	260M2I46M10I4M18I9M23I15M1I16M1I4M4I10M133I9M58I37M1D12M2D92M2I18M2D14M5I36M3I10M25I27M17I3M27I24M12I12M3I32M3D15M7D5M11D20M3D9M
120	2887	0.286	1.148E-66	1	1083	1084	7	754	764	102M2I158M3D7M13I17M9I18M19I26M35I2M6I35M24I10M40I14M8D7M11I3M49I3M8I15M3I37M2D91M2I18M1D53M5I10M25I11M5I7M86I13M3I32M1I39M3I6M
89	2873	0.287	2.439E-66	1	1074	1084	7	743	777	99M1D164M4I11M14I19M43I22M65I6M13I7M4I13M66I4M2I4M9I27M27I10M2I38M2D42M2D2M2I45M2I18M1D13M7I36M2I10M25I5M2D22M29I5M14I13M17I52M2D40M
40	2845	0.284	1.102E-65	0	1074	1084	0	742	776	4M5D96M1D161M8I6M19I7M7D22M33I23M55I8M7I10M1I4M16I19M23I9M26I4M66I7M2I38M2D42M2D2M2I45M2I18M1D13M7I38M2I8M24I10M5I19M23I5M14I13M17I52M2D40M
95	2831	0.275	2.341E-65	0	1083	1084	0	713	720	99M2I164M2D6M12I17M40I30M5I12M36I22M20I14M145I8M6D5M1I32M2D95M2I18M1D52M5I11M25I12M56I16M26I12M3I32M1I41M2I5M
2	2829	0.286	2.607E-65	1	1083	1084	10	780	781	102M1I53M1I103M8I22M60I37M18I6M10I26M8I16M67I29M56I47M1D46M1D49M1D10M1D8M4D54M1D6M4D10M23I11M58I6M1I12M26I44M3D11M5D12M3D17M1D9M
37	2804	0.284	1.002E-64	1	1083	1084	3	808	829	10M2D144M1I107M6D6M3D1M13I19M9I12M24I29M29D23M33I12M35I9M17I20M23I12M64I50M2D91M2I18M1D13M3I32M3I17M2D3M18I8M39I6M16I18M5I2M18I51M2D37M1I9M
96	2792	0.276	1.911E-64	0	1083	1084	37	940	948	31M5I225M12D22M28I7M2I12M8I93M13I19M2I5M35D47M9I3M1D36M57I7M7I58M4I16M2D2M2I48M1I33M6D6M7I25M1D13M29I20M43I18M20I101M
14	2789	0.290	2.246E-64	1	1074	1084	85	879	886	102M25I6M4I2M1D70M1D53M2D13M7I17M2I9M31I14M1I13M26I4M17I37M15I10M2I7M1I30M4I8M6I10M2I26M16I24M7I11M2I209M1I10M19I16M43I8M52I82M
125	2772	0.265	5.609E-64	0	1074	1084	26	806	813	261M3D10M4I19M11I5M2I13M19I5M1I9M9I10M16D3M70I28M3I45M2I18M19I6M52I8M6I60M15I125M1I14M24I10M3I4M2D7M33I10M11I16M30I74M
36	2747	0.286	2.155E-63	1	1082	1084	3	807	829	9M2D145M1I107M6D6M3D1M13I19M9I12M24I24M11I10M22D9M15I26M22I15M17I19M23I11M77I48M2D91M2I18M1D13M3I30M3I19M2D5M16I6M41I6M16I21M23I48M2D39M1I8M
21	2666	0.333	1.688E-61	1	852	1084	4	694	745	209M1D63M1I5M2I20M5I28M18I26M3I27M32I14M10I32M30I23M8I22M17I2M29I6M2I158M1I8M1D2M2I36M3I8M
123	2624	0.378	1.620E-60	40	820	1084	0	713	715	221M4D37M14I9M34I14M2I7M3I13M2I9M1I47M2D26M2I7M3I23M13D3M9I55M24I10M1I16M8D83M2I67M1D18M2D19M
121	2487	0.291	2.587E-57	7	902	1084	1	618	619	258M9D11M6I16M9I4M14I5M27I20M52I4M11D10M21I19M141I8M1D5M1I23M1D10M2D94M2I18M2D25M5I16M4I8M1D11M23I26M
12	2390	0.302	4.797E-55	1	924	1084	2	673	675	261M1I4M2D9M7I6M66I22M67I13M3I47M2I6M17I23M9I18M42I39M1I6M2D35M1D5M5I51M2I17M1D12M5I8M1I29M5I8M25I47M
9	2128	0.243	6.414E-49	1	1074	1084	7	605	639	96M1D164M2I5M87I21M82I13M35I6M112I9M15D3M5I3M5I3M68I45M2I17M1D14M3I5M4I26M2I15M25I6M4I19M39I28M12I5M7I37M2D40M
11	2122	0.284	8.860E-49	1	899	1084	5	595	596	37M32I191M2I9M4D17M31I15M47I6M60I15M14I19M40I28M58I9M4I26M1D9M2D95M2I19M2D21M5I21M3I17M24I15M5D8M
19	1719	0.185	2.347E-39	1	1083	1084	12	730	735	28M1D11M8D5M6I38M1I12M1I41M1D11M5D4M8D20M1I3M3D27M2D8M3I8M3D34M10D20M68I9M1I27M35I4M40I5M14I12M23I8M28I4M67I5M4I12M2D6M2D47M1I12M2D2M3I5M2D83M4D33M34I15M17I17M6I25M9I10M32I5M10I8M9I8M1D11M1I4M6I12M2D4M
90	1192	0.147	4.932E-27	3	1075	1084	7	695	697	26M1I10M5I56M1I40M5D17M1I21M1I29M13I37M4D3M23D13M78I28M47I12M23I12M4I15M130I5M7I31M1I5M2I9M3D26M5D7M2I31M1I2M5D8M3I18M2D16M1I4M10I18M3I8M35I10M16I14M43I7M11I22M1I3M2D5M1I10M1D12M1D14M1D9M1D8M4D11M
4	1155	0.150	3.616E-26	0	1078	1084	2	686	688	6M1D39M4I52M1I37M3D6M2D15M1I21M1I22M4D10M12I39M5I5M61I16M3I24M5I19M11I12M32I38M7I11M101I18M1I6M5I28M3I11M3D2M1D8M2I13M3D8M3I8M2D6M1D8M3D10M2D7M2D3M3I15M2D20M12I28M29I3M119I7M3I5M4D12M7I4M1D23M3D23M
129	1073	0.143	2.989E-24	7	1064	1084	1	639	656	22M1I9M35I3M2D4M1D20M1I40M5D17M1I21M1I30M13I52M59I10M15D15M5I8M4I19M39I9M18I10M47I3M51I2M53I7M5I28M1I5M2I7M2D6M1D8M1D18M1D5M1D33M4D12M3I15M2D16M1I5M10I19M5I6M3D1M2I6M21I36M71I17M3I7M1D17M8I9M1D13M1D8M
99	986	0.261	3.235E-22	2	353	1084	18	364	450	27M1I11M5I55M1I37M3D4M1D14M1I23M1I40M10I29M5D6M10D44M5I38M
17	873	0.159	1.419E-19	5	1003	1084	3	938	985	22M2I12M2I18M1I9M1I4M1D26M1I36M3D19M2I7M11D17M1I19M11D8M2D13M10D32M2I5M12D9M1I33M1D22M2D29M1D43M5D77M1I43M5D14M2D62M3D35M5I22M8I5M20I4M3I16M9I2M26I3M45I9M5D32M12I31M6D61M1I57M
93	741	0.138	1.732E-16	7	652	1084	13	783	803	34M7I41M1I11M1I40M7D21M3I13M2D28M10D5M8D10M4I31M2I7M4D66M1I25M1D15M105D34M3I57M6I30M4D9M9D26M4D86M3D8M4I17M
 