119	6987	1.00	0.000E+00	0	967	968	0	967	968	968M
39	6414	0.937	0.000E+00	0	967	968	0	964	965	391M2D128M4I350M1I94M
38	6316	0.924	0.000E+00	0	967	968	0	968	969	393M2D22M2I419M1D132M
62	6257	0.901	0.000E+00	0	967	968	0	930	931	391M2D21M15I7M19I66M4I350M1I94M
27	6111	0.874	0.000E+00	0	967	968	0	969	970	349M2I42M2D118M1D334M1D123M
106	6087	0.883	0.000E+00	0	967	968	0	969	970	349M2I42M2D118M1D333M1D124M
30	6079	0.874	0.000E+00	0	967	968	0	971	972	393M2D188M1D263M1D124M
64	6073	0.874	0.000E+00	0	967	968	0	967	968	392M2D24M1I83M1I16M1I325M1D125M
85	6070	0.878	0.000E+00	0	967	968	0	969	970	349M2I35M2D125M1D332M1D125M
28	6064	0.875	0.000E+00	0	967	968	0	970	971	349M2I18M1D24M2D118M1D332M1D125M
86	6049	0.881	0.000E+00	0	967	968	0	969	970	349M2I42M2D118M1D332M1D125M
24	6047	0.865	0.000E+00	0	967	968	0	969	970	349M2I42M2D118M1D332M1D125M
29	6046	0.875	0.000E+00	0	967	968	0	969	970	349M2I42M2D118M1D332M1D125M
26	6036	0.876	0.000E+00	0	967	968	0	969	970	349M2I42M2D118M1D332M1D125M
5	6021	0.876	0.000E+00	0	967	968	0	969	970	349M2I42M2D118M1D332M1D125M
53	6009	0.881	0.000E+00	0	967	968	0	963	964	391M2D155M6I3M1I280M1D132M
25	6004	0.875	0.000E+00	0	967	968	0	969	970	349M2I42M2D118M1D325M1D132M
112	6004	0.852	0.000E+00	0	967	968	0	970	971	395M2D107M1I8M1D307M1I24M2D125M
6	6000	0.872	0.000E+00	0	967	968	0	969	970	349M2I42M2D118M1D332M1D125M
33	5990	0.862	0.000E+00	0	967	968	0	969	970	349M2I42M2D118M1D326M1D131M
75	5977	0.872	0.000E+00	0	967	968	0	969	970	392M2D128M1I314M1D133M
34	5974	0.881	0.000E+00	0	967	968	0	969	970	349M2I42M2D118M1D332M1D125M
111	5947	0.839	0.000E+00	0	967	968	0	937	938	393M2D24M33I61M1D307M1I24M1D125M
31	5939	0.872	0.000E+00	0	967	968	0	969	970	349M2I42M2D118M1D332M1D125M
105	5932	0.864	0.000E+00	0	967	968	0	962	963	393M2D38M1I386M1I10M5I134M
107	5928	0.850	0.000E+00	0	967	968	0	968	969	349M2I42M2D118M1D457M
61	5819	0.839	0.000E+00	0	967	968	0	932	933	392M2D24M1I70M37I312M1D132M
22	5782	0.815	0.000E+00	0	967	968	0	957	958	334M1I23M2I32M2D26M7I37M2I353M1I25M1D125M
131	5740	0.804	0.000E+00	0	967	968	0	895	896	392M2D24M1I70M77I273M4D131M
67	5625	0.751	0.000E+00	2	967	968	3	963	964	332M1I52M2D65M2I371M5I5M1D133M
94	5615	0.778	0.000E+00	0	967	968	0	923	924	334M1I53M1D28M34I37M3I68M2I258M1I23M1D31M5I90M
108	5590	0.778	0.000E+00	0	967	968	0	927	928	334M1I53M1D23M35I98M1D17M2I255M1I17M1D38M4I90M
104	5529	0.831	0.000E+00	0	967	968	0	937	938	44M32I273M2I42M2D118M1D326M1D131M
32	5468	0.866	0.000E+00	42	967	968	1	928	929	307M2I42M2D118M1D332M1D125M
102	5183	0.701	0.000E+00	0	967	968	0	963	964	334M1I52M2D65M2I23M6I28M1D326M2D131M
110	5159	0.867	0.000E+00	90	967	968	0	879	880	259M2I42M2D118M1D332M1D125M
72	5105	0.670	0.000E+00	0	966	968	0	957	958	333M1I61M2D12M1I37M7I50M1D8M1D20M1D30M1I17M1I177M1I61M6D10M9I13M1D117M
118	5092	0.685	0.000E+00	0	966	968	0	977	978	338M1I55M2D12M1I41M4D47M1D15M1D20M1D46M1I180M1I13M2D49M1D33M3D114M
127	5030	0.653	0.000E+00	0	966	968	43	1012	1013	334M1I60M2D12M1I37M4D57M1D8M1D23M2D27M1I17M1I177M1I60M3D11M8I15M3D116M
81	4880	0.846	0.000E+00	39	879	968	7	876	885	353M2D23M2I60M1I338M2D21M1D15M27D28M
73	4751	0.622	0.000E+00	23	966	968	2	932	933	311M1I59M2D14M1I35M5I44M1I14M2I42M5I200M1I33M1I23M8D14M6I132M
68	4685	0.606	0.000E+00	1	966	968	6	900	901	10M10I7M2I365M2D14M1I14M37I6M18I20M5I20M1D26M2D22M1I179M1I59M4D12M8I6M3D123M
115	4646	0.574	0.000E+00	0	966	968	0	981	982	305M3D59M1D29M3D39M2I36M3I13M1D17M3D5M2D22M1D47M1D217M1D21M1D30M1D28M2D94M
16	4612	0.592	0.000E+00	2	960	968	36	972	978	303M1I19M1I29M1I7M2I28M3D18M3I33M1I25M2I25M1D14M1D18M3I18M4I5M5I6M2I177M1I90M1D18M2I98M
74	4605	0.619	0.000E+00	7	935	968	1	902	926	331M2I55M2D12M1I16M1D6M2D62M12I13M3I17M3I28M1I188M2I30M1I26M3I9M3I22M1I82M
15	4566	0.578	0.000E+00	2	960	968	38	977	983	301M1I21M1I27M2I8M2I28M3D18M3I33M1I52M1D14M1D18M10I17M2I19M2I170M1I64M1I4M8D7M6I126M
84	4564	0.643	0.000E+00	47	966	968	0	928	929	286M1I61M2D14M1I37M4D55M1D8M1D20M1D34M6D14M1I177M1I68M6D3M9I13M1D117M
80	4529	0.646	4.349E-104	42	966	968	1	930	931	291M1I60M2D13M1I37M4D57M1D8M1D20M1D26M1D22M1I177M1I61M11D7M12I130M
130	4494	0.558	2.980E-103	0	966	968	0	982	983	295M3D49M1D46M3D50M2D39M3I34M6D14M1D46M1D218M1D26M1I16M1D28M1D102M
54	4449	0.513	3.285E-102	0	967	968	0	919	923	281M1D87M1D42M11I37M1D10M15I27M2I22M7I14M2I237M1D29M14I24M1I106M
59	4444	0.537	4.288E-102	0	961	968	0	973	982	7M1D287M3D74M1D23M3D40M2D57M1D27M5D9M2D24M6D23M1D183M2I7M1D31M1D28M13I127M
56	4412	0.511	2.363E-101	0	967	968	0	927	931	266M5D11M4I40M2I25M1I34M2D27M11I50M4I38M4I42M7I226M1D31M14I24M1I106M
44	4406	0.516	3.254E-101	0	967	968	0	882	886	268M2D10M1I54M2I7M6I10M10I21M2D21M11I12M5I31M13I29M15I35M14I7M2D212M1D29M14I24M1I106M
3	4405	0.510	3.433E-101	0	966	968	0	881	882	268M8D4M7I53M1D13M6I4M13I21M2D21M11I24M5I21M12I23M16I39M1I7M11I214M1D29M14I24M1I105M
77	4391	0.502	7.243E-101	0	967	968	0	924	925	277M1D117M1D74M15I27M4I13M4I21M12I228M1D21M2I8M14I24M1I100M6D6M
41	4389	0.519	8.058E-101	0	966	968	0	923	924	266M5D11M4I17M4I8M1D28M1I27M1I19M6I30M4I31M1I13M4I35M4I27M1I33M6I213M1D13M2I11M15I26M1I101M4D4M
51	4387	0.521	8.965E-101	0	963	968	0	923	932	281M1D59M1I16M2I27M2D19M5I58M14I31M1I38M6I236M1D29M14I24M1I102M
50	4365	0.512	2.898E-100	0	967	968	0	904	906	266M5D11M4I66M1I62M11I20M3I23M15I19M11I22M7I14M2I237M1D29M14I24M1I106M
49	4362	0.507	3.401E-100	0	967	968	0	858	862	266M5D9M4I60M8I11M10I21M2D21M44I12M19I8M14I23M5I45M2D214M1D29M14I24M1I106M
45	4354	0.511	5.211E-100	0	966	968	0	922	927	266M5D11M4I59M1I27M1D42M11I37M1D13M10I29M2I22M7I14M2I237M1D29M14I24M1I105M
109	4350	0.504	6.450E-100	0	965	968	0	914	915	281M1D65M2I20M1D29M2D18M11I23M4I18M10I3M1D62M10I238M1D29M15I33M5I90M
76	4347	0.510	7.569E-100	0	967	968	0	921	925	266M5D11M4I76M2I34M1D75M15I27M4I18M1I19M12I230M1D29M14I24M1I106M
71	4344	0.510	8.882E-100	4	963	968	16	926	934	262M5D11M4I129M11I37M1D13M6I2M3I25M8I19M7I14M2I237M1D29M14I24M1I102M
42	4337	0.511	1.290E-99	0	966	968	0	932	933	279M1D12M3I16M1D28M9I20M1D25M1D16M2I10M6I26M6I6M1D6M13I103M4D208M1D26M4D8M10I42M1D87M
48	4336	0.511	1.361E-99	0	966	968	0	898	899	265M5D12M4I12M2I38M1I10M5I14M1D31M2I27M12I21M1I9M17I17M6I61M8I219M1D27M17I129M
43	4335	0.519	1.435E-99	0	967	968	0	927	931	266M5D11M4I65M2I20M1D18M1D24M11I29M3I12M16I12M1D62M1I8M3D230M1D29M14I24M1I106M
113	4334	0.526	1.514E-99	0	962	968	0	905	915	274M2D4M1I53M7I5M1I22M1D22M2D24M8I5M3I41M10I33M2I11M6I4M3I255M1D18M3I8M14I34M5I87M
35	4331	0.504	1.777E-99	0	965	968	0	928	929	268M10D5M9I104M1D20M11I54M7I28M7I13M6I262M1D19M1D10M14I24M1I100M5D4M
52	4326	0.511	2.320E-99	0	967	968	0	904	913	266M5D9M4I54M4I10M2I19M1D15M2D28M20I2M2I9M14I10M14I26M3D286M1D29M14I24M1I106M
78	4324	0.512	2.581E-99	0	966	968	0	939	940	280M1D21M1I53M1I9M1I25M1D19M8I28M12I13M12I29M1D24M1I32M3D20M7D205M1D14M4D20M10I46M1D83M
69	4323	0.510	2.722E-99	0	967	968	0	920	924	277M1D62M1I18M10I52M1I9M3I36M13I75M6I231M1D14M6D9M20I24M1I106M
46	4320	0.508	3.195E-99	0	963	968	0	917	926	266M5D11M4I59M1I16M2I27M2D19M5I35M1I22M17I16M11I40M6I236M1D14M2D10M20I23M1I75M12D27M
57	4306	0.524	6.740E-99	0	962	968	0	921	931	278M1D23M1I85M2D33M1I21M7I22M6I33M4I38M9I16M2I215M1D29M14I24M1I101M
13	4297	0.496	1.089E-98	0	967	968	0	890	894	266M5D11M4I40M3D15M1D22M10I19M2D18M5I4M42I13M12I46M1D27M3D18M5I217M1D27M14I38M1I94M
70	4278	0.500	3.001E-98	0	963	968	0	850	858	266M5D11M4I20M1I3M17D7M36I3M6I11M1D42M44I15M11I21M11I22M7I14M2I237M1D29M14I24M1I102M
116	4268	0.520	5.115E-98	0	967	968	0	892	893	266M5D11M4I51M7I7M1I18M1I20M2I17M5I4M6I26M4I29M3I24M7I14M4I5M1D8M18I232M1D20M2I7M15I41M4I15M1D70M
83	4267	0.510	5.395E-98	0	962	968	25	942	947	4M1I2M1D258M5D12M4I20M1I31M1I20M5I35M3D16M7I29M1I12M3I17M3I31M1I13M1I22M11I233M1D27M17I38M1D87M
23	4261	0.508	7.430E-98	0	966	968	0	934	935	279M1D22M1I30M1I11M7I44M1D23M1D53M11I31M1D43M4I16M10I2M2D207M1D34M6I42M1D90M
65	4229	0.514	4.094E-97	7	967	968	2	876	879	296M2D56M1D31M2D23M6I5M22I7M8I26M1D12M1D26M2D9M1I14M6D30M1D175M1I37M20I9M21I5M23I98M
82	4211	0.514	1.069E-96	3	962	968	28	942	947	4M1D258M5D12M4I29M1D22M4I11M2I19M1D26M3D18M7I27M4I29M3I31M1I27M16I237M1D27M17I38M1D87M
66	4207	0.495	1.324E-96	0	966	968	0	922	923	82M1D198M1D21M1I34M15I14M1I26M1D36M7I36M7I24M2I72M10I208M1D35M6I42M1D90M
58	4205	0.502	1.472E-96	0	967	968	0	885	889	266M5D11M4I129M44I19M5I32M4I20M7I14M2I237M1D10M1I13M20I23M1I106M
60	4188	0.508	3.646E-96	11	967	968	9	991	994	20M8D6M5D257M3D39M2I29M1D26M3D21M6I13M3D23M5D45M2D34M1I27M1D21M2D4M8D169M1I39M1D16M2I17M5I42M1D92M
47	4073	0.489	1.681E-93	0	962	968	0	810	820	268M8D4M7I61M4I42M1D19M5I3M46I8M17I22M33I13M12I16M1I213M1D29M14I22M23I81M
55	4037	0.489	1.146E-92	0	967	968	0	889	893	112M1I168M1D90M2I24M2D16M8I9M8I44M1D11M12I49M2I122M1I49M1I38M20I7M4I2M1I20M20I20M1I69M1I36M
79	3892	0.492	2.617E-89	52	966	968	0	888	889	228M1D21M1I43M3I15M1D28M1D20M8I30M1I23M5I1M3I31M1I29M3D42M6I203M1D14M4D20M10I39M1D90M
103	3786	0.487	7.464E-87	26	966	968	0	885	886	49M4I8M5I7M2I170M5I15M1D23M1D24M9I11M5I64M1I55M11D25M17I27M16I97M2D128M1D13M4D16M13I38M2D94M
117	3771	0.379	1.661E-86	0	967	968	2	995	1003	270M9D3M8I24M3I15M5D39M1I38M3I25M4I38M12I26M1D41M4D21M1D93M1D130M2D13M22D9M2D3M14D9M7I34M3D99M
128	3727	0.379	1.736E-85	5	965	968	6	875	876	262M6I6M9D21M8I22M1D46M3I64M1I40M3I12M82I88M1D125M1D34M7I10M3D37M1D78M3D6M
92	3723	0.360	2.149E-85	5	965	968	1	1083	1084	264M2D9M2D14M1I47M1D9M7D83M7D39M10I17M1D17M3D5M6D47M8D17M25D84M2D136M53D14M1D10M7I31M12D16M9D80M1D4M
122	3543	0.348	3.172E-81	7	967	968	6	972	1001	261M2D35M6I3M5I18M23I12M26D63M2I22M3I11M9I16M8I7M1I16M5I40M7I5M4I79M1D117M1D9M1D12M4D6M17D13M20D4M6I16M15D94M1I8M1I13M
8	3466	0.354	1.927E-79	4	967	968	6	1015	1016	263M14D63M2D43M4D8M4D18M2D74M8I16M2D21M1D67M3I81M2D122M1D16M12D32M5D43M6D79M2D7M
101	3448	0.356	5.033E-79	5	960	968	20	929	936	260M6I20M3I23M1I33M3I29M1I66M1I17M15I19M14I14M5I35M4I19M3D57M2D104M11D40M1D12M2I15M12I18M1D31M3D77M
18	3428	0.323	1.462E-78	5	965	968	1	1247	1248	264M5D36M2I41M13D17M1D18M4D27M2D21M6D34M2D6M10I42M1D13M3D36M23D11M15D70M1I11M1D141M5D11M88D29M81D11M23D19M26D90M
126	3331	0.354	2.581E-76	0	962	968	3	807	808	7M1D96M2I160M10I4M9D21M7I26M59I6M27I7M4I32M16I24M1I13M33I9M11I10M7D133M1I37M2I27M3I19M13D14M14I15M2D28M2D41M2I42M
100	3271	0.332	6.331E-75	2	967	968	1	800	806	270M10I13M17I21M15I7M19I26M5I22M12I10M7I13M13I13M3I10M20I12M22I14M10I1M1I76M1D5M1D81M2D4M4I2M4D30M3D16M9I6M16I21M1D18M2D7M1I43M1D26M3D15M
91	3247	0.331	2.277E-74	0	967	968	3	786	788	4M1D100M1D161M14D7M10I4M27I5M16I4M30I7M16I28M1D13M6I17M6I8M16I47M48I6M2I64M2I10M4D5M2I80M6I38M1I19M20I48M3I34M2D17M4D31M
114	3241	0.346	3.136E-74	0	960	968	1	923	929	2M1I217M1D45M5I22M2I27M4I102M6I23M1D15M10I43M2I26M3I93M2D86M5I12M3D43M1D12M6D18M13I45M1I78M
98	3202	0.301	2.510E-73	0	967	968	7	774	776	5M1D101M1D160M7D63M42I28M14I39M15I6M109I4M2I64M2I10M1D5M1D74M1I9M6I34M1I11M1D16M16I37M9I2M1I32M2D22M4D28M
97	3136	0.323	8.480E-72	2	967	968	23	784	786	104M1D160M9D12M1I8M114I17M16I31M17I20M19I22M1I9M9I14M5I5M2I63M3I10M1D5M1D84M6I34M1I13M23I36M2I53M1D16M2D31M
7	3135	0.323	8.945E-72	0	967	968	2	822	857	5M1D100M1D172M5I19M18I13M25I13M38I60M15I18M8I5M6I34M21I11M2I39M2D43M3D46M2I18M1D22M6I33M1I24M15I49M2D32M2D38M3D12M
124	3133	0.343	9.951E-72	5	956	968	1	707	713	258M3D2M8D3M12D11M36I14M111I17M13I35M13I9M54I5M2I40M1D23M1I17M2D82M1I32M1I22M24I14M5I6M3I15M7I41M1D6M1I28M
96	3114	0.324	2.741E-71	3	967	968	36	941	948	32M5I227M14D14M9I46M4I5M8I5M11I3M5I22M9I47M4I18M22D77M14I21M1D62M4I9M4D5M2I48M1I32M1I38M1D20M6I5M15I13M4I32M1D82M
0	3082	0.314	1.511E-70	0	967	968	7	752	754	5M1D101M1D166M157I2M38I34M1I82M2I63M3I10M1D5M1D77M1D7M6I34M1I13M23I86M2D21M2D31M
120	3071	0.320	2.716E-70	0	967	968	2	758	764	103M2I163M5D17M7I41M41I5M20I22M5I5M4I20M1I24M2I14M65I7M11I7M4I33M2D46M2D47M2I18M1D50M4I7M1I13M27I22M23I2M1I32M1I49M
89	3061	0.313	4.630E-70	4	967	968	6	758	777	101M1D172M41I15M93I6M4I35M10I26M26I22M7I6M15I3M2I39M2D37M3D4M1I49M2I16M1D13M3I2M4I36M2I10M8I15M7I86M2D39M5D7M
10	3051	0.315	7.892E-70	4	967	968	25	782	784	102M1D159M10D14M4I3M31I15M82I7M7I42M12I13M22I20M11I16M17I5M2I63M2I11M4D5M2I82M6I34M1I26M18I12M3I28M5I32M2D21M2D29M
1	3041	0.312	1.345E-69	0	967	968	0	776	787	269M1D11M6I7M35I16M35I17M12I12M21I24M19I16M18I6M53I9M1I26M1D13M2D38M1D5M1D49M2I16M2D14M1I9M7I54M14I41M1D7M3I30M1D6M2D9M7D6M8D2M3D22M6D7M
87	3036	0.316	1.756E-69	1	967	968	3	749	770	104M1D162M1I10M7D23M6I12M3I12M78I13M11I23M1I7M21I8M86I4M2I39M2D42M2D47M2I18M1D10M2I7M5I25M2I21M4I8M18I47M3D33M2D43M4D7M
95	3032	0.327	2.174E-69	5	967	968	1	715	720	98M2I162M5D13M27I24M31I13M1I12M5I33M6I11M23I12M107I2M5I31M2D45M2D50M2I16M1D51M5I14M8I6M17I25M8I6M6I1M3I32M1I41M1I7M
40	3013	0.308	5.989E-69	0	967	968	0	757	776	5M1D100M1D163M16I10M6D10M125I21M3I18M10I21M1D30M49I5M2I39M2D37M3D4M1I47M2I18M1D13M3I2M4I36M2I10M5I12M3I3M7I86M2D39M5D7M
37	3012	0.310	6.317E-69	2	967	968	0	810	829	13M2D144M1I107M14D5M20I13M10I9M45I4M42I7M4I5M18I27M9D44M3I29M8I26M2I39M2D42M2D49M2I16M1D13M1I15M2I22M1I5M2I10M25I28M1I59M2D48M
63	3011	0.313	6.663E-69	4	967	968	6	757	778	101M1D162M1I28M25I12M63I10M55I6M16I23M16I32M7I11M9I5M2I39M2D42M2D47M2I17M1D11M2I7M5I23M2I35M17I38M2I40M4D3M2I39M4D7M
20	3000	0.297	1.198E-68	0	967	968	0	752	772	5M2D265M187I14M6I10M9D28M14I17M3I37M2I39M2D36M4D6M2I45M2I18M1D24M7I17M1I12M1I8M5I12M3I3M9I41M2D40M2D42M5D7M
36	2980	0.313	3.481E-68	2	967	968	0	810	829	12M2D145M1I107M14D5M20I13M10I9M45I4M42I7M4I5M13I19M3I7M7D47M3I29M8I26M2I39M2D42M2D49M2I16M1D13M1I15M2I22M2I6M1I9M24I20M2I64M4D3M2I46M
88	2956	0.301	1.252E-67	4	967	968	6	752	770	271M10I4M41I7M14I7M71I23M2I14M21I13M31I30M13I10M2I39M2D37M3D4M1I49M2I12M1D14M2I7M5I24M1I12M1I8M1D14M18I48M2D36M2D38M7D8M
14	2955	0.325	1.321E-67	4	963	968	84	885	886	105M25I4M4I2M1D70M1D53M5D8M6I23M4I24M8I9M28I36M22I36M15I22M1I16M3I9M2D40M4I5M2I81M2D128M1I8M24I17M22I95M
2	2945	0.308	2.251E-67	1	964	968	6	780	781	103M1I56M1I169M29I6M12I12M64I14M15I23M51I17M5I45M1D33M1D14M2D45M1D11M1D6M4D62M5D32M8I12M31I7M1I32M3D11M5D12M3D16M3D8M
125	2906	0.309	1.802E-66	3	956	968	25	805	813	264M1D4M2D21M11I18M41I23M2I3M16D8M10I14M30I6M28I16M2I3M7I38M3I21M13I63M13I127M1I10M1D14M6D4M18I18M8I8M12I72M
21	2803	0.349	4.379E-64	0	844	968	0	744	745	3M1I210M1D51M4D13M3I10M31I12M8I24M11I21M9I15M4I22M2D22M19I26M2I26M23I20M2I76M4D5M2I70M1I10M4D1M5I28M3I23M9D33M
123	2776	0.426	1.848E-63	44	771	968	0	713	715	226M2I21M4I55M2I43M2I69M3D33M3I45M7I179M1D17M2D20M
12	2486	0.319	9.634E-57	4	872	968	1	674	675	261M7D12M96I13M7I12M6I39M2I15M15I15M25I28M15I21M2I27M1I7M2D35M1D7M1I3M2I46M2I17M1D13M2I36M9I10M6I10M15I36M
121	2429	0.323	2.014E-55	11	848	968	1	618	619	256M12D10M5I8M5I11M50I8M15I4M23I15M7I3M38I23M64I4M3D17M8I1M2D4M1I22M1D11M2D39M2D55M2I16M2D14M2I9M3I22M3I28M18I14M
9	2338	0.270	2.581E-53	4	967	968	6	619	639	101M1D166M106I16M44I34M7D15M185I45M2I18M1D13M2I4M5I25M2I19M7I7M19I21M5D26M2D32M2D44M4D6M
11	2189	0.312	7.294E-50	0	824	968	0	584	596	42M32I201M6D16M9I8M66I7M9I10M22I9M4I33M15I10M71I3M7I10M4I25M1D10M2D41M1D5M1D49M2I16M2D14M2I8M3I23M3I22M4I10M
19	1772	0.192	3.323E-40	2	967	968	9	732	735	31M1D16M2D44M1I11M1I42M1D11M5D4M8D20M1I3M3D27M2D55M199I13M1I48M9I12M3I24M3I5M4I12M2D6M2D47M1I8M1D12M2D76M3D5M1D38M4I5M2I14M17I14M5I17M10I12M11I23M1D26M4I9M
90	1333	0.154	4.895E-30	0	960	968	0	693	697	33M1I13M5I52M1I41M5D17M1I21M1I29M12I3M1I40M197I8M15D24M21I32M2I28M6I33M2I5M1I7M2D6M1I5M5I16M12D36M2D2M2D6M3I19M2D18M14I29M9I12M20I8M3I8M4I20M1D8M1I4M1I10M1D12M1D11M1D14M1D19M
4	1236	0.168	8.639E-28	9	962	968	8	687	688	39M4I52M1I38M3D4M2D19M1I19M1I22M4D10M12I46M96I9M12I61M6I2M20I15M31I34M15I6M3I12M3D25M3I14M3D2M1D8M2I11M5D8M3I7M2D8M2D17M4D7M2D2M3I18M2D14M1I7M7I6M4I11M52I12M28I6M3I5M4D12M7I7M1D22M3D22M
129	1193	0.149	8.560E-27	10	954	968	0	646	656	3M1D1M1I18M1I9M35I3M2D2M1D21M1I41M3D4M2D13M1I18M1I33M13I38M2D18M182I12M5D32M9I11M26I13M1D19M6I27M2I5M1I7M2D6M1D8M1D14M3D8M1D32M1D2M3D9M3I16M2D19M14I16M2I11M1I16M24I47M1I7M1D17M8I9M1D13M1D15M
99	957	0.272	2.505E-21	5	351	968	17	361	450	8M1D1M1I18M1I11M5I54M1I38M3D4M1D14M1I23M1I24M2D12M12I34M16D53M1I24M2I4M
17	796	0.166	1.342E-17	9	894	968	3	892	985	22M2I25M3I14M1I4M1D26M1I38M2D3M1D21M9D19M1I18M12D8M8D3M7D7M4I30M2I6M18D19M3D59M11D50M9D4M1D75M7I7M6D23M11D51M17D13M1D24M2I14M7I6M9I4M5I5M3I11M7D8M3I11M2I9M56I15M1D53M14I31M1D28M
93	689	0.153	4.038E-15	11	605	968	13	774	803	34M7I41M1I11M1I39M3D3M4D15M2I4M1I13M2D29M4I6M2I6M20D32M3D9M6D13M7D79M107D22M4D36M2D20M16D19M5D12M2I24M12D58M1D28M5I17M
 30	7084	1.00	0.000E+00	0	971	972	0	971	972	972M
112	6310	0.903	0.000E+00	0	971	972	0	970	971	504M1I8M1D70M1I237M1I32M1D118M
85	6236	0.895	0.000E+00	0	971	972	0	969	970	349M2I162M1D70M1I388M
25	6218	0.890	0.000E+00	0	971	972	0	969	970	349M2I162M1D70M1I388M
106	6192	0.902	0.000E+00	0	971	972	0	969	970	349M2I162M1D70M1I388M
27	6182	0.889	0.000E+00	0	971	972	0	969	970	349M2I162M1D70M1I388M
38	6181	0.889	0.000E+00	0	971	972	0	968	969	416M2I165M1I388M
39	6179	0.883	0.000E+00	0	971	972	0	964	965	521M4I58M1I256M1I34M1I96M
5	6176	0.893	0.000E+00	0	971	972	0	969	970	349M2I162M1D70M1I388M
107	6172	0.865	0.000E+00	0	971	972	0	968	969	349M2I162M1D73M1I268M1I116M
28	6170	0.892	0.000E+00	0	971	972	0	970	971	349M2I18M1D144M1D70M1I388M
24	6168	0.886	0.000E+00	0	971	972	0	969	970	349M2I162M1D69M1I389M
86	6167	0.896	0.000E+00	0	971	972	0	969	970	349M2I162M1D70M1I388M
26	6166	0.892	0.000E+00	0	971	972	0	969	970	349M2I162M1D70M1I388M
33	6162	0.880	0.000E+00	0	971	972	0	969	970	349M2I162M1D70M1I388M
6	6156	0.889	0.000E+00	0	971	972	0	969	970	349M2I162M1D70M1I388M
29	6140	0.891	0.000E+00	0	971	972	0	969	970	349M2I162M1D70M1I388M
64	6130	0.888	0.000E+00	0	971	972	0	967	968	418M1I84M1I15M1I63M1I388M
31	6130	0.889	0.000E+00	0	971	972	0	969	970	349M2I162M1D70M1I388M
75	6129	0.873	0.000E+00	0	971	972	0	969	970	522M1I60M1I388M
53	6116	0.880	0.000E+00	0	971	972	0	963	964	548M6I3M1I25M1I388M
34	6113	0.896	0.000E+00	0	971	972	0	969	970	349M2I162M1D70M1I388M
119	6052	0.874	0.000E+00	0	971	972	0	967	968	393M2I188M1I263M1I124M
111	5948	0.852	0.000E+00	0	971	972	0	937	938	419M14I3M19I58M1D70M1I238M1I149M
105	5944	0.864	0.000E+00	0	971	972	0	962	963	433M1I152M1I235M1I5M6I138M
61	5928	0.843	0.000E+00	0	971	972	0	932	933	418M1I54M17I6M10I11M10I56M1I388M
62	5918	0.841	0.000E+00	0	971	972	0	930	931	413M15I8M19I66M4I58M1I244M11I2M10D34M1I96M
22	5910	0.837	0.000E+00	0	971	972	0	957	958	334M1I16M1I5M1I62M7I37M2I116M1I239M1I149M
131	5804	0.815	0.000E+00	0	971	972	0	895	896	418M1I69M77I18M1I267M3D121M
108	5713	0.794	0.000E+00	0	971	972	0	927	928	334M1I53M1I24M1I6M34I92M1D17M2I17M1I239M1I55M4I90M
94	5684	0.788	0.000E+00	0	971	972	0	923	924	334M1I53M1I30M34I36M3I68M2I24M1I232M1I57M5I90M
104	5670	0.853	0.000E+00	0	971	972	0	937	938	44M32I273M2I162M1D70M1I388M
32	5646	0.885	0.000E+00	42	971	972	1	928	929	307M2I162M1D70M1I388M
67	5588	0.750	0.000E+00	5	971	972	6	963	964	329M1I123M2I122M1I246M5I138M
102	5234	0.694	0.000E+00	0	971	972	0	963	964	334M1I123M2I20M6I27M1D69M1I257M1D132M
110	5216	0.882	0.000E+00	90	971	972	0	879	880	259M2I162M1D73M1I385M
118	5152	0.689	0.000E+00	0	970	972	0	977	978	338M1I69M1I39M3D3M1D45M1D16M1D20M1D46M2I180M1I13M2D49M1D20M1I13M3D114M
72	5134	0.675	0.000E+00	0	970	972	0	957	958	333M1I75M1I37M7I47M1D11M1D20M1D30M1I17M2I177M1I59M1I18M1I16M1I115M
127	5079	0.656	0.000E+00	0	970	972	43	1012	1013	334M1I74M1I37M4D49M1D16M1D22M2D28M1I16M2I178M1I62M1I17M1I14M1I115M
81	4818	0.813	0.000E+00	39	884	972	7	876	885	377M2I60M1I103M1I236M2D38M26D28M
73	4797	0.633	0.000E+00	23	970	972	2	932	933	311M1I75M1I34M5I45M4I13M1D22M1D14M6I28M1I177M1I34M1I28M1D147M
68	4748	0.618	0.000E+00	12	970	972	8	900	901	6M1I9M2I383M1I12M33I13M15I3M13I10M1D19M1D26M2D21M2I178M1I59M1I25M1I125M
115	4739	0.583	0.000E+00	0	970	972	0	981	982	305M3D59M1D33M1D25M1I17M1I31M3I13M1D17M3D5M2D22M1D265M1D21M1D41M2D112M
16	4686	0.588	0.000E+00	0	964	972	34	972	978	304M1I21M1D9M3I8M2I46M1D18M3I30M1I29M2I25M1D14M1D16M10I19M2I21M3I169M1I104M2I102M
15	4674	0.575	0.000E+00	0	964	972	36	977	983	303M1I22M1D12M3I4M3I50M1D14M3I30M1I56M1D14M1D14M8I11M2I10M2I22M3I168M1I208M
130	4630	0.567	4.951E-104	0	970	972	0	982	983	295M3D73M1D28M1D46M2D41M3I32M6D14M1D265M1D24M1I47M1D102M
80	4622	0.657	7.503E-104	42	970	972	1	930	931	291M1I75M1I37M4D54M1D11M1D20M1D26M1D21M2I178M1I59M1I18M1I132M
84	4619	0.648	8.784E-104	47	970	972	0	928	929	286M1I82M1I31M4D56M1D8M1D20M1D34M6D14M2I177M1I69M1I8M1I16M1I115M
74	4576	0.605	8.278E-103	0	959	972	0	924	926	4M6I319M1I16M1I85M2D51M4I11M8I12M6I50M2I184M2I31M1I25M3I9M3I12M1I31M1I67M2D14M
59	4549	0.558	3.384E-102	0	971	972	0	981	982	7M1D287M3D74M1D29M1D37M2D53M1D30M5D3M1D11M1D19M6D207M1I39M1D16M8I12M7I33M1D93M2D6M
56	4523	0.519	1.313E-101	0	971	972	0	927	931	266M5D11M4I41M2I24M2I17M1D40M5I14M6I41M4I4M3I31M1I27M3I5M7I25M2D212M1D23M15I45M1I93M
3	4494	0.512	5.960E-101	0	970	972	0	881	882	268M5D7M4I59M19I10M1D41M45I8M1D13M12I28M5I36M1I21M4D10M1D210M1D24M15I42M1I92M
54	4489	0.516	7.736E-101	0	971	972	0	919	923	281M1D87M1D23M2I14M5I14M6I28M1D11M15I26M2I33M3I9M6I21M1I210M1D24M15I29M1I106M
44	4482	0.523	1.114E-100	0	971	972	0	882	886	268M2D9M1I55M2I6M17I9M1D49M11I10M5I29M18I14M3I15M10I24M1I13M9I219M1D12M15I54M1I93M
51	4468	0.521	2.313E-100	0	967	972	0	923	932	281M1D59M4I24M1D84M1I19M18I25M1I25M8I26M2D5M1I216M1D24M15I29M1I102M
49	4458	0.518	3.896E-100	0	971	972	0	858	862	266M5D9M4I59M19I10M1D45M20I3M6I8M5I4M3I11M16I20M18I11M14I8M4I14M4D10M1D210M1D24M15I42M1I93M
52	4444	0.502	8.086E-100	0	971	972	0	904	913	266M5D9M4I54M4I29M1I41M31I20M3I10M16I22M3D70M1I216M1D24M15I29M1I106M
50	4414	0.522	3.866E-99	0	971	972	0	904	906	268M2D9M1I90M1I14M2I22M5I14M6I5M5I14M9I7M14I29M1I27M3I13M6I21M1I210M1D24M15I29M1I106M
77	4413	0.503	4.073E-99	0	971	972	0	924	925	277M1D118M1I76M18I25M1I9M9I11M5I11M3I232M1D27M17I42M1I83M6D6M
41	4411	0.513	4.521E-99	0	970	972	0	923	924	266M5D11M4I20M3I34M1I27M1I41M12I40M1I10M4I6M3I31M1I9M6I41M2I223M1D14M1I6M16I9M1I34M1I88M4D4M
76	4409	0.507	5.018E-99	0	971	972	0	921	925	266M5D11M4I69M3I15M1D25M1I78M17I23M2I10M12I13M2I246M1D12M3I7M12I47M1I93M
43	4392	0.521	1.218E-98	0	971	972	0	927	931	268M2D9M1I68M2I20M1D16M1I87M18I20M1I19M5I9M5I6M1I28M2D213M1D24M15I29M1I106M
35	4389	0.504	1.424E-98	0	971	972	0	928	929	265M7D10M6I63M1I23M1D16M1I23M11I18M5I30M14I27M1I72M1I210M1D25M14I42M1I89M3D4M
57	4372	0.517	3.456E-98	0	966	972	0	921	931	278M1D23M1I40M1I25M1D79M1D23M18I25M1I29M11I19M3I7M2D214M1D24M15I42M1I88M
109	4371	0.503	3.641E-98	0	969	972	0	914	915	281M1D65M2I20M1D45M15I43M19I92M1I214M1D22M1D8M17I32M5I89M
46	4371	0.515	3.641E-98	0	967	972	0	917	926	281M1D59M4I24M1D44M8I12M8I19M1I12M16I27M1I25M8I24M1D224M1D26M19I23M1I75M12D27M
48	4369	0.518	4.041E-98	0	970	972	0	898	899	268M2D9M1I15M2I38M1I10M5I14M1D27M4I18M7I52M16I38M6I15M7I15M8I4M1I216M1D28M18I128M
113	4369	0.516	4.041E-98	0	969	972	0	914	915	274M2D3M1I54M7I5M1I22M1D54M11I41M13I18M2D11M1I11M4I11M7I33M1D215M1D18M3I3M15I40M5I86M6D3M
45	4369	0.515	4.041E-98	0	971	972	0	924	927	281M1D71M1I15M1D23M2I79M14I23M8I30M3I9M6I21M1I210M1D24M15I29M1I101M1D5M
42	4364	0.508	5.245E-98	0	970	972	0	932	933	279M1D12M3I16M1D28M9I20M1D28M1I28M2D25M2I20M17I53M3I45M3I205M1D24M7I56M1D87M
116	4361	0.524	6.134E-98	0	971	972	0	892	893	268M2D9M1I54M7I7M1I11M1I26M4I18M5I14M6I6M5I10M1D29M7I21M3I20M14I2M7I25M1I215M1D18M3I3M15I39M4I23M1D70M
71	4356	0.513	7.961E-98	4	967	972	16	926	934	277M1D71M1I15M1D23M2I14M5I14M6I28M1D11M15I26M2I33M10I240M1D24M15I29M1I102M
13	4354	0.504	8.836E-98	0	971	972	0	890	894	266M5D11M4I41M3D14M1D8M11I12M1D40M17I8M10I9M10I11M16I35M3D29M5I16M6I218M1D21M15I32M1I106M
23	4347	0.512	1.273E-97	0	966	972	0	930	935	279M1D22M1I36M9I19M1D26M1I19M8I17M5I30M14I93M3D12M2D208M1D22M7I53M1D86M
69	4346	0.508	1.341E-97	0	971	972	0	920	924	277M1D62M1I4M11I13M1D16M2I86M15I25M2I32M2I5M4I23M1I213M1D16M14I3M4D7M5I26M1I106M
78	4346	0.515	1.341E-97	0	970	972	0	939	940	280M1D21M1I45M3I18M1D23M1I20M8I32M10I10M14I86M3D22M6D203M1D11M4I7M3I66M1D83M
66	4339	0.496	1.932E-97	0	970	972	0	922	923	82M1D198M1D21M1I38M15I11M1I25M1I19M2D37M1I22M18I48M1I33M7I8M2I208M1D24M7I53M1D90M
83	4332	0.503	2.783E-97	0	966	972	25	942	947	4M1I2M1D258M7D10M6I20M1I31M7I28M1D25M1D41M2D38M16I27M1I13M4I35M8I10M1I207M1D31M18I37M1D87M
82	4318	0.517	5.777E-97	5	966	972	30	942	947	2M1D261M2D9M1I32M1D22M4I11M2I19M1D25M1D44M2D35M16I27M1I31M4I15M11I8M2I210M1D13M14I8M4I44M1D87M
60	4305	0.525	1.138E-96	11	971	972	9	991	994	20M10D7M3D256M3D39M2I31M1D24M1D36M1D28M1D33M1D17M1D30M1I27M1D26M9D169M1I31M1D21M2I28M6I41M1D85M
70	4278	0.505	4.652E-96	0	967	972	0	850	858	281M1D20M1I3M5I2M13D6M33I17M1D23M2I15M41I6M3I14M14I23M8I30M3I9M6I21M1I207M1D27M15I29M1I102M
65	4273	0.519	6.039E-96	7	971	972	2	876	879	296M2D60M1D47M36I41M1D14M1D16M4D3M1D31M2D206M1I36M65I113M
58	4226	0.507	7.006E-95	0	971	972	0	886	889	281M1D71M1I15M1D23M2I15M41I6M3I13M13I3M5D28M1I30M12I25M2D214M1D10M1I13M21I23M1I101M1D5M
47	4100	0.492	5.005E-92	0	966	972	0	810	820	266M5D11M4I59M4I3M1I16M1D20M1I31M12I21M2I16M21I7M71I8M9I214M1D24M24I11M12I10M2I87M
55	4085	0.488	1.094E-91	0	971	972	0	889	893	112M1I168M1D58M4I12M3D13M1I47M11I10M5I43M2I18M1I43M4I25M7I96M1I49M1I38M20I7M4I2M1I17M21I39M1I53M1I36M
79	3911	0.501	9.556E-88	53	970	972	1	888	889	227M1D21M1I41M3I17M1D28M1I20M8I29M1D24M7I3M3I29M1I18M2D52M6I205M1D17M7I65M1D85M
117	3849	0.384	2.424E-86	0	971	972	0	995	1003	5M2D267M3D5M2I26M3I15M5D10M3I73M1D43M1I19M16I14M1I5M1I38M3I5M8D31M1I78M1D130M2D15M22D50M3D4M3D22M5D86M
103	3803	0.483	2.670E-85	26	970	972	0	885	886	49M4I8M5I7M2I170M5I15M1D23M1D26M14I40M2I33M1I56M8D13M23I39M4I8M4I91M2D122M1D65M8I108M
92	3768	0.368	1.657E-84	5	967	972	1	1083	1084	264M2D9M2D26M1D38M1I5M8D18M3D4M2D13M4D37M8D13M3D16M3D23M15I11M9D24M6D18M3D9M6D26M4D95M2D137M28D50M6D13M24D16M9D78M3D4M
128	3720	0.378	2.025E-83	2	964	972	0	867	876	3M3D263M6I5M9D21M8I22M1D47M2I18M3I53M1I27M3I20M83I83M1D127M1D12M1D16M4I9M2I46M1D79M
122	3557	0.339	9.965E-80	7	971	972	6	970	1001	261M2D35M11I23M24I13M21D35M5I17M10I31M15I18M1D69M4I11M3I77M1D119M2D21M21D24M17D23M13D18M2I72M4I20M
101	3500	0.360	1.948E-78	5	963	972	20	928	936	260M6I34M3I9M1I38M1D57M7I32M1I19M15I55M7I5M12I5M8I13M4D3M2D58M2D103M11D41M1D12M2I10M9I134M
8	3499	0.352	2.052E-78	0	971	972	0	1015	1016	5M2D263M15D7M1I54M17D25M10D95M1D7M2D5M3D11M14I15M1I22M1I35M7I15M9I80M2D126M1D12M12D47M4D29M6D75M2D11M
18	3436	0.308	5.484E-77	5	969	972	1	1247	1248	264M5D102M3D78M5D4M18D19M12I49M4D42M23D11M14D69M1I12M1D143M54D7M37D7M12D14M70D23M43D18M6D90M
126	3290	0.348	1.112E-73	0	966	972	3	807	808	6M1D97M2I160M10I4M9D25M6I14M87I28M5I27M17I22M1I5M38I21M6I5M6D135M1I37M2I27M4I4M1D86M2D40M1I2M1I41M
114	3290	0.352	1.112E-73	5	963	972	5	922	929	215M1D45M5I22M2I41M3D86M3I25M5I18M16I57M5I34M3D5M4I58M2D87M5I11M3D43M1D12M6D17M6I23M9I100M
100	3279	0.330	1.973E-73	0	971	972	0	801	806	3M1I268M10I13M17I15M47I38M8I40M1I10M20I18M20I10M26I5M5I11M1I2M2I76M1D5M1D85M3I3M5D30M3D16M14I5M8I24M3I17M2D7M1I43M1D23M4D18M
91	3240	0.331	1.509E-72	5	971	972	9	786	788	99M1D161M14D7M10I4M27I35M5I13M58I10M6I17M6I8M16I15M45I34M4I4M2I64M2I10M4D5M2I79M3I3M3I34M1I13M17I5M4I51M3I34M2D17M4D31M
98	3161	0.320	9.288E-71	5	971	972	13	774	776	101M1D160M10D6M4I7M71I9M1I9M13I12M1I15M19I34M24I15M27I7M29I18M1D67M2I11M1D5M1D74M1I6M1I3M5I34M1I12M17I11M2I42M6I2M1I32M2D22M4D28M
96	3140	0.333	2.777E-70	5	971	972	38	941	948	30M5I227M10D18M5I44M14I15M2I9M14I14M9I37M6I18M17D7M7D15M12I43M1I13M4I20M2D5M1D62M4I9M4D5M2I48M1I32M1I38M1D19M12I12M3I7M10I115M
124	3138	0.328	3.082E-70	5	965	972	1	712	713	258M3D2M8D3M12D11M36I18M115I13M15I24M53I10M9I16M4I39M1D23M1I17M2D84M1I30M1I33M39I26M1I39M1D6M1I33M
120	3126	0.336	5.764E-70	0	971	972	0	758	764	4M2D99M2I163M5D17M7I37M64I8M1D22M5I5M4I20M2I15M7I15M71I22M4I33M2D39M1D7M1D47M2I18M1D50M4I7M1I12M31I8M8I15M12I2M1I35M1I46M
97	3123	0.323	6.740E-70	1	971	972	22	784	786	105M1D160M9D10M41I6M32I7M44I31M16I19M17I21M28I23M7I22M2I61M3I11M1D5M1D84M6I36M1I13M11I16M7I35M8I36M1D16M2D31M
7	3096	0.318	2.755E-69	5	971	972	8	822	857	100M1D173M8I22M25I5M15I17M23I34M3D28M8I10M14I51M49I2M2I39M2D43M3D46M2I18M1D19M6I36M1I18M11I19M1I29M2I41M2D38M3D12M
10	3090	0.314	3.768E-69	5	971	972	26	782	784	101M1D159M10D15M76I7M80I16M4I8M17I14M3I8M4I35M5I33M2I62M2I11M4D5M2I82M6I34M1I17M17I6M2I14M7I28M1I33M2D21M2D29M
0	3075	0.306	8.239E-69	5	971	972	13	752	754	101M1D166M200I103M1D15M2I63M3I9M1D5M1D77M1D4M1I3M5I34M1I12M7D7M25I13M3I30M3I30M2D21M2D31M
1	3039	0.318	5.386E-68	0	971	972	0	776	787	269M1D11M6I10M107I11M19I12M2I12M2I10M17I11M1I16M6I7M37I11M6I33M1D13M2D38M1D5M1D49M2I16M2D14M2I7M2I6M1I18M3I24M15I49M1D7M3I30M1D6M2D9M7D6M8D2M3D18M6D11M
87	3034	0.320	6.991E-68	5	971	972	7	749	770	100M1D162M1D9M8D29M9I5M3I9M100I8M7I10M6I10M19I10M58I12M10I8M2I39M2D42M2D47M2I18M1D10M2I5M5I27M2I29M8I10M5I17M5I15M3I5M1D35M2D43M4D7M
95	3028	0.321	9.559E-68	5	971	972	1	718	720	97M2I163M5D14M27I22M87I20M27I7M17I9M1I12M41I12M9I13M3D7M2I32M2D44M2D51M2I16M1D51M5I14M1I3M9I5M19I7M1I4M4I18M6I1M3I35M1I38M2D8M
63	3024	0.318	1.178E-67	5	971	972	7	770	778	100M1D162M1I16M9I17M40I15M24I6M55I6M6I11M13I22M30I16M9I6M8I12M2I39M2D39M4D2M2I46M2I17M1D11M2I5M5I25M2I31M8I10M5I17M5I15M2I40M4D3M2I38M17D8M
89	3018	0.309	1.610E-67	0	971	972	0	759	777	5M2D100M1D172M41I15M23I2M3I2M14I11M11I6M16I38M3I10M15I27M73I2M2I39M2D39M4D3M2I47M2I16M1D10M2I6M5I26M2I21M13I35M3I64M2D37M6D9M
40	3012	0.308	2.202E-67	0	971	972	0	757	776	5M1D100M1D163M16I10M6D10M3I3M14I8M24I7M23I35M23I14M4I7M18I15M80I7M2I39M2D39M4D3M2I45M2I18M1D10M2I7M5I23M2I21M13I37M3I64M2D38M5D8M
20	3011	0.301	2.320E-67	0	971	972	0	754	772	5M2D274M7D9M18I4M126I35M15I24M53I14M1D12M2I39M2D39M4D3M2I45M2I18M1D24M7I17M1I12M1I10M11I40M3I14M2I42M2D41M7D8M
88	2978	0.308	1.297E-66	5	971	972	7	752	770	268M10I6M68I3M13I9M66I5M12I6M20I22M7I24M12I74M2D39M4D3M2I47M2I12M1D14M2I7M5I23M2I21M11I42M3I14M2I45M2D38M7D8M
37	2962	0.303	2.988E-66	2	971	972	0	810	829	13M2D144M1I105M9D14M13I15M12I5M45I4M51I16M15I21M9D70M4I21M6I10M4I39M2D37M1D5M1D49M2I16M1D13M1I12M2I22M3I19M3D11M14I32M16I40M2D48M
14	2950	0.325	5.586E-66	5	967	972	85	885	886	104M25I4M4I2M1D70M1D56M2D7M3I24M1I6M3I18M8I26M19I19M23I15M8I22M17I48M2I43M5I2M2I76M1D5M1D128M1I10M25I16M15I11M7I83M
2	2948	0.317	6.201E-66	3	967	972	8	780	781	101M1I56M1I143M9I18M100I21M1I7M3I7M17I14M8I3M22I30M5I4M9I4M5I35M1D43M3D49M1D11M1D6M4D62M5D10M33I10M2I2M2I23M3I6M1I32M3D11M5D12M3D16M4D7M
125	2940	0.303	9.411E-66	3	970	972	25	812	813	264M1D4M2D27M17I17M35I9M65I12M16D18M16I67M3I21M14I63M13I127M1I10M1D13M6I2M28I2M1D104M3I7M
36	2917	0.303	3.123E-65	2	971	972	0	810	829	12M2D145M1I105M9D14M13I15M12I5M45I4M51I16M15I17M9D54M8I11M4I19M1D19M2I2M1I38M2D37M1D5M1D49M2I16M1D13M1I12M2I22M3I17M13I2M4D12M12I32M6I35M4D3M2I46M
123	2783	0.439	3.386E-62	44	774	972	0	713	715	221M1I8M1I18M4I55M2I49M4I57M2D23M1I27M7I26M2I11M1D24M1I152M1D23M2D14M
21	2728	0.343	5.963E-61	5	814	972	4	703	745	209M1D51M3D14M2I10M31I18M50I18M4I60M15I75M7I17M1I2M2I76M1D5M1D72M1I10M4D2M5I34M3I10M1D6M
121	2526	0.310	2.243E-56	11	838	972	1	618	619	258M11D5M4I20M6I4M135I58M24I14M42I11M2I22M1D11M2D43M2D51M2I16M2D14M2I9M3I20M5I7M2D23M5I12M
12	2447	0.320	1.381E-54	5	854	972	2	674	675	261M3D40M19I9M27I4M56I26M7I18M15I12M25I29M13I9M3I11M2I27M1I7M2D35M1D7M1I3M2I46M2I17M1D13M2I30M1I7M8I55M
9	2349	0.275	2.290E-52	5	971	972	7	619	639	100M1D169M99I1M7I12M30I32M17I14M102I7M10I3M66I45M2I18M1D13M3I4M4I25M2I21M13I33M9I24M2D32M2D44M4D6M
11	2177	0.295	1.802E-48	0	834	972	0	595	596	42M32I201M2D10M68I9M23I11M3I75M13I5M99I25M1D10M2D41M1D5M1D49M2I16M2D14M2I8M3I23M3I43M
19	1829	0.194	1.374E-40	2	971	972	9	732	735	30M1D17M2D44M1I11M1I42M1D11M5D4M8D20M1I3M3D27M2D53M204I17M1D54M8I16M1I6M6I10M4I12M2D6M2D46M1I5M1D14M2D80M4D42M11I40M2I23M18I4M19I17M1D8M1I20M3I7M
90	1393	0.144	1.031E-30	0	962	972	0	691	697	4M1I2M1D25M1I15M5I51M1I41M5D17M1I21M1I29M12I3M1I40M201I14M15D83M19I2M9I26M2I5M1I7M2D6M1I5M3D18M6D3M2I33M1I1M5D7M3I19M2D18M14I25M3I17M26I14M7I30M1I4M1I10M1D12M1D11M1D14M1D17M
129	1253	0.165	1.529E-27	10	962	972	0	650	656	3M1D1M1I16M1I11M35I3M2D4M1D19M1I41M3D4M2D13M1I18M1I33M13I38M2D18M120I3M63I31M4I4M12I21M15I33M6I28M3I12M2D6M1D8M1D7M3D14M1D33M1I1M5D9M3I16M2D16M8I3M6I14M2I13M1I16M16I20M6I25M3I2M1I7M4I4M2I2M2I14M1D6M1D13M1D19M
4	1248	0.169	1.985E-27	7	966	972	5	687	688	3M1D39M4I51M1I38M3D6M2D17M1I19M1I22M4D10M12I37M1D12M94I28M33I9M7I6M4I11M15I23M4I25M17I13M3I17M10I3M3D25M3I14M3D2M1D8M2I11M5D8M3I5M5D4M1D23M2D6M2D3M3I18M2D14M8I13M4I8M6I7M6I6M70I5M1I1M1I9M3I3M2I15M3D23M3D22M
99	954	0.163	9.055E-21	5	675	972	17	448	450	8M1D1M1I16M1I16M5I51M1I38M3D4M1D14M1I23M1I24M2D12M12I34M200I71M11I30M7I5M4I2M5I12M1D3M1I11M3I9M4D2M2I6M3D5M1D19M
17	842	0.153	3.117E-18	9	963	972	3	973	985	21M2I25M3I15M1I4M1D26M1I38M2D3M1D15M2I6M11D17M1I18M12D8M8D3M7D7M4I30M2I6M18D14M21D51M1D89M4D24M8D28M13I25M3D17M5D14M23D17M2D12M1D15M6I10M2I14M4I10M17I4M3I24M4D2M8D15M60I15M2D35M5D11M2D55M3D13M1D10M14I6M4I5M5I6M6D17M1D11M
93	675	0.154	1.889E-14	11	608	972	13	774	803	32M3D7M10I33M1I11M1I39M3D3M4D15M2I4M1I13M2D29M4I6M2I6M20D32M3D9M6D12M21D65M105D18M1D34M1I42M8D20M3D16M4I17M17D30M1I27M1D28M6I17M
 91	6198	1.00	0.000E+00	0	787	788	0	787	788	788M
98	4475	0.642	4.902E-103	0	787	788	5	775	776	2M1I282M3D22M3I18M1D30M2I16M2D29M14I167M1I61M1I14M1I124M
0	4311	0.631	3.142E-99	0	787	788	5	753	754	2M1I272M3D32M3I14M5I36M15I5M4I5M1I14M10I7M1I66M1I95M1D59M1I47M1D58M1I4M1I28M
97	4296	0.624	7.004E-99	0	787	788	18	785	786	2M1I278M2I8M6D16M3I15M5I28M3I11M7I14M1I33M2D67M1I153M1I44M1I42M1I20M2I29M
10	4232	0.605	2.142E-97	0	787	788	18	783	784	2M1I278M3I7M5D16M3I15M5I41M6I16M4I252M1I15M1I27M1I63M2I29M
1	3507	0.416	1.445E-80	5	787	788	1	778	787	104M1I160M12I22M2I7M1D58M1I21M26I13M3D24M1D13M2D24M2D66M1I2M1I15M2D15M1D32M2I40M7D67M1D13M7D13M7D19M7D9M
120	3488	0.445	3.988E-80	3	787	788	1	763	764	104M3I163M8I9M2I4M1I5M3I40M2I26M11D33M12D64M2D24M2D65M1I2M1I18M1D13M6D29M4I18M3I4M2I8M5I11M18I36M3I17M4I26M4D6M
124	3480	0.469	6.116E-80	8	780	788	0	712	713	103M1I156M3D4M4D45M12I14M9D25M15I10M33I43M1D26M1D99M5D49M7I8M5I13M1I14M4I6M1D30M1I11M1I8M4I25M
87	3467	0.410	1.225E-79	6	787	788	4	751	770	267M9I1M11D41M13I63M29I41M2D22M2D67M2I19M1D12M1I29M1I19M3D24M2I29M3D54M4I24M5D9M
63	3443	0.410	4.419E-79	3	787	788	1	764	778	270M13I28M4D11M6I14M4I22M6I31M8I13M1D41M2D22M2D67M2I17M1D11M2I5M1D20M3I9M2D14M3D24M2I32M3D52M4I23M5D3M5D6M
20	3424	0.412	1.220E-78	3	787	788	1	752	772	102M1I165M18I13M3I15M6I2M3D61M16I21M1I43M2D22M2D66M2I20M1D14M1I24M3I6M2D18M1I20M2D15M6D18M1D52M4I24M4D8M
7	3412	0.407	2.317E-78	2	787	788	1	826	857	268M14I10M1D14M11D17M14D24M10D16M3D60M1I44M2D22M2D17M1D49M2I21M1D76M2I19M3D16M6D6M3D52M4I23M6D9M
40	3403	0.414	3.748E-78	3	787	788	0	754	776	267M17I13M6D10M3D35M7I22M20I33M1I42M2D22M2D66M2I19M1D16M1I26M1I31M7D46M1D52M4I19M1D13M
70	3388	0.383	8.356E-78	9	787	788	5	855	858	100M1I170M38D22M7D9M1D8M2D41M4D73M11D61M2D8M1I8M1I81M3D3M3D32M2D15M3D50M2D4M2D3M1D33M2I17M4I32M
89	3377	0.403	1.504E-77	3	787	788	1	755	777	268M18I29M3D56M4I15M10I9M7I51M2D22M2D67M1I2M1I16M1D16M1I26M1I31M7D46M1D52M4I19M1D13M
88	3370	0.413	2.187E-77	7	787	788	5	750	770	98M1I164M13I4M1D36M1I18M1I47M29I51M2D22M2D67M1I2M1I13M1D16M1I26M3I6M2D14M1I24M2D15M6D18M1D52M4I24M4D8M
100	3370	0.417	2.187E-77	5	787	788	0	804	806	104M1I160M14I12M1I18M5D5M1D54M11D55M6D65M2D99M5D3M3D31M3D3M1D36M2I32M2D35M2I11M1D6M4I22M6D8M
128	3362	0.390	3.354E-77	8	787	788	5	875	876	100M1I162M5I1M5D6M1I13M7D9M23D50M1D8M9D33M3D16M1D13M16D6M10D62M2D11M1I87M6D35M2D13M12D23M1D21M4D14M3D34M2I17M4I32M
117	3348	0.359	7.087E-77	8	787	788	6	996	1003	100M1I162M1D10M4I10M6D7M6D4M1D7M10D24M7D30M11D20M27D4M6D12M20D27M21D2M39D62M2D13M1I88M6D32M3D20M11D27M37D10M8D14M1D34M2I17M4I32M
52	3338	0.364	1.210E-76	5	787	788	1	905	913	104M1I170M4I6M1D13M57D8M18D17M3D14M14D29M10D22M9D39M5D62M2D8M1I8M1I82M1I8M7D28M2D12M3D54M4D3M1D33M2I17M4I32M
95	3332	0.432	1.667E-76	8	787	788	0	718	720	99M3I163M7I10M1D37M2I42M7I15M23I54M2D24M2D65M1I2M1I18M1D13M6D29M4I18M8I11M4I4M2I18M5I35M3I17M4I23M1D9M
50	3329	0.370	1.957E-76	9	787	788	5	905	906	100M1I170M3I31M21D14M22D32M2D11M18D26M26D25M25D9M2D63M2D8M1I8M1I82M6D35M2D15M3D49M2D4M2D3M1D33M2I17M4I32M
49	3327	0.385	2.177E-76	8	787	788	4	859	862	101M1I170M4I6M1D13M12D8M14D37M1D12M5D53M21D16M15D2M2D63M2D8M1I8M1I82M6D37M2D12M3D51M2D5M3D34M2I17M4I32M
3	3321	0.374	3.001E-76	9	785	788	5	881	882	100M1I161M6I14M3D12M12D8M14D37M1D13M26D31M27D6M1D24M11D9M2D63M2D8M1I8M1I82M1I8M7D28M2D25M3D41M4D3M1D33M2I17M4I30M
13	3319	0.367	3.339E-76	8	787	788	4	891	894	101M1I170M3I31M40D37M2D23M16D17M21D28M21D12M2D64M2D7M1I8M1I82M6D37M2D28M6D38M1D3M1D33M2I17M4I32M
48	3307	0.366	6.341E-76	8	785	788	4	898	899	102M1I169M3I31M19D7M10D14M8D36M22D6M25D32M7D13M20D9M2D64M2D7M1I8M1I81M3D3M3D31M2D44M1D27M4D1M1D34M2I17M4I30M
54	3307	0.366	6.341E-76	9	787	788	5	920	923	100M1I161M6I14M3D23M21D8M12D3M4D10M8D25M2D11M18D6M39D48M25D6M2D63M2D8M1I8M1I82M6D35M2D14M3D50M2D4M2D3M1D33M2I17M4I32M
35	3304	0.366	7.444E-76	3	787	788	0	928	929	4M1I102M1I169M3I35M9D4M22D31M15D7M3D12M16D5M5D6M30D11M6D24M28D13M2D63M2D8M1I8M1I82M1I8M7D26M2D14M3D24M1D26M2D4M2D3M1D33M2I17M4I27M2D5M
71	3300	0.365	9.219E-76	11	787	788	19	933	934	98M1I170M3I31M21D14M23D32M2D11M20D4M16D7M15D12M22D38M11D62M2D8M1I8M1I82M6D35M2D14M3D50M2D6M3D32M2I19M4I27M2D5M
131	3286	0.355	1.948E-75	9	786	788	5	895	896	99M1I161M14I5M10D82M7D23M25D11M7D17M38D12M13D61M2D10M4I5M2D79M3D3M3D36M1D11M17D26M3D28M6D3M1D33M2I17M4I31M
41	3286	0.376	1.948E-75	3	787	788	0	923	924	4M1I101M1I170M3I14M5D7M4D9M9D9M9D3M4D18M9D16M3D12M19D7M33D14M29D3M5D36M6D63M2D14M3I1M1D82M1I1M7D35M2D62M2D6M3D34M2I17M4I27M2D5M
51	3286	0.366	1.948E-75	3	784	788	0	925	932	4M1I101M1I161M6I14M3D23M21D8M14D11M6D21M2D6M2D11M20D4M16D8M4D30M26D11M17D8M11D62M2D8M1I8M1I82M6D38M2D10M1I24M4D26M2D6M3D34M2I17M4I29M
56	3285	0.356	2.055E-75	5	787	788	1	928	931	105M1I169M4I6M1D13M43D27M4D42M16D5M34D17M4D5M1D20M27D9M8D3M2D63M2D8M1I8M1I82M6D35M2D14M3D50M2D4M2D3M1D33M2I17M4I32M
113	3281	0.367	2.545E-75	8	787	788	4	914	915	102M1I169M3I20M12D8M36D14M35D8M3D9M4D25M4D4M1D16M1D8M6D30M16D7M11D62M2D8M1I8M1I81M3D3M3D33M2D71M1D33M2I17M4I26M3D6M
46	3281	0.368	2.545E-75	8	785	788	4	925	926	101M1I161M6I14M3D23M21D14M20D26M2D6M2D11M20D4M4D38M28D10M26D8M2D63M2D8M1I8M1I81M3D3M3D36M2D28M1I32M2D6M3D34M2I17M7D8M1D23M5D3M
67	3277	0.346	3.152E-75	3	786	788	0	963	964	105M1I161M14I5M10D6M11D8M44D13M4D5M6D25M3D15M4D7M7D4M12D9M22D28M2D17M48D5M2D64M2D10M1I5M1I81M6D38M1D15M12D13M1D15M2D23M1D2M3D34M2I17M4I31M
76	3275	0.362	3.507E-75	3	787	788	0	922	925	4M1I101M1I161M9I8M6D30M16D10M1D11M25D17M3D15M18D6M5D19M9D10M12D7M17D16M25D2M2D63M2D14M3I1M1D82M6D35M2D33M3D35M4D3M1D33M2I17M4I32M
44	3269	0.375	4.833E-75	8	787	788	4	883	886	101M1I161M9I7M6D17M30D4M7D27M4D17M12D40M27D13M1D17M11D9M2D63M2D8M1I8M1I82M1I8M7D29M2D11M3D52M2D2M2D3M1D33M2I17M4I32M
94	3269	0.347	4.833E-75	6	786	788	2	923	924	102M1I161M14I5M10D6M3D5M1D14M14D22M1D13M19D18M28D7M39D14M1D31M10D14M11D62M2D10M4I5M2D80M6D32M1D18M10D3M2D51M3D1M3D34M2I17M4I31M
45	3265	0.363	5.985E-75	8	787	788	4	924	927	101M1I161M9I8M6D26M21D14M12D16M11D16M2D11M20D4M16D7M20D12M6D31M25D6M2D63M2D8M1I8M1I81M3D3M3D33M2D14M3D54M4D3M1D33M2I17M4I32M
72	3265	0.346	5.985E-75	9	785	788	5	957	958	100M1I160M14I5M10D6M62D16M11D23M2D16M16D24M26D5M8D16M8D21M21D16M6D63M2D7M1I8M1I81M5D38M1D11M13D55M7D3M1D29M2I21M4I30M
47	3263	0.388	6.661E-75	3	782	788	0	811	820	4M1I101M1I172M4I6M1D14M21D22M8D16M11D6M3D35M1D47M5D62M2D8M1I8M1I81M3D3M3D33M2D24M1I24M13I42M2I17M4I27M
69	3263	0.357	6.661E-75	3	787	788	0	921	924	4M1I101M1I161M6I14M3D27M22D4M11D41M2D8M18D18M30D4M1D19M30D20M18D62M2D8M1I8M1I81M3D3M3D35M2D14M6D46M1I7M3D34M2I17M4I32M
111	3261	0.352	7.412E-75	9	786	788	5	937	938	99M1I161M14I5M10D29M16D3M16D24M8D19M3D25M10D5M18D20M15D20M50D61M2D10M4I3M2D81M3D3M3D36M1D11M16D15M4D41M3D34M2I17M4I31M
115	3257	0.338	9.179E-75	5	785	788	1	981	982	104M1I161M13I12M34D4M27D3M14D8M12D22M10D21M32D41M26D20M21D17M9D63M2D7M1I8M1I81M3D2M3D33M2D14M7D4M15D51M4D3M1D33M2I17M4I30M
116	3256	0.371	9.683E-75	3	786	788	0	892	893	4M1I101M1I170M3I35M9D4M21D8M17D7M11D59M9D19M5D13M15D4M22D62M2D14M3I1M1D82M1I8M7D28M2D49M1D20M1D14M1D19M2I17M4I31M
37	3255	0.392	1.021E-74	8	786	788	2	810	829	11M2D92M1I52M1I127M3D31M1D4M1D10M35D48M7I78M2D25M2D63M1I3M1I18M1D12M2I6M5D25M2I16M5I33M1D18M1D52M4I31M
61	3254	0.338	1.078E-74	3	786	788	0	932	933	4M1I100M1I161M14I6M82D13M1D3M12D31M4D16M6D38M12D28M10D15M13D61M2D10M4I3M2D81M3D3M3D36M1D11M17D54M4D2M3D34M2I17M4I31M
16	3254	0.356	1.078E-74	3	784	788	34	977	978	7M1I98M1I161M11I7M7D8M21D22M9D11M26D14M15D5M4D26M16D3M17D14M24D42M14D61M2D15M2I81M5D38M1D13M9D20M5D9M1D13M2D11M4D2M1D34M2I17M4I29M
27	3252	0.341	1.199E-74	9	787	788	5	969	970	97M1I163M14I5M10D6M27D5M34D7M20D18M32D41M20D13M5D38M16D17M13D61M2D10M4I3M2D81M3D3M3D36M1D11M17D50M5D4M1D3M1D33M2I17M4I27M1I4M
82	3251	0.359	1.265E-74	6	785	788	29	946	947	4M1I98M1I170M3I35M23D3M9D14M14D25M21D29M5D13M37D13M4D8M19D8M2D64M2D7M1I8M1I82M6D38M2D39M2D26M4D3M1D33M2I17M4I30M
30	3247	0.336	1.566E-74	9	786	788	5	971	972	99M1I161M14I5M10D6M27D5M16D4M30D8M3D45M8D18M10D7M24D50M51D63M2D10M4I3M2D81M3D3M3D34M1D13M17D27M3D28M1D1M3D34M2I17M4I31M
62	3246	0.345	1.652E-74	9	786	788	5	930	931	99M1I161M14I5M10D29M9D19M11D12M28D19M22D6M40D26M3D18M4D16M13D61M2D10M4I5M2D79M3D3M3D34M1D26M20D41M1D3M1D33M2I17M4I31M
112	3244	0.332	1.839E-74	3	786	788	0	970	971	4M1I100M1I161M14I5M10D29M9D6M18D6M3D18M10D16M3D27M19D10M41D15M15D12M48D3M2D64M2D10M4I3M2D82M6D36M1D14M9D53M12D2M3D30M1I6M1I15M4I31M
109	3242	0.355	2.046E-74	8	783	788	4	913	915	101M1I161M6I3M3I9M6D26M9D4M21D31M11D6M6D12M20D4M17D16M11D5M23D36M15D62M2D8M1I8M1I81M3D3M3D35M2D13M2D56M1D33M2I17M4I28M
42	3242	0.350	2.046E-74	3	785	788	0	932	933	4M1I101M1I161M4D1M14I4M7D22M58D68M16D10M13D9M2D13M33D20M13D63M2D7M1I8M1I81M6D39M2D11M9D6M5D48M3D3M1D33M2I17M4I30M
130	3240	0.350	2.277E-74	3	785	788	0	982	983	4M1I101M1I167M10I3M6D13M12D2M52D6M14D25M7D18M2D11M1D21M34D8M20D4M34D29M4D67M2D8M1I8M1I82M6D34M2D15M5D8M2D6M9D10M1D32M7D34M2I17M4I30M
66	3239	0.346	2.402E-74	5	785	788	1	922	923	81M1D23M1I162M10I8M7D7M8D10M7D25M33D14M3D31M32D18M34D11M7D88M2D13M4I4M2D78M6D37M2D13M13D6M1D26M1D24M3D34M2I17M4I30M
31	3238	0.345	2.534E-74	9	787	788	5	969	970	97M1I163M14I5M10D6M27D5M34D7M20D11M32D35M20D26M5D36M5D12M22D4M2D64M2D10M4I3M2D81M3D3M3D36M1D10M17D27M1D3M2D21M1D6M3D34M2I17M4I27M1I4M
36	3232	0.383	3.492E-74	8	785	788	2	810	829	10M2D91M1I54M1I127M3D31M1D24M26D15M2D19M1D89M2D25M2D63M1I3M1I18M1D9M2I9M5D25M2I14M11D35M17I7M3D51M4I18M1D12M
38	3232	0.339	3.492E-74	9	787	788	5	968	969	99M1I161M14I5M10D6M27D5M36D5M22D32M3D16M6D17M6D6M32D6M5D35M16D17M13D61M2D10M4I3M2D82M1I8M7D29M1D12M8D2M9D8M1D43M5D3M1D33M2I17M4I26M1I5M
106	3230	0.339	3.886E-74	9	787	788	5	969	970	97M1I163M14I5M10D6M27D5M34D7M28D16M3D16M10D12M43D21M2D21M15D39M5D63M2D10M4I5M2D79M3D3M3D36M1D11M17D32M3D23M1D1M3D34M2I17M4I27M1I4M
85	3229	0.338	4.100E-74	9	787	788	5	969	970	99M1I161M14I5M10D6M27D5M34D8M22D29M5D16M6D28M44D41M16D12M13D60M2D11M4I5M2D79M3D3M3D36M1D11M17D32M3D23M1D1M3D34M2I17M4I27M1I4M
15	3229	0.340	4.100E-74	3	783	788	35	981	983	106M1I161M11I7M7D8M21D14M47D25M3D8M7D8M12D26M19D15M23D8M10D21M2D7M3D66M2D15M2I82M1I1M6D35M1D13M10D17M4D15M5D9M1D15M4D33M2I17M4I28M
43	3228	0.355	4.325E-74	5	787	788	1	928	931	104M1I162M1I11M93D3M5D6M3D4M11D9M6D9M1D49M6D31M7D34M3D2M2D64M2D7M1I8M1I81M3D3M3D33M2D14M1I23M4D26M2D6M3D34M2I17M4I32M
119	3224	0.334	5.355E-74	3	786	788	0	967	968	4M1I100M1I161M14I5M10D6M27D5M16D4M30D7M16D28M13D12M43D21M1D21M18D38M2D64M2D10M4I5M2D80M6D38M1D11M5D9M15D47M3D34M2I17M4I31M
28	3221	0.341	6.287E-74	9	787	788	5	970	971	97M1I163M14I5M10D6M27D35M3D23M9D10M9D17M14D14M3D2M38D18M15D18M50D63M2D10M4I3M2D81M3D3M3D36M1D11M17D32M3D22M3D3M1D33M2I17M4I27M1I4M
77	3219	0.352	6.996E-74	3	787	788	0	919	925	4M1I101M1I161M9I9M6D14M73D8M1D33M5D30M4D15M4D17M4D7M1D15M38D3M2D63M2D8M1I8M1I81M6D33M2D18M1D56M5D33M2I17M4I32M
39	3218	0.340	7.380E-74	9	786	788	5	964	965	99M1I161M14I6M82D8M1D14M10D22M7D19M6D13M8D8M40D26M18D31M2D64M2D10M4I5M2D79M3D3M3D34M1D13M5D9M15D45M1D3M1D33M2I17M4I31M
25	3216	0.340	8.213E-74	9	787	788	5	969	970	97M1I163M14I5M10D6M27D5M34D7M20D11M32D48M20D13M5D38M16D17M13D61M2D10M4I5M2D79M3D3M3D36M1D11M17D27M3D23M1D6M3D34M2I17M4I27M1I4M
33	3216	0.346	8.213E-74	9	787	788	5	969	970	97M1I163M14I5M10D6M27D5M34D7M5D11M47D54M3D30M1D27M48D2M2D64M2D10M4I5M2D79M3D3M3D36M1D11M17D26M1D3M2D26M1D1M3D34M2I17M4I27M1I4M
6	3215	0.348	8.664E-74	9	787	788	5	969	970	97M1I163M14I5M10D6M27D5M34D7M5D11M8D37M20D37M8D22M15D17M11D3M39D61M2D10M4I3M2D81M3D3M3D36M1D11M17D26M1D9M2D14M1D7M3D34M2I17M4I27M1I4M
64	3212	0.336	1.017E-73	9	786	788	5	967	968	99M1I161M14I5M10D6M63D12M20D18M2D12M4D16M10D4M2D21M16D14M19D27M16D15M13D61M2D10M4I3M2D81M3D3M3D34M1D13M17D51M4D5M3D34M2I17M4I31M
78	3210	0.350	1.132E-73	8	787	788	4	938	940	101M1I161M15I5D4M7D7M19D9M10D21M6D3M4D6M2D23M3D11M23D29M22D17M26D12M27D67M2D7M1I8M1I81M3D3M3D33M2D14M7D24M4D5M6D28M1D33M2I17M4I26M3I3M
83	3209	0.355	1.194E-73	9	785	788	29	946	947	2M1D98M1I170M3I20M66D8M1D19M13D13M27D41M4D40M22D7M2D63M2D8M1I8M1I82M1I8M7D29M2D38M3D28M3D2M1D33M2I17M4I30M
108	3207	0.346	1.329E-73	9	786	788	5	927	928	99M1I163M10I8M17D28M5D6M22D15M36D7M36D29M1D11M17D46M2D63M2D7M1I8M1I82M6D36M1D13M16D56M3D34M2I17M4I31M
22	3206	0.339	1.402E-73	5	786	788	1	957	958	103M1I161M16I4M12D7M6D19M12D16M10D12M13D10M22D14M22D7M37D7M5D35M21D13M8D65M2D10M4I5M2D79M3D3M3D34M1D13M16D26M6D31M1D33M2I17M4I31M
58	3203	0.374	1.645E-73	8	787	788	4	886	889	101M1I170M3I14M7D10M9D7M5D14M23D32M2D17M31D48M16D7M11D62M2D8M1I8M1I82M6D35M2D10M4I50M2D6M3D34M2I17M4I32M
57	3201	0.349	1.831E-73	5	787	788	1	929	931	104M1I161M12I7M9D14M12D3M18D77M1D7M4D4M18D11M16D18M60D8M9D62M2D8M1I8M1I82M6D35M2D14M3D46M2D8M2D3M1D33M2I17M4I26M2D6M
105	3200	0.337	1.931E-73	9	786	788	5	962	963	99M1I161M14I6M82D13M11D31M7D19M5D17M6D10M17D14M9D1M1D39M39D61M2D10M4I5M2D79M3D3M3D36M1D12M5D4M9D51M3D34M2I17M4I31M
75	3199	0.344	2.038E-73	9	786	788	5	969	970	99M1I161M14I5M10D6M27D5M36D7M20D18M7D28M6D38M8D23M13D16M28D4M22D61M2D10M4I3M2D81M6D37M1D13M10D18M11D38M3D34M2I17M4I31M
29	3196	0.343	2.392E-73	9	787	788	5	969	970	97M1I163M14I5M10D6M27D5M34D7M20D27M7D19M6D21M9D4M26D17M9D30M27D6M2D64M2D10M4I3M2D81M3D3M3D36M1D11M17D8M4D23M1I18M1D6M3D34M2I17M4I27M1I4M
86	3192	0.341	2.962E-73	9	787	788	5	969	970	97M1I163M14I5M10D6M27D5M34D7M28D17M24D29M20D26M5D38M16D17M13D60M2D11M4I5M2D79M3D3M3D36M1D11M17D32M3D23M1D1M3D34M2I17M4I27M1I4M
23	3191	0.348	3.125E-73	3	785	788	0	934	935	4M1I101M1I162M10I8M7D6M6D13M9D22M18D5M2D12M3D22M23D5M3D5M11D38M62D77M2D7M1I8M1I81M6D39M2D11M7D29M10D28M1D33M2I17M4I30M
126	3190	0.366	3.296E-73	0	781	788	0	807	808	107M3I166M5I137M5D12M10D65M2D15M2I49M1I28M2D6M2D30M2I14M1D42M14D13M10D3M1D31M4I17M4I26M
5	3186	0.341	4.082E-73	9	787	788	5	969	970	97M1I163M14I5M10D6M27D5M34D7M20D27M7D19M6D21M39D5M5D36M5D12M22D4M2D64M2D10M4I3M2D81M3D3M3D36M1D11M17D26M1D3M2D21M1D6M3D34M2I17M4I27M1I4M
107	3184	0.334	4.542E-73	9	786	788	5	968	969	99M1I161M14I5M10D29M9D5M21D13M58D17M6D21M3D3M50D10M17D37M1D7M2D64M2D10M4I3M2D82M6D38M1D12M10D53M10D2M3D34M2I17M4I31M
34	3184	0.340	4.542E-73	9	787	788	5	969	970	97M1I163M14I5M10D6M27D5M34D7M28D17M24D29M20D26M5D38M16D17M13D60M2D11M4I5M2D79M3D3M3D36M1D11M17D27M3D28M1D1M3D34M2I17M4I27M1I4M
8	3184	0.336	4.542E-73	7	787	788	5	1014	1016	102M1I162M4D17M33D10M2D35M3D12M26D46M37D7M16D10M2D8M46D13M11D72M2D91M4D3M2D32M2D14M5D22M17D15M4D18M19D3M1D35M2I15M4I32M
74	3183	0.349	4.792E-73	14	771	788	4	924	926	95M1I162M10I6M6D7M44D14M1D17M17D13M19D8M12D16M3D18M37D11M10D40M6D63M2D15M2I84M4D54M15D49M1D30M1I6M1I14M1D21M
24	3178	0.345	6.260E-73	9	786	788	5	969	970	97M1I163M14I5M10D6M27D5M34D7M20D18M32D29M27D23M7D23M18D31M2D64M2D10M4I3M2D81M3D3M3D36M1D11M17D26M1D6M2D18M1D6M3D34M2I17M4I31M
53	3177	0.339	6.603E-73	9	786	788	5	963	964	99M1I161M14I7M10D74M24D32M38D7M30D10M26D18M43D63M2D10M4I3M2D81M3D3M3D34M1D13M17D32M5D22M1D3M1D33M2I17M4I31M
127	3173	0.332	8.177E-73	0	785	788	39	1012	1013	109M1I160M14I3M10D11M11D20M5D4M15D16M1I14M8D15M3D42M74D24M57D60M4D4M2I7M4I3M2D79M5D38M1D11M13D56M5D1M3D30M2I21M4I30M
26	3168	0.340	1.068E-72	9	786	788	5	969	970	97M1I163M14I5M10D6M27D5M34D7M52D49M20D23M5D38M16D17M13D61M2D10M4I3M2D81M3D3M3D36M1D11M17D26M1D3M2D20M1D7M3D34M2I17M4I31M
118	3167	0.339	1.127E-72	8	785	788	4	977	978	100M1I162M13I11M71D16M11D22M19D7M5D14M1D27M2D7M15D10M55D33M2D64M2D7M1I8M1I81M5D18M2D20M1D10M14D10M3D16M1D31M6D1M3D30M1I6M1I15M4I30M
92	3161	0.313	1.553E-72	8	782	788	0	1083	1084	101M1I159M3I7M8I4M7D6M6D20M16D55M25D22M31D12M19D16M28D11M92D61M2D99M6D39M1D7M25D20M16D11M28D5M1D7M2D6M16D11M3D32M2I19M4I24M3D3M
59	3152	0.330	2.512E-72	9	786	788	5	981	982	3M1D98M1I159M18I1M14D7M12D9M77D14M22D13M10D23M25D36M42D40M2D64M2D7M1I8M1I81M4D6M1D31M2D13M7D56M3D34M2I17M4I25M2D6M
122	3145	0.347	3.652E-72	13	787	788	8	970	1001	98M1I159M77D16M4D6M15D21M1D16M4D26M1D5M6D7M3D64M6D62M2D8M1I93M6D28M1D7M2D14M8D23M19D8M15D3M19D21M12D31M2I18M1I14M8I14M
96	3125	0.366	1.064E-71	7	787	788	36	947	948	29M2I3M3I65M1I180M1D22M15D8M48D16M3D11M11D13M53D64M1D8M3D65M2I63M1I26M2D5M3D34M2D19M4I8M3D74M2I17M4I23M5D9M
102	3119	0.340	1.466E-71	5	786	788	1	963	964	103M1I161M14I5M10D73M29D13M13D19M48D14M5D12M37D11M28D64M2D8M1I7M1I81M3D3M3D34M1D12M8D22M11D10M6D59M2I17M4I31M
68	3109	0.342	2.501E-71	3	785	788	0	900	901	5M2I5M7I4M3D6M2I75M1I160M14I5M10D9M11D20M5D4M16D14M12D13M4D19M16D8M23D5M6D17M12D33M4D64M2D7M1I8M1I81M5D38M1D11M15D23M4D34M3D30M2I21M4I30M
73	3082	0.339	1.059E-70	27	785	788	2	932	933	84M1I159M9I8M5D10M11D21M22D23M2D26M6D26M89D38M23D63M2D15M2I81M5D49M9D3M2D8M11D46M3D30M2I21M4I30M
65	3081	0.341	1.117E-70	11	787	788	2	878	879	99M1I160M9I6M5D8M74D16M3D20M9D12M44D27M9D14M3D41M1D7M2D63M2D14M3I1M1D81M5D35M41I14M1I9M1I5M3D34M2I17M4I24M1D8M
101	3064	0.332	2.772E-70	4	785	788	15	935	936	105M1I160M17I3M7D13M49D9M4D11M16D7M9D35M20D31M2D32M22D67M4D7M1I8M1I82M17D37M2D7M6D50M1I11M8D30M2I20M4I30M
55	3030	0.352	1.706E-69	9	787	788	5	890	893	101M1I4M1I156M10I8M7D11M42D7M13D18M2D26M19D8M6D22M16D33M30D16M9D64M2D7M1I8M1I9M1I49M1I22M1I8M13I15M4I61M1D4M1D29M1I6M1I9M1I5M4I32M
60	3021	0.311	2.760E-69	15	787	788	9	992	994	20M10D7M3D68M1I159M13I6M9D6M19D3M18D7M50D40M17D9M11D58M17D20M53D63M2D7M1I8M1I78M2D7M3D34M2D11M2D27M1I30M16D33M2I17M4I32M
2	2977	0.363	2.899E-68	0	786	788	0	780	781	6M1D103M2I55M1I104M16I5M4D51M3I23M1I12M2D85M1D27M2D18M1D48M1D11M1D5M2D4M2D13M6D38M6D18M10I18M1I10M6I18M1D3M1I21M1D8M5D8M1I33M
18	2969	0.292	4.445E-68	8	778	788	0	1241	1248	98M1I164M9I9M10D6M32D8M5D7M21D26M48D13M16D28M18D3M4D13M7D11M65D28M8D63M1D7M1I90M3D2M3D35M1D21M137D19M78D28M30D1M1D34M2I17M4I23M
125	2959	0.332	7.586E-68	5	782	788	23	812	813	104M1I164M8I10M7D5M1I43M22D30M5D16M6D15M5D28M2I60M1D7M14I83M6D43M1D6M14I8M4D33M1D34M2I16M4I27M
14	2951	0.368	1.163E-67	7	782	788	83	885	886	104M26I7M3I72M1D55M8I7M21D13M6D15M6D20M1D43M6D12M35D5M9D97M2D99M6D50M3D6M5I7M1D10M23I5M1D34M2I17M4I27M
114	2912	0.334	9.354E-67	8	779	788	4	923	929	101M1I115M1D45M18I1M9D8M2D15M18D18M63D18M55D14M1D40M3D29M2I58M2D4M2D15M2I66M5I5M2D6M7D33M2D13M9D17M9D22M5I12M4D3M2I30M2I19M4I24M
21	2906	0.394	1.289E-66	5	647	788	0	702	745	103M1I110M1D55M10I7M5D58M7D20M14D6M15D9M10D9M6D29M9D72M2D90M1I8M2D4M3D33M2I16M
80	2847	0.328	3.018E-65	46	785	788	1	930	931	63M1I161M106D27M2D24M5D30M10D12M2D12M8D16M21D6M11D34M4D63M2D7M1I8M1I81M5D38M1D12M15D22M4D34M3D30M2I21M4I30M
12	2842	0.416	3.943E-65	8	687	788	1	674	675	98M1I168M7I8M1D106M7D63M1I6M2D29M2I63M2I19M1D47M4I56M
32	2836	0.325	5.434E-65	46	787	788	1	928	929	60M1I164M6I3M101D19M14D67M20D13M5D38M16D17M13D61M2D10M4I3M2D81M3D3M3D35M1D11M17D27M1D3M2D26M1D1M3D34M2I17M4I27M1I4M
84	2821	0.332	1.211E-64	51	785	788	0	928	929	58M1I160M14I5M10D5M71D9M1D8M1D20M6D12M23D14M20D8M7D11M23D5M6D17M11D13M7D20M2D64M2D10M1I5M1I81M5D39M1D14M2D18M6D33M12D3M1D29M2I21M4I30M
104	2814	0.319	1.761E-64	9	787	788	5	937	938	40M32I25M1I163M14I5M10D6M27D5M34D7M5D11M8D37M20D15M6D4M4D9M12D19M1D30M50D63M2D10M4I5M2D79M3D3M3D35M1D11M8D22M6D33M9D3M1D33M2I17M4I25M1I6M
79	2809	0.327	2.301E-64	57	785	788	1	888	889	52M1I161M12I7M9D7M42D11M23D69M18D8M14D11M9D15M20D6M17D78M2D7M1I8M1I81M6D34M2D16M7D24M4D33M7D33M2I17M4I30M
121	2769	0.416	1.951E-63	14	667	788	0	618	619	93M1I182M3D37M2I14M12D28M6I4M51I2M7D23M1D10M2D28M2D64M1I2M1I16M2D14M1D32M2I15M1I25M
9	2663	0.343	5.634E-61	6	787	788	4	621	639	268M20I17M21I21M5I11M137I2M17D51M2I19M1D15M1I26M1I22M1I24M2D30M3D51M4I24M5D9M
103	2652	0.320	1.014E-60	30	785	788	0	885	886	49M4I8M5I7M5I3M2D160M11I1M2D12M12D14M6D10M14D48M2D41M4D11M3D12M18D3M72D60M2D11M1I6M1D81M5D6M1D27M2D43M9D28M4D2M3D34M2I17M4I30M
81	2573	0.308	6.917E-59	43	787	788	7	857	885	65M1I161M14I6M82D13M1D9M18D21M22D21M32D39M3D25M4D16M13D61M2D10M4I3M2D82M6D37M1D13M13I43M50I3M3I19M5D13M
110	2462	0.309	2.609E-56	94	787	788	0	879	880	12M1I163M14I5M10D6M27D5M34D7M5D11M8D37M20D32M8D27M15D18M50D62M2D11M4I5M2D79M6D38M1D13M10D29M2D24M11D3M1D33M2I17M4I27M1I4M
11	2447	0.407	5.817E-56	8	659	788	4	583	596	38M32I31M1I160M14I10M4D34M3I16M3I11M19I26M9I11M6D7M1I23M1D9M2D30M2D63M1I2M1I16M2D15M1D25M4I9M2D12M2I5M2I7M
123	2268	0.355	8.311E-52	48	606	788	0	711	715	61M1I160M14I1M6D5M32D13M9D30M2D26M12D5M31D19M23D27M28D24M16D60M2D8M1I8M1I66M1D15M8D14M
19	2087	0.232	1.321E-47	6	785	788	9	734	735	30M1D14M5D4M3I40M1I12M2I41M1D14M2D3M11D18M1I3M3D27M2D8M3I8M3D37M1I32M3I13M14I27M7I9M3I9M25I12M4I11M2D6M2D42M2D4M1I11M1I9M2D74M6D3M4D35M9I62M2D5M20I17M1D10M5I27M
90	1594	0.209	3.670E-36	3	777	788	0	692	697	7M1I25M1I13M5I54M2I40M5D15M1I23M1I27M13I42M15D25M3I13M19I8M1I22M13I11M6I1M14I15M8I38M3I3M2D10M1I6M4D14M1D6M2D33M1I3M5D10M3I17M2D16M8I26M12I4M2I54M1D16M1D18M1I6M1D9M3I12M1D11M
4	1488	0.209	1.060E-33	7	777	788	1	683	688	7M1D39M4I52M2I37M3D4M2D19M1I19M1I22M4D10M12I37M10I27M1I31M5D51M2I18M7I10M2D7M5I12M1I4M1D11M3I11M3D2M1D20M4D4M3I7M5D29M4D11M3I18M2D11M3I8M7I23M26I8M29I10M4D12M7I11M1I16M1I24M
129	1415	0.187	5.244E-32	15	778	788	1	651	656	20M1I11M35I3M2D4M1D20M2I40M5D15M1I20M1I27M16I5M3D37M23D19M1D15M26I8M5I14M18I15M32I13M4D27M1I8M2I4M2D6M1D9M5D55M4D10M3I17M2D16M12I23M2D4M2D15M1I26M1I12M2I17M1D12M9I6M1I5M1D10M3I24M
99	1163	0.228	3.708E-26	0	515	788	11	448	450	3M1I3M2I26M1I13M5I55M2I37M3D4M1D14M1I23M1I24M1D16M11I31M2D17M3I36M13I19M18I23M30I38M3I9M3D4M1D9M2D21M
17	754	0.176	1.156E-16	13	777	788	3	767	985	21M2I12M1D8M4I49M2I37M3D26M9D19M1I15M13D2M1I7M4D8M2I7M9D30M2I20M3D5M19D29M9D21M12D13M4D50M10D20M1D32M5I9M1D4M12I23M6D11M19I9M6I4M7I13M3I16M26I21M3D53M2I23M6I2M10I20M3D16M
93	615	0.177	1.947E-13	15	402	788	13	392	803	34M7I41M1I11M2I39M3D5M4D11M2I6M1I13M2D26M1I3M4I12M19D30M5I5M8I17M4I23M1I76M
 