130	7010	1.00	0.000E+00	0	982	983	0	982	983	983M
115	5046	0.632	0.000E+00	0	982	983	0	981	982	429M1I16M3I18M3I20M4D16M1I326M2D45M1D105M
43	4857	0.632	0.000E+00	0	982	983	0	926	931	278M1D17M3I57M2I38M2I15M7I19M10I58M2I15M5I30M7I5M1I17M2I245M14I38M2I94M
54	4854	0.628	0.000E+00	0	982	983	0	918	923	281M1D14M3I95M3I19M7I7M4I10M6I15M1I49M14I33M8I8M3I255M14I38M2I94M
42	4841	0.632	0.000E+00	0	982	983	0	932	933	279M1D14M5I35M1I14M8I43M2I11M8I23M6I18M1I15M1I22M2I17M3I29M6I14M1D23M3I233M6I141M
51	4839	0.638	0.000E+00	0	981	983	0	925	932	281M1D14M3I48M2I8M2I42M1I13M7I8M4I10M6I18M1I38M2I15M4I1M1I19M5I17M1I17M2I245M14I38M2I93M
48	4824	0.643	0.000E+00	0	982	983	0	898	899	275M1D19M5I34M1I17M5I35M5I23M7I17M6I18M4I37M6I9M5I10M10I16M10I9M3I250M11I3M6I25M1I101M
45	4819	0.622	0.000E+00	0	982	983	0	922	927	278M1D17M3I45M1I49M3I19M7I7M4I10M6I15M1I26M5D23M14I33M8I8M3I255M14I38M2I94M
109	4808	0.622	0.000E+00	0	981	983	0	914	915	280M1D15M3I57M2I38M1I22M7I4M4I7M6I62M1I4M6I9M1D16M1I14M12I14M5I246M15I37M6I88M
76	4799	0.630	0.000E+00	0	982	983	0	920	925	278M1D17M3I39M1I17M2I42M2I11M7I19M10I58M2I15M5I16M8I13M5I18M2I236M14I47M2I94M
69	4796	0.620	0.000E+00	0	982	983	0	919	924	277M1D18M3I39M7I11M5I33M3I32M4I3M13I24M1D35M1I15M5I29M5I11M1I14M2I233M5D3M19I42M2I94M
82	4780	0.628	0.000E+00	5	982	983	30	946	947	2M1D268M1D23M2I37M1I15M5I54M7I24M6I57M2I15M5I31M3I18M15I239M17I132M
57	4771	0.616	0.000E+00	0	982	983	0	929	931	278M1D17M4I44M1I51M1I16M7I10M2I8M7I60M2I15M5I36M9I17M4I233M12I10M2I36M2I90M4D4M
50	4770	0.630	0.000E+00	0	981	983	0	902	906	278M1D17M3I57M2I36M3I21M10I4M1I11M6I13M4I2M14I6M3I15M2I15M5I33M8I2M1I16M2I245M14I38M2I93M
35	4768	0.613	0.000E+00	0	980	983	0	922	929	273M5D4M4I14M3I55M1I41M2I15M7I17M10I19M3I49M10I25M6I30M2I247M13I37M2I92M
23	4765	0.638	0.000E+00	0	982	983	0	934	935	279M1D18M4I32M1I14M8I38M2I16M8I23M6I18M1I15M1I23M2I11M3I3M2I20M2I9M1I40M2I232M6I143M
56	4763	0.627	0.000E+00	0	982	983	0	926	931	275M2D2M1I17M3I27M2I18M2I53M1I15M10I6M1I10M6I57M2I15M5I4M1I11M1I13M4I8M1I17M2I237M14I46M2I94M
59	4752	0.588	0.000E+00	0	982	983	0	978	982	6M1D483M1D5M3D13M1I27M1D27M6D208M1I54M7I12M7I132M
113	4747	0.615	0.000E+00	0	982	983	0	913	915	278M1D17M3I45M5I9M3I35M1I18M7I15M10I57M6I14M5I37M1I13M10I243M17I38M6I86M4D4M
83	4747	0.634	0.000E+00	7	982	983	32	946	947	273M1D15M4I36M7I77M7I17M6I57M2I14M5I13M3I9M9I27M2I240M17I136M
118	4736	0.592	0.000E+00	0	982	983	0	977	978	295M3I35M1I37M1I25M1I16M1I34M2D40M3D11M1D23M5I54M2I182M2D3M3I13M2D23M1I19M2D27M1I12M3D11M1I103M
16	4733	0.598	0.000E+00	5	981	983	39	977	978	290M3I11M1I29M2I9M3I65M3I25M3I30M2I8M3D14M1I9M3I38M4I11M9I4M3I184M1I37M1I38M1D38M3I95M
41	4731	0.612	0.000E+00	0	982	983	0	921	924	275M1D17M6I38M2I15M1I46M1I12M7I12M5I6M6I18M1I38M2I15M5I12M1I11M1I20M7I242M3I11M14I37M2I91M2D3M
71	4731	0.626	0.000E+00	4	979	983	16	926	934	274M1D17M3I45M1I49M3I19M7I7M4I10M6I15M1I49M14I33M8I8M3I255M14I38M2I91M
44	4730	0.623	0.000E+00	0	982	983	0	881	886	278M1D17M3I31M2I13M17I34M1I21M10I5M1I10M6I17M1I36M6I4M19I12M6I20M1I11M13I240M14I38M2I94M
66	4728	0.624	0.000E+00	0	982	983	0	922	923	82M1D198M1D17M4I32M10I18M7I31M2I11M8I23M6I19M1I5M1I31M2I12M5I14M1I18M2D18M7I13M4I237M6I140M
77	4723	0.614	0.000E+00	0	982	983	0	917	925	278M1D17M3I47M1D13M1D11M3I26M2I28M1D30M16I20M2I10M2I15M5I11M5I16M11I18M2I234M2I10M14I36M2I94M
78	4722	0.621	0.000E+00	0	982	983	0	939	940	280M1D14M4I48M3I50M2I11M8I23M6I18M2I65M8I31M5I245M6I154M
31	4711	0.571	0.000E+00	0	982	983	0	968	970	295M3I49M1I12M1I10M1I28M1I46M2I66M2I25M1I46M1I218M1I12M5D10M4I45M1I102M
3	4709	0.621	0.000E+00	0	982	983	0	881	882	275M2D2M1I17M3I31M2I13M17I34M1I21M10I5M1I10M6I17M1I36M6I4M19I12M6I20M1I11M13I240M14I38M2I94M
46	4704	0.622	0.000E+00	0	979	983	0	917	926	275M1D20M3I45M1I4M1I7M2I42M1I16M10I5M1I10M6I15M15I27M2I15M5I20M5I17M1I17M2I236M4I5M14I38M2I64M12D27M
29	4695	0.574	0.000E+00	0	982	983	0	968	970	295M3I49M1I12M1I10M1I28M1I46M2I40M3D34M5I14M1I46M1I218M1I26M1D45M1I102M
15	4695	0.584	0.000E+00	0	981	983	36	982	983	295M3I11M1I29M2I25M4I47M2I9M1I17M3I39M3D28M4I38M4I7M9I4M2I9M1I175M1I37M1I32M1D58M1I83M
127	4694	0.596	0.000E+00	0	982	983	43	1012	1013	291M3I39M1I37M1I25M1I17M1I33M2D39M3D15M1I9M3I28M1D26M1I21M2I176M1I37M1I46M1I10M1I13M1I102M
5	4693	0.574	0.000E+00	0	982	983	0	968	970	295M3I49M1I12M1I10M1I28M1I46M2I40M3D34M5I14M1I46M1I218M1I26M1D45M1I102M
86	4691	0.570	0.000E+00	0	982	983	0	968	970	295M3I49M1I12M1I10M1I28M1I46M2I42M3D32M5I14M1I46M1I218M1I22M1D49M1I102M
116	4685	0.608	0.000E+00	0	981	983	0	890	893	278M1D17M3I51M10I30M5I21M7I14M10I59M5I7M8I9M12I3M9I30M2I242M17I24M1D14M6I21M1D68M
26	4685	0.574	0.000E+00	0	981	983	0	967	970	295M3I49M1I12M1I10M1I28M1I46M2I40M3D34M5I14M1I46M1I218M1I26M1D45M1I101M
53	4683	0.574	0.000E+00	0	982	983	0	962	964	295M3I73M1I28M1I46M2I40M3I50M1I11M7I28M1I218M1I22M1D42M1I109M
52	4682	0.614	0.000E+00	0	982	983	0	903	913	275M2D2M1I17M3I34M4I11M2I46M1I21M10I5M1I11M6I17M4I32M6I4M19I15M6I35M2I246M14I37M2I94M
24	4682	0.572	0.000E+00	0	982	983	0	968	970	295M3I49M1I12M1I10M1I28M1I46M2I40M3D34M5I14M1I46M1I218M1I20M1D51M1I102M
72	4677	0.595	0.000E+00	0	982	983	0	957	958	291M3I40M1I36M1I25M1I17M1I31M9I23M9D3M6I16M1I8M3I61M1I11M1I3M1I176M1I37M1I46M1I10M1I13M1I102M
25	4675	0.571	0.000E+00	0	982	983	0	968	970	295M3I49M1I12M1I10M1I28M1I46M2I40M3D34M5I14M1I46M1I218M1I26M1D45M1I102M
34	4667	0.570	0.000E+00	0	982	983	0	968	970	295M3I49M1I12M1I10M1I28M1I46M2I42M3D32M5I14M1I46M1I218M1I24M1D47M1I102M
13	4664	0.618	0.000E+00	0	982	983	0	889	894	275M2D2M1I17M3I36M7I46M3I14M2D12M10I12M10I19M1I7M9I30M14I4M1I26M12I5M10I241M14I42M2I98M
75	4651	0.564	0.000E+00	0	982	983	0	968	970	295M3I73M1I28M1I46M2I40M3D31M6I50M3I229M1I22M1D42M1I109M
49	4644	0.615	0.000E+00	0	982	983	0	857	862	275M2D2M1I17M3I31M2I13M17I34M1I21M10I5M1I10M6I14M20I2M5I13M6I4M19I12M6I20M1I11M13I240M14I38M2I94M
61	4642	0.567	0.000E+00	0	982	983	0	931	933	295M3I73M1I28M1I29M1I16M2I42M7I10M20I15M3I8M9I24M3I218M1I23M1D41M1I109M
106	4629	0.575	0.000E+00	0	982	983	0	968	970	295M3I49M1I12M1I10M1I28M1I46M2I39M3D35M5I14M1I46M1I206M1I34M1D49M1I102M
107	4627	0.551	0.000E+00	0	982	983	0	967	969	295M3I49M1I10M1I12M1I28M1I41M2I32M13I3M16D31M5I14M1I47M1I205M1I34M1D35M2I115M
6	4627	0.570	0.000E+00	0	982	983	0	968	970	295M3I49M1I12M1I10M1I28M1I46M2I66M2I25M1I46M1I218M1I26M1D45M1I102M
105	4615	0.566	0.000E+00	0	982	983	0	961	963	295M3I73M1I28M1I35M1I10M2I40M3I50M1I46M1I218M1I34M6I24M1I109M
64	4615	0.559	0.000E+00	0	982	983	0	966	968	295M3I73M1I28M1I31M1I14M2I42M7I11M2I18M2D2M2D18M1D38M3I218M1I23M1D41M1I109M
85	4607	0.568	0.000E+00	0	982	983	0	968	970	295M3I49M1I12M1I10M1I28M1I46M2I40M3D34M5I14M1I46M1I218M1I22M1D49M1I102M
33	4602	0.571	0.000E+00	0	982	983	0	968	970	295M3I49M1I12M1I10M1I28M1I46M2I42M3D16M5I30M1I46M1I218M1I22M1D49M1I102M
111	4596	0.577	0.000E+00	0	982	983	0	936	938	295M3I73M1I28M1I25M35I30M3D32M5I14M1I49M1I215M1I71M1I102M
30	4594	0.557	0.000E+00	0	982	983	0	970	972	295M3I73M1I28M1I46M2I30M14D3M11I27M6I16M1I265M1I24M1D47M1I102M
70	4578	0.590	0.000E+00	0	982	983	0	853	858	278M1D26M16D11M45I33M3I19M7I7M4I10M6I14M40I11M14I33M8I8M3I255M14I38M2I94M
27	4578	0.573	0.000E+00	0	982	983	0	968	970	295M3I49M1I12M1I10M1I28M1I46M2I40M3D34M5I14M1I46M1I218M1I26M1D45M3I8M2D92M
28	4573	0.571	0.000E+00	0	982	983	0	969	971	295M3I49M1I12M1I39M1I46M2I39M3D35M5I14M1I46M1I218M1I26M1D45M1I102M
112	4569	0.553	0.000E+00	0	982	983	0	969	971	295M3I73M1I28M1I46M2I40M3I50M1I46M1I215M1I177M
38	4566	0.568	0.000E+00	0	982	983	0	967	969	295M3I73M1I26M1I21M2I25M2I39M3D32M6I16M1I46M1I218M1I22M1D45M1I106M
58	4551	0.610	5.428E-104	0	982	983	0	884	889	278M1D17M3I45M1I49M3I19M7I7M4I15M16I4M15I10M2I19M14I33M8I8M3I236M7I12M14I38M2I94M
39	4522	0.550	2.560E-103	0	982	983	0	963	965	295M3I73M1I26M1I48M2I29M18D29M21I5M5I51M1I218M1I27M9I5M9D26M2I105M
67	4493	0.559	1.192E-102	5	982	983	6	962	964	290M3I36M1I36M1I26M1I47M2I16M2I40M2I15M1I18M1I46M1I214M1I39M3I16M1I12M1I106M
60	4486	0.546	1.727E-102	5	982	983	1	990	994	10M2D16M10D7M3D296M2I91M2I13M2D48M4D17M1I29M1D23M1I38M4D170M1I61M1I20M6I125M
22	4473	0.544	3.442E-102	0	982	983	0	956	958	296M3I34M1I13M1I10M1I12M1I28M1I35M4I10M7I21M18D29M21I14M1I47M1I217M1I64M1I109M
62	4460	0.542	6.858E-102	0	982	983	0	929	931	295M3I73M1I26M1I19M11I7M25I17M18D29M21I5M5I51M1I218M1I27M9I6M9D25M2I105M
119	4439	0.552	2.089E-101	0	982	983	0	966	968	295M3I49M1I46M3I50M2I39M3D32M6I16M1I46M1I218M1I27M9I5M9D26M1I106M
102	4437	0.536	2.323E-101	0	982	983	0	962	964	295M3I36M1I29M1I33M1I48M2I14M2I22M3I33M5I4M1I35M1I239M1I24M1D19M1D24M1I106M
47	4429	0.570	3.550E-101	0	979	983	0	811	820	275M3D2M2I16M3I57M5I35M2I16M33I22M31I5M20I13M34I14M3I239M3D7M17I17M24I88M
73	4424	0.578	4.628E-101	23	982	983	2	932	933	272M3I35M1I37M1I25M1I16M1I30M7I36M3D11M4I20M5I14M3I28M3I14M1I180M1I35M2I19M4D12M2I34M1I106M
68	4379	0.549	5.034E-100	2	982	983	7	900	901	9M10I7M2I261M3I77M1I25M1I17M1I11M4I6M57I9M1I9M3I252M1I39M1I46M1I24M1I102M
131	4378	0.539	5.308E-100	0	982	983	0	894	896	295M3I73M1I28M1I31M1I14M2I29M18I2M11D9M43I6M17I6M15I214M1I23M1D31M2D120M
108	4370	0.551	8.114E-100	0	982	983	0	926	928	295M3I36M1I36M1I23M2I20M21I5M14I10M2I20M3I84M2I12M1I217M1I64M7I18M2D85M
94	4356	0.551	1.705E-99	0	982	983	0	922	924	295M3I35M1I37M1I27M2I17M28I4M6I11M2I19M3D16M8I13M1I18M1I31M2I12M1I217M1I68M6I100M
79	4288	0.600	6.280E-98	52	982	983	0	888	889	228M1D14M4I48M3I50M2I11M8I22M6I19M2I37M2I15M5I16M1I30M5I20M1D223M6I154M
80	4267	0.587	1.913E-97	42	982	983	1	930	931	249M3I39M1I37M1I25M1I17M1I33M2D45M3D9M1I9M3I61M1D15M2I174M1I39M1I46M1I25M1I101M
55	4247	0.584	5.525E-97	0	982	983	0	888	893	112M1I168M1D13M3I63M1I14M2I16M1I18M7I9M4I11M6I12M1I30M3I11M11I23M1I11M6I12M1I24M4D97M1I49M1I44M32I16M9I7M5I31M2I58M1I35M
65	4196	0.542	8.261E-96	5	982	983	0	876	879	296M1I99M1I20M33I14M10I7M9D17M1I51M1I6M3D207M1I37M10I22M56I78M1D10M
74	4179	0.531	2.035E-95	7	971	983	1	924	926	288M3I34M2I37M1I21M1I35M2I18M2D15M2I16M10D2M2I25M10I8M10I44M10I178M2I31M2I28M2I7M4I22M1I6M1I81M2D14M
84	4156	0.575	6.892E-95	47	982	983	0	928	929	244M3I39M1I37M1I25M1I17M1I33M2D39M3D15M1I9M3I62M5D15M1I176M1I37M1I46M1I10M1I19M1I96M
104	4153	0.547	8.081E-95	0	982	983	0	936	938	43M32I220M3I49M1I12M1I10M1I28M1I41M2I47M3D32M5I14M1I46M1I214M2D3M3I21M1D49M3I15M2D85M
32	4119	0.563	4.904E-94	42	982	983	1	927	929	253M3I49M1I12M1I10M1I28M1I46M2I40M3D34M5I14M1I46M1I214M2D3M3I25M1D45M1I102M
117	3766	0.393	6.628E-86	0	982	983	0	994	1003	5M2D267M3D5M2I13M8I28M9D45M7I92M8I33M17I34M8D25M3I91M1D122M1D17M8D14M4D9M3D21M1D13M6D19M11D85M
110	3744	0.547	2.129E-85	90	982	983	0	878	880	205M3I49M1I12M1I10M1I28M1I46M2I42M3D32M5I14M1I46M1I214M2D3M3I21M1D49M3I8M2D92M
92	3725	0.385	5.831E-85	5	982	983	1	1083	1084	263M4D42M4D14M1I30M3I15M7I24M1D30M3I58M3D26M4D8M7D18M2D12M6D39M20D84M2D123M1I12M45D33M4D28M12D19M6D85M
128	3713	0.396	1.102E-84	5	982	983	6	875	876	263M3D35M25I28M34I5M13I19M4I31M9I5M5I6M9I5M9I48M12I10M10D95M1I7M2D143M4I149M2D4M
81	3541	0.525	1.009E-80	39	897	983	7	881	885	256M3I73M1I26M1I15M4I19M2D10M2I41M2D30M6I16M1I46M1I219M1I17M3D39M29D32M
122	3539	0.354	1.122E-80	0	982	983	0	966	1001	4M1I262M2D21M4I16M10I10M9I15M40I7M26D5M7I34M3I25M1I26M3I8M15I22M2D6M1I26M1D24M3D77M1D116M1D26M1D22M6D29M3D12M28D11M11D62M4I12M3I4M
8	3535	0.364	1.387E-80	0	982	983	0	1010	1016	5M2D263M15D5M4D42M1I13M1I23M2D10M1I10M5I11M2D15M5D49M4I27M8I18M5I84M1D84M2D137M6D7M2D31M2I37M16D78M2I5M
18	3510	0.343	5.223E-80	5	982	983	1	1247	1248	272M5D29M5I62M5D81M2D4M1D31M1D9M4D8M4D73M19D20M13D67M1I15M1D126M1I35M8D6M15D26M128D10M10D2M35D4M26D85M1I5M
101	3451	0.377	1.194E-78	5	975	983	20	928	936	261M1D6M7I11M13I19M2I11M4I32M8I8M6I30M8I23M1I8M8I75M11I50M3D57M2D104M11D55M2I14M5I3M1I27M3I10M2I9M2D77M
103	3428	0.445	4.042E-78	26	982	983	0	885	886	49M4I8M5I8M2I165M5I20M2I23M1D14M2I12M13I34M3I57M3I33M11D22M23I33M10I7M3I7M2I84M2D141M1D15M5I12M2I31M2I96M
114	3352	0.374	2.276E-76	5	981	983	5	928	929	209M1D52M1I5M4I14M5I20M14I27M2I3M1I8M11I14M2I37M2I9M1D52M1I12M6I48M1I20M4D77M2D87M5I16M3D44M1I6M4D16M1I30M13I18M2D83M
126	3260	0.343	2.994E-74	6	977	983	10	806	808	96M2I166M1D9M2I10M4I11M6I18M8I9M55I10M18I21M6I10M24I15M4I17M3I18M43I7M6D134M1I36M2I28M4I18M1D55M4I18M5D37M2I41M
91	3225	0.343	1.916E-73	0	982	983	3	785	788	4M1D101M1D167M10D3M50I21M34I25M3I8M1I9M5I12M1I21M34I8M20I4M34I25M4I71M2I11M1D5M1D82M6I34M2I16M9I4M11I26M4I59M2D17M4D30M
100	3213	0.331	3.621E-73	0	982	983	0	796	806	3M1I263M4I5M6I11M20I33M64I25M11I6M6I8M8I21M15I13M16I10M18I114M1D2M1D81M2D5M4I1M4D35M2D17M8I19M14I19M2I61M1D34M
98	3169	0.331	3.735E-72	0	982	983	8	773	776	105M1D167M7D14M30I5M22I8M29I17M1I10M1I18M29I15M12I15M30I14M20I7M22I74M2I14M1D2M1D75M1I8M6I32M2I13M1D5M9I14M14I13M4I55M2D22M4D27M
124	3111	0.346	8.095E-71	5	975	983	1	710	713	258M3D2M3D8M10D10M39I30M17I8M3D2M27I12M15I18M141I48M1D24M1I18M2D85M1I29M2I24M14I18M18I6M8I50M1D6M1I31M
120	3085	0.348	3.214E-70	0	982	983	2	757	764	102M2I162M7D4M13I9M18I12M16I23M37I34M27I16M25I7M9I4M5I22M3D5M20I8M6I15M3I38M2D34M1D7M1D47M2I18M1D49M4I6M2I15M12I6M36I10M2I8M2I32M1I48M
97	3070	0.332	7.121E-70	0	982	983	21	783	786	105M1D164M11D4M3I10M30I5M22I8M29I7M36I22M5I12M4I7M5I24M10I14M6I4M50I78M3I14M1D2M1D84M6I32M2I16M2D3M10I8M13I24M1I17M4I34M1D16M2D30M
10	3068	0.331	7.918E-70	0	982	983	21	781	784	105M1D167M6D14M30I5M22I8M29I7M36I22M12I7M6I17M11I16M14I13M5I6M10I6M23I74M2I14M3D1M1I84M6I37M2I14M8I10M6I11M8I6M4I22M1I32M2D21M2D28M
88	3038	0.325	3.887E-69	5	982	983	7	748	770	262M4I16M42I11M38I9M28I13M41I27M43I11M18I23M5I45M2D37M3D5M1I48M2I12M1D14M2I7M5I27M3I17M6I8M2I9M2I22M6I62M2D39M4D6M
20	3038	0.322	3.887E-69	5	982	983	7	750	772	264M67I10M27I6M27I10M6D16M3I4M32I20M6I9M17I7M24I23M20I44M2D37M3D5M1I46M2I17M1D18M7I27M3I53M16I62M2D42M4D6M
40	3034	0.321	4.806E-69	0	975	983	1	744	776	104M1D162M66I4M6I8M25I1M3D2M6I35M16I13M31I15M25I24M40I58M2D37M3D5M1I46M2I17M1D11M2I7M5I25M3I55M16I65M2D38M
7	3027	0.329	6.966E-69	0	982	983	0	818	857	5M3D98M1D175M22I11M25I10M33I5M14I26M13I30M1I33M12I11M4I33M2I5M23I8M3I39M2D43M3D46M2I17M1D12M2I9M4I33M2I10M1I3M9I26M4I70M2D49M
95	3024	0.330	8.168E-69	5	982	983	1	714	720	97M2I163M15I9D10M88I19M5I16M8I10M56I12M10I20M2I11M42I11M3D40M2D39M2D51M2I16M1D37M6I46M9I11M31I10M3I31M1I37M1I10M
89	3022	0.326	9.082E-69	5	975	983	7	745	777	99M1D165M28I19M21I7M34I11M14I13M19I9M53I9M15I6M1D22M20I7M6I17M3I39M2D37M3D5M1I48M2I15M1D14M3I3M4I26M3I21M4I9M12I90M2D38M
0	3019	0.325	1.065E-68	0	982	983	8	751	754	105M1D160M20D2M13I6M30I5M22I8M29I7M36I8M13I16M40I25M5I17M44I74M3I13M1D2M1D78M1I7M4I32M2I15M6D2M14I6M5I12M8I30M3I30M2D21M2D30M
63	3009	0.328	1.810E-68	5	975	983	7	745	778	96M1D169M28I9M31I4M3I8M6I5M14I7M27I16M5I5M46I18M32I17M1D23M17I50M2D43M2D46M2I17M1D11M2I7M5I25M3I55M7I12M13I45M2D42M
2	3003	0.330	2.488E-68	4	982	983	9	779	781	102M1I54M1I113M4I12M63I12M44I42M23I19M1I7M12I12M10I12M3I14M30I45M1D41M3D49M1D11M1D6M4D58M5D6M1I8M18I19M9I7M5I6M6I9M3I32M3D11M5D12M3D26M
87	2998	0.325	3.243E-68	5	975	983	7	737	770	96M1D164M4D11M5D11M8I27M16I13M52I23M32I4M2I9M86I8M26I6M3I39M2D42M2D47M2I17M1D11M2I7M5I25M3I55M7I12M13I45M2D42M
96	2972	0.316	1.288E-67	5	982	983	38	940	948	30M5I232M7D19M3I20M3I20M3I9M35I26M2I62M35D11M1D33M4I14M3I16M32I16M1D63M4I14M2D49M1I32M1I57M24I53M1I81M
1	2961	0.312	2.308E-67	0	975	983	0	762	787	265M6D2M35I8M20I15M42I17M27I11M38I28M26I18M1D10M32I33M1D14M2D39M1D3M1D49M2I16M2D14M1I22M4I12M1I7M3I12M14I60M3I31M1D4M2D9M7D6M8D2M3D21M
125	2908	0.307	3.837E-66	5	979	983	27	811	813	260M3D27M12I4M17I10M59I26M1I4M16D3M21I23M14I21M28I25M2I35M7I62M13I130M2I15M4I5M10I14M9I9M8I15M1I71M1I7M
14	2843	0.328	1.205E-64	5	977	983	85	883	886	106M24I3M4I72M1D62M1I12M11I16M1I6M2I10M1I10M9I6M4I5M19I17M3I9M1I46M29I18M20I25M1D121M1D5M1D127M2I10M4D4M13I12M38I89M
37	2838	0.307	1.571E-64	2	982	983	0	814	829	13M2D144M1I105M13D5M4I5M17I12M30I19M51I8M2I9M3I9M26D8M4I16M14I21M28I14M3I7M9I14M17I47M2D40M1D2M1D49M2I16M1D13M1I11M2I22M4I20M2D10M2I5M9I23M14I4M4I42M2D38M2D5M3D4M
36	2801	0.308	1.118E-63	2	982	983	0	807	829	12M2D145M1I105M13D5M4I10M7I24M7I20M73I10M18D4M8I10M4I16M32I23M10I11M23I7M3I22M3I40M2D40M1D2M1D49M2I16M1D13M1I11M2I22M4I18M6D8M2I30M31I41M4D3M2I34M2I9M
123	2755	0.435	1.283E-62	44	785	983	0	713	715	221M1D26M10I21M3I22M1I25M5I46M1D41M5I16M12D1M5I28M11I15M10I22M1I21M6D149M1D23M2D14M
21	2722	0.359	7.382E-62	5	825	983	4	701	745	209M1D51M8D8M7I11M27I26M11I3M27I26M6I35M18I35M11I7M7I19M1I19M9I19M4I82M2D72M1I10M3D3M4I25M4I24M
12	2502	0.321	8.620E-57	5	873	983	2	674	675	271M67I6M50I44M3I27M31I7M4I31M15I29M4I7M1I28M1I6M2D35M1D7M1I4M2I46M2I13M1D16M2I30M12I4M2D13M6I35M1I8M
121	2457	0.310	9.376E-56	11	845	983	1	618	619	258M8D12M1I9M46I10M32I1M20I27M1I3M14D2M5I10M86I14M43I13M1I22M1D11M2D44M2D50M2I13M2D17M2I9M3I21M4I43M
9	2328	0.270	8.776E-53	1	977	983	3	609	639	100M1D174M143I18M64I7M21I8M50I14M12D3M6I6M70I45M2I17M1D14M4I4M3I25M3I53M20I59M2D44M
11	2139	0.313	1.980E-48	0	831	983	0	580	596	42M32I201M6D16M8I10M3I11M12I17M37I15M24I11M5I4M52I9M75I13M5I25M1D10M2D41M1D5M1D49M2I16M2D14M2I8M3I22M4I29M
19	1769	0.214	6.591E-40	5	982	983	12	734	735	28M1D16M2D44M1I9M1I44M1D11M5D4M8D20M1I3M3D27M2D58M9D5M123I30M4I13M27I8M16I10M4I8M4I5M14I6M46I5M4I12M2D6M2D47M1I13M1D5M2D82M4D35M1I4M4I18M9I10M10I6M6I30M21I21M1D8M1I29M
90	1306	0.157	3.044E-29	0	973	983	0	690	697	4M1I2M1D26M1I13M5I53M1I41M5D16M1I21M1I21M1D6M13I6M1I34M1D5M25D4M144I6M20I18M6I36M21I1M12I15M48I38M3I3M2D10M1D22M5D38M1I3M5D10M3I15M2D19M14I21M1I7M38I26M2D30M1I4M1I10M1D12M1D10M1D15M1D16M
4	1255	0.154	4.551E-28	0	973	983	0	682	688	3M2I5M1D38M4I53M1I38M3D5M2D17M1I19M1I20M1D3M3D9M12I47M17I29M5I4M13I14M12I6M102I11M8I29M2I13M35I63M3I11M3D2M1D8M2I11M5D8M3I8M6D23M2D8M2D3M3I17M2D12M9I6M3I16M2I13M83I16M1D2M6I13M3D25M3D17M
129	1132	0.162	3.099E-25	10	970	983	0	646	656	23M1I9M35I3M2D4M1D17M1I42M3D5M2D13M1I21M1I19M1D8M13I6M1I34M1D3M3D7M119I7M19D8M6I7M22I8M15I18M14I6M21I7M1I12M49I6M5I28M1I8M2I4M2D6M1D8M1D10M3D11M1D35M4D10M3I15M2D16M8I6M3I16M7I11M1D8M21I40M6I18M9I3M1D16M1D6M1D13M1D15M
99	950	0.278	4.822E-21	5	350	983	17	362	450	28M1I11M5I52M1I41M3D3M1D14M1I23M1I29M4I7M6I34M1D4M14D31M1I24M1D25M
17	807	0.161	9.485E-18	9	911	983	3	909	985	22M2I20M3I19M1I4M1D26M1I38M2D3M1D21M9D19M1I18M12D7M1D15M10D30M20D2M3I30M16D16M2D13M1D54M3I37M4D25M1D41M4D54M1D27M4I53M5I3M5I13M2I15M1D15M1D10M6D20M58I44M3I71M2D27M
93	686	0.157	5.809E-15	11	642	983	13	773	803	34M7I41M1I12M1I38M4D2M3D16M2I4M1I13M2D29M4I6M2I6M20D31M2I13M4D38M2D18M3D41M1I5M107D12M1I37M2D25M2I50M9D19M5D12M1I44M5D31M1D7M13I10M
 60	7100	1.00	0.000E+00	0	993	994	0	993	994	994M
59	5583	0.794	0.000E+00	9	993	994	12	981	982	20M8I6M5I299M2D229M3D273M7I138M
115	4544	0.565	0.000E+00	1	990	994	5	981	982	11M2I15M10I7M3I295M2D96M4I37M3I78M1I14M3I205M1D58M3D16M1D13M5D16M1D103M
130	4494	0.552	0.000E+00	9	990	994	11	982	983	20M10I7M3I296M2D91M2D13M2I48M4I17M1D29M1I23M1D38M4I170M1D61M1D19M6D126M
65	4457	0.595	0.000E+00	9	993	994	6	878	879	20M8I6M5I262M1I35M2D62M1I29M40I7M5I6M7D66M2I263M59I108M
16	4383	0.541	4.161E-103	9	989	994	45	977	978	20M10I7M3I256M3I13M1I32M1I15M1I2M1I56M3D10M4I9M5I25M2I18M1I20M3I15M5I31M5I22M10I208M1I16M1D11M1D20M6D20M3I96M
118	4379	0.536	5.177E-103	1	990	994	5	977	978	5M2I21M10I7M3I256M3I31M1D39M1I24M1I18M5D18M4I59M1I20M3I15M1I67M5I187M2D21M1I16M3D31M5D10M2D110M
15	4345	0.533	3.314E-102	9	989	994	47	982	983	20M10I7M3I256M3I13M1I22M3I26M1I56M3D10M3I5M6I49M1I20M3I15M3I9M12I9M2I18M1D15M4I209M1I16M1D14M1D17M6D28M1I90M
75	4331	0.517	7.119E-102	1	991	994	5	969	970	5M2I21M10I7M3I256M3I39M2D31M1I24M1I36M1I7M1I66M2I62M1I21M2I4M8I169M1D39M1I16M2D23M1D4M5D25M1I99M
127	4316	0.529	1.615E-101	0	990	994	47	1012	1013	6M2I21M8I6M5I257M3I31M1D39M1I24M1I18M1D81M1I21M3I81M6I208M1I16M2D67M2D84M
72	4310	0.535	2.241E-101	9	990	994	11	957	958	20M10I7M3I256M3I39M1D31M1I24M1I18M5D16M1D28M16I9M8D3M9I21M3I35M1I46M6I208M1I16M6D34M1I20M1I95M
38	4287	0.510	7.869E-101	1	991	994	5	968	969	5M2I21M10I7M3I256M3I39M2D31M1I28M1I18M4D9M9I3M5I10M8I32M13D77M1I21M2I4M8I170M1D38M1I12M2D14M6D49M1I92M
31	4287	0.518	7.869E-101	1	991	994	5	969	970	5M2I21M10I7M3I256M3I70M1I28M1I16M2I153M1I21M2I4M8I169M1D31M1I26M2D23M6D34M1I92M
24	4272	0.523	1.785E-100	9	991	994	11	969	970	20M8I6M5I257M3I70M1I28M1I42M2I127M1I21M2I4M8I169M1D31M1I24M2D25M6D34M1I92M
105	4271	0.512	1.885E-100	1	991	994	5	962	963	5M2I21M10I7M3I256M3I39M2D31M1I24M1I35M3I78M2I9M1D43M1I26M2I4M8I169M1D39M1I168M
86	4268	0.518	2.221E-100	1	991	994	5	969	970	5M2I21M8I6M5I257M3I70M1I28M1I31M2I138M1I21M2I4M8I169M1D31M1I24M2D25M6D32M1I94M
33	4267	0.521	2.345E-100	1	991	994	5	969	970	5M2I21M10I7M3I256M3I70M1I28M1I18M6D14M3I23M5I108M1I21M2I4M8I169M1D31M1I24M2D25M6D34M1I92M
30	4264	0.515	2.763E-100	9	991	994	11	971	972	20M10I7M3I256M3I39M2D31M1I28M1I32M1I28M1I14M15I4M14D17M1I31M1D27M1I24M9I171M1D31M1I21M2D28M6D29M1I97M
26	4263	0.517	2.918E-100	1	990	994	5	969	970	5M2I21M10I7M3I256M3I70M1I28M1I18M6D14M3I23M5I108M1I21M2I4M8I169M1D31M1I24M2D25M6D32M1I90M1D3M
106	4262	0.518	3.082E-100	1	991	994	5	969	970	5M2I21M10I7M3I256M3I70M1I28M1I29M7I6M1I12M8I33M9D14M3I45M1D8M2I37M2I169M1D31M1I24M2D25M6D32M1I94M
29	4260	0.518	3.437E-100	1	991	994	5	969	970	5M2I21M10I7M3I256M3I70M1I28M1I18M6D14M4I4M4I127M1I21M2I4M8I169M1D31M1I24M2D25M6D32M1I94M
61	4259	0.508	3.630E-100	1	991	994	5	932	933	5M2I21M10I7M3I256M3I39M2D31M1I28M1I19M5D13M4I4M4I48M11I28M8I14M11I17M11I7M8I169M1D39M1I16M2D25M6D27M1I99M
6	4259	0.517	3.630E-100	1	991	994	5	969	970	5M2I21M10I7M3I256M3I70M1I28M1I28M1I38M1I103M1I21M5I3M5I170M1D31M1I24M2D31M6D26M1I94M
5	4246	0.517	7.383E-100	1	991	994	5	969	970	5M2I21M10I7M3I256M3I70M1I28M1I18M6D14M4I4M4I127M1I21M2I4M8I169M1D31M1I24M2D25M6D34M1I92M
107	4244	0.497	8.236E-100	1	991	994	5	968	969	5M2I21M8I6M5I257M3I70M1I28M1I32M1I28M1I18M16D8M2I34M11I5M3I28M1I25M10I170M1D30M1I24M2D31M2D7M1D25M1D89M
67	4242	0.518	9.186E-100	9	991	994	12	963	964	20M8I6M5I257M3I39M1D31M1I31M1I15M6D39M10I50M1I53M1I20M4I5M6I167M1D34M1I20M2D26M1D36M1I92M
25	4237	0.513	1.207E-99	1	991	994	5	969	970	5M2I21M10I7M3I256M3I70M1I28M1I29M7I6M1I12M8I33M13D48M1D27M1I21M2I4M8I169M1D31M1I24M2D25M6D41M1I85M
112	4233	0.505	1.502E-99	1	991	994	5	970	971	5M2I21M8I6M5I257M3I39M2D31M1I28M1I31M3I6M3I45M4D7M1I75M1I21M2I4M8I169M1D31M1I22M1D33M7D26M1I94M
53	4227	0.512	2.084E-99	1	991	994	5	963	964	5M2I21M10I7M3I256M3I39M2D31M1I28M1I18M6D12M1D28M9I28M1I65M1I6M2I7M5I11M5I3M5I169M1D40M1I16M2D21M1D23M4D108M
34	4226	0.519	2.201E-99	1	991	994	5	969	970	5M2I21M10I7M3I256M3I70M1I28M1I31M2I138M1I21M2I4M8I169M1D31M1I24M2D25M6D41M1I85M
27	4223	0.519	2.593E-99	1	991	994	5	969	970	5M2I21M10I7M3I256M3I70M1I28M1I42M2I127M1I21M2I4M8I169M1D31M1I24M2D25M6D37M1I89M
85	4219	0.511	3.225E-99	1	991	994	5	969	970	5M2I21M10I7M3I256M3I70M1I28M1I28M8I19M8I33M13D18M1D57M1I21M2I4M8I169M1D31M1I24M2D25M6D34M1I92M
64	4211	0.507	4.992E-99	1	991	994	5	967	968	5M2I21M10I7M3I256M3I39M2D31M1I28M1I18M5D12M1D24M9I32M1I9M2I64M1I18M2I7M8I169M1D39M1I16M2D25M6D27M1I99M
28	4206	0.521	6.560E-99	1	991	994	5	970	971	5M2I21M10I7M3I256M3I99M1I32M1I34M1I103M1I21M2I4M8I169M1D31M1I24M2D25M6D32M1I94M
78	4197	0.513	1.072E-98	1	993	994	5	938	940	11M2I15M10I7M3I242M1D11M4I57M1I43M2I16M2I14M12I15M2I28M4I17M1I38M7I14M1I30M7I167M1D53M2D24M1I122M4I6M
39	4187	0.498	1.851E-98	9	991	994	11	964	965	20M10I7M3I256M3I42M2D26M1I26M1I35M3I5M5I11M7I19M1I11M19D10M7I13M3I45M1I21M2I4M8I169M1D39M1I16M2D11M14D8M9I31M2I91M
68	4183	0.523	2.303E-98	25	990	994	18	900	901	10M8I3M3I256M3I39M2D31M1I24M1I17M3I11M17I13M6I18M8I9M1I9M28I56M4I6M6I207M1I23M6D48M1I95M
111	4172	0.504	4.200E-98	1	991	994	5	937	938	5M2I21M8I6M5I257M3I39M2D31M1I28M1I18M27I10M8I108M1I25M10I169M1D39M1I16M2D7M5D52M1I92M
80	4169	0.556	4.947E-98	53	990	994	1	930	931	252M3I37M1D33M1I29M1I13M3D7M2D11M4I59M1I20M3I47M1D35M6I208M1I16M2D7M2D20M2D28M1I95M
73	4169	0.517	4.947E-98	25	990	994	2	932	933	9M4I5M5I254M3I34M1D39M1I24M1I20M5D16M4I4M4I14M5I42M4I29M6I35M6I17M4I207M2I13M8D7M1D63M1I84M
94	4154	0.495	1.122E-97	9	991	994	11	923	924	20M10I7M3I253M3I37M1D36M1I19M2I21M3I13M33I17M13D9M2I16M15I46M7I27M6I169M1D38M1I17M1D29M2I36M2D85M
77	4154	0.504	1.122E-97	1	993	994	5	922	925	11M2I15M8I6M5I237M1D22M3I35M1D62M2I27M17I16M1I27M2D9M5I8M1I15M5I34M17I19M5I169M1D60M1I18M8I28M2I85M2D8M
54	4148	0.499	1.557E-97	1	993	994	5	921	923	11M2I15M8I6M5I230M9D4M8I17M3I39M2D48M3I36M17I32M1I13M12I24M5I12M2I20M6I28M7I169M1D56M7I44M1I10M1I91M
45	4144	0.501	1.938E-97	1	993	994	5	925	927	11M2I15M8I6M5I228M10D5M9I17M3I39M1D48M3I36M17I67M1I39M4I28M23I169M1D56M7I44M1I10M1I91M
42	4141	0.511	2.282E-97	1	990	994	5	932	933	11M2I15M10I7M3I238M1D16M1I10M4I31M7I51M2I16M2I12M12I15M4I14M2D14M4I17M1I8M2I49M3I27M10I164M1D53M1D155M
62	4139	0.489	2.546E-97	1	991	994	5	930	931	5M2I21M10I7M3I256M3I42M2D26M1I26M1I20M23I17M13I13M14D71M20I20M2I4M8I169M1D39M1I16M2D11M14D8M9I31M2I91M
76	4136	0.500	2.999E-97	1	993	994	5	923	925	11M2I15M8I6M5I228M10D5M9I17M3I31M1D19M2I44M2I31M17I51M4I8M1I15M5I19M3I18M2I7M5I4M9I177M1D58M1D21M8I20M1I7M1I94M
119	4127	0.500	4.903E-97	9	991	994	11	967	968	20M8I6M5I257M3I39M2D29M1I26M3I33M3I5M5I11M8I30M14D15M2I34M1D27M1I21M2I4M8I169M1D39M1I16M2D9M8I4M13D38M1I92M
43	4116	0.489	8.939E-97	1	993	994	5	929	931	11M2I15M8I6M5I228M10D5M9I17M3I92M2I35M17I85M2I28M17I22M5I169M1D56M3D19M1D1M11I20M1I10M1I91M
131	4114	0.496	9.971E-97	1	991	994	5	895	896	5M2I21M10I7M3I256M3I39M2D31M1I28M1I18M49I25M16I23M3I6M12I5M11D3M4I17M11I7M8I169M1D39M1I16M2D23M2D12M7D27M1I89M
35	4113	0.505	1.053E-96	1	993	994	5	928	929	5M2I21M8I6M5I228M12D6M11I14M3I36M1D56M2I32M17I25M2I26M9I18M5I40M7I25M5I169M1D54M1D22M7I24M1I10M1I83M1D8M
82	4105	0.509	1.630E-96	9	990	994	37	946	947	20M10I7M3I227M12D6M11I16M2I33M1D9M5I68M1I12M12I47M4I17M1I29M1I13M5I10M21I185M1D54M1D21M11I121M
108	4103	0.499	1.818E-96	9	991	994	11	927	928	20M10I7M3I253M3I45M1D28M1I20M2I27M21I23M10I2M10D22M3D26M12I11M1I35M13I5M6I168M1D40M1I16M2D7M5D50M5I90M
113	4102	0.488	1.920E-96	1	990	994	5	914	915	5M2I21M8I6M5I228M10D5M9I25M3I35M3I9M3I31M1I36M17I54M9I28M2D28M3I13M11I8M8I169M1D73M10I24M1I4M5I85M5D5M
69	4102	0.502	1.920E-96	1	993	994	5	922	924	11M2I15M10I7M3I227M10D5M9I17M3I42M9I3M1I32M3I36M17I26M1D28M4I24M5I12M1I12M10I9M2I29M1D169M1D53M6D11M3I9M10I21M1I10M1I91M
109	4100	0.499	2.142E-96	1	989	994	5	914	915	11M2I15M8I6M5I244M1D15M3I97M1I14M2I16M15I52M4I24M5I39M14I14M8I169M1D56M8I47M6I89M
52	4099	0.498	2.262E-96	1	992	994	5	905	913	11M2I15M10I7M3I227M10D5M9I17M3I26M2I22M2I48M1I25M17I13M4I37M9I8M20I21M7I26M5I12M1D169M1D54M5I5M2I41M1I10M1I90M
56	4096	0.512	2.664E-96	1	993	994	5	929	931	11M2I15M10I7M3I227M10D5M9I17M3I50M2I45M1I28M17I47M4I15M1I8M5I11M1I13M11I15M2I29M1D169M1D56M1D23M8I20M1I7M1I94M
23	4094	0.509	2.972E-96	1	990	994	5	934	935	11M2I15M10I7M3I241M1D24M4I31M7I48M2I19M2I9M7I5M5I33M2I10M4I17M1I8M2I43M8I29M6I2M2D165M1D54M1D154M
102	4084	0.479	5.131E-96	1	991	994	5	963	964	5M2I19M10I9M3I256M3I39M1D26M1I36M1I42M2I13M2I25M6I61M1I30M1I12M9I169M1D31M1I20M7D22M2D41M1I92M
22	4083	0.478	5.419E-96	9	991	994	11	957	958	20M10I7M3I258M3I29M1D21M2I16M1I24M1I12M24I22M8I38M19D47M1D24M4I25M7I169M1D31M1I20M7D63M1I92M
71	4081	0.504	6.044E-96	9	990	994	23	933	934	20M8I6M5I228M10D5M9I17M3I39M1D48M3I29M2I11M4I3M11I46M5I8M13I17M16I50M1D169M1D56M7I44M1I10M1I83M4D5M
84	4077	0.551	7.520E-96	58	990	994	0	928	929	247M3I31M1D39M1I24M1I18M3D5M2D13M4I59M1I49M3D56M6I208M1I33M2I15M7D21M1I95M
3	4073	0.499	9.356E-96	1	990	994	5	881	882	11M2I15M8I6M5I228M10D5M9I17M3I43M17I40M1I25M17I20M1I33M9I16M6I6M1I4M16I13M2I4M11I13M7I169M1D56M7I44M1I10M1I88M
13	4070	0.499	1.102E-95	1	993	994	5	892	894	11M2I15M10I7M3I227M10D5M9I25M3I29M5I47M1I40M20I6M4I19M6I4M8I52M10I16M18I4M8I169M1D56M1D23M8I18M2I103M
51	4069	0.498	1.164E-95	1	992	994	5	931	932	11M2I15M8I6M5I228M10D5M9I17M3I50M2I41M1I25M2I9M15I51M5I10M1I13M5I18M13I44M1D169M1D58M1D21M8I20M1I10M1I83M3D7M
41	4063	0.500	1.615E-95	9	993	994	11	922	924	20M8I6M5I228M10D5M9I12M6I56M1I34M1I29M2I7M16I31M1I59M4D22M1I21M26I169M1D73M10I24M1I13M1I88M
66	4060	0.495	1.903E-95	1	990	994	5	922	923	11M2I15M10I7M3I41M1D188M1D36M4I36M8I8M7I30M2I16M2I12M12I15M6I47M1I7M2I11M5I28M1I34M11I165M1D52M3D10M1I14M1I129M
50	4056	0.495	2.367E-95	1	992	994	5	905	906	11M2I15M8I6M5I228M10D5M9I17M3I96M3I27M17I13M9I20M3I6M14I17M5I9M12I22M2D27M5I169M1D57M5I13M2I30M1I10M1I90M
48	4055	0.493	2.500E-95	1	990	994	5	898	899	11M2I15M10I7M3I227M12D6M11I12M5I38M4I54M5I15M1I13M12I16M2I14M2I12M4I47M4I5M24I18M4I6M5I169M1D53M3D13M13I28M1I99M
44	4048	0.496	3.664E-95	1	993	994	5	884	886	11M2I15M8I6M5I228M7D10M6I15M3I43M17I37M1I28M17I20M1I33M9I9M41I35M2I182M1D55M7I57M2I88M
32	4040	0.528	5.671E-95	53	991	994	1	928	929	252M3I70M1I28M1I16M2I13M5I19M5I2M4I28M16D20M2I55M1I21M2I4M8I168M1D41M1I15M2D25M6D34M1I92M
83	4040	0.506	5.671E-95	9	990	994	36	946	947	20M10I7M3I227M12D6M11I16M2I8M2I23M5I73M1I16M12I47M4I17M1I38M18I34M5I169M1D56M3I4M1I17M6I120M
57	4037	0.512	6.681E-95	9	993	994	11	928	931	20M10I7M3I237M1D28M4I24M1D57M1I31M12I3M3I8M1I33M1D14M6I17M5I25M7I20M3I20M7I169M1D54M1D21M8I24M1I10M1I91M
49	4025	0.486	1.287E-94	1	993	994	5	860	862	11M2I15M8I6M5I228M10D5M9I17M3I43M17I40M1I25M36I17M45I15M1I7M10I34M2I181M1D56M7I44M1I7M1I94M
46	4013	0.488	2.477E-94	1	992	994	5	925	926	11M2I15M8I6M5I228M10D5M9I17M3I50M2I41M1I25M2I9M15I14M2I14M4I15M14I17M5I38M6I6M1I19M5I169M1D76M11I20M1I10M1I58M12D27M3D5M
116	4006	0.490	3.631E-94	1	991	994	5	892	893	5M2I21M8I6M5I228M10D5M9I25M3I24M5I12M3I36M5I33M17I54M8I10M8I19M21I4M2I12M1D19M5I170M1D55M3I17M7I29M5I24M1D67M
74	4003	0.505	4.277E-94	9	959	994	5	902	926	20M8I6M5I254M3I73M1I27M1I15M5D19M2I5M3I37M12D9M3I34M13I26M8I15M19I167M1I29M2I22M3D18M2I21M1I24M1I57M
79	3957	0.525	5.273E-93	64	990	994	1	888	889	227M1D11M4I57M1I43M2I16M2I12M12I17M2I28M4I17M1I25M8I53M2D5M8I165M1D52M5D8M3I14M1I129M
70	3938	0.470	1.488E-92	1	993	994	5	856	858	11M2I15M8I6M5I228M10D5M9I25M25I16D12M18I27M3I36M17I13M5I12M7I23M10I31M41I11M9I169M1D56M7I44M1I10M1I91M
58	3896	0.488	1.475E-91	1	993	994	5	887	889	11M2I15M8I6M5I228M10D5M9I17M3I39M1D48M3I27M46I23M12I15M3I23M16I50M1D169M1D68M3I5M11I20M1I10M1I91M
47	3850	0.474	1.818E-90	1	991	994	5	819	820	11M2I15M10I7M3I227M13D2M12I25M3I23M3I58M2I34M5I3M9I12M24I5M69I6M1I6M14I17M6I169M1D56M1D23M8I6M24I85M4D6M
104	3834	0.491	4.356E-90	9	990	994	11	937	938	20M10I7M3I5M32I219M3I70M1I28M1I18M6D14M4I4M4I127M1I21M2I4M8I169M1D40M1I11M2D35M2I34M7D81M1D3M
55	3724	0.476	1.769E-87	9	993	994	11	891	893	20M8I6M5I75M1I168M1D23M3I25M1D42M2I12M1I36M17I41M6D2M14I9M1I10M9I38M1I28M7I96M1I48M1I25M1D14M20I7M6I17M13I30M1I14M1I48M1I38M
110	3665	0.512	4.437E-86	101	991	994	0	879	880	204M3I70M1I28M1I30M6I52M4D83M1I21M2I4M8I168M1D41M1I15M2D11M4D16M2D35M1I89M
92	3503	0.364	3.083E-82	0	991	994	0	1083	1084	12M2I15M8I6M5I231M4D18M3D59M4D23M2D4M3D28M1D18M1I32M1D37M1D86M1I27M15D85M2D88M1D37M1I10M44D21M4D32M20D21M6D79M1I4M
117	3483	0.357	9.190E-82	9	993	994	13	997	1003	20M8I6M5I232M10D1M9I16M8I26M6D42M10I44M15I15M2I15M4I90M5D33M3I86M1D87M1D38M1D12M11D5M2D50M26D17M1D86M
128	3452	0.361	4.994E-81	1	990	994	6	875	876	11M2I15M10I7M3I228M2I10M5D14M15I30M13I9M54I16M5I21M5I11M21I22M2I17M2I42M10D19M8I76M1I7M2D89M1D56M3D140M2D7M
81	3449	0.528	5.883E-81	43	878	994	0	821	885	262M3I39M2D31M1I28M1I18M4D12M2D23M10I23M1I8M1I75M1I20M2I5M8I168M1D41M1I11M2D16M2D20M2D7M
103	3377	0.413	3.000E-79	53	990	994	16	885	886	33M4I10M5I5M2I170M5I16M2I13M1D36M13I40M3I29M5I25M6I25M16D22M8I16M22I27M4I8M8I80M2D90M1D50M2D16M1D45M5I6M1D84M
101	3351	0.349	1.241E-78	1	984	994	20	929	936	11M2I15M10I7M3I227M1I8M5I21M7I47M27I18M15I25M2I24M1I77M3I3M1I28M7I19M2I5M2D58M2D103M9D4M3D57M1I38M3I99M
122	3344	0.338	1.819E-78	2	993	994	5	969	1001	10M2I15M8I6M5I230M2D21M1D10M5I5M10I10M5I24M25D17M7I28M1I14M16I15M4I24M5I9M6I38M21I10M1I24M11I79M1D85M1D31M1D22M11D6M1D21M21D23M16D14M5D8M2D64M1I8M6I7M
8	3291	0.335	3.286E-77	3	993	994	9	1015	1016	9M2I15M10I7M3I230M18D5M1D37M1I61M5I2M1D63M1I11M3I52M2D21M1D38M1I9M4I17M9I62M2I8M2D9M2D89M1D49M9D43M3D26M17D87M
18	3169	0.309	2.570E-74	0	989	994	0	1247	1248	12M2I15M8I6M5I229M5D38M13D32M2D55M4D29M3D10M1D28M1I24M6D36M1D51M10D102M1I14M1D82M1I4M2D37M1I13M7D10M70D23M23D9M63D11M52D8M13D11M1D82M
126	3162	0.331	3.767E-74	9	986	994	15	807	808	20M8I6M5I65M2I165M10I9D15M47I8M2I17M17I7M24I13M45I11M3I5M9I13M12I24M1I15M4I13M7I10M1D136M1I36M1I28M4I20M2D22M1I27M3D19M5D36M2I42M
114	3134	0.332	1.738E-73	9	989	994	11	928	929	20M8I6M5I177M1D57M5I16M5I52M11I12M9I23M1I24M4I4M4I24M1D40M3D43M3I17M6I28M6I59M2D85M14I12M13D85M4I27M2D85M
100	3071	0.308	5.422E-72	1	993	994	4	798	806	11M2I15M10I7M3I229M10I15M28I5M60I12M2I22M20I13M7I21M15I21M11I57M20I80M1D2M1D90M3D22M3I11M5D15M3I41M14I58M1D29M1I8M
91	2995	0.314	3.440E-70	9	992	994	15	787	788	20M10I7M3I68M1D160M109I2M12D11M9I7M9I4M48I22M2I15M2I26M1I24M11I37M2I64M2I10M1D5M1D77M2I8M3I34M2I11M2I21M12I34M2I3M1I33M2D17M4D32M
96	2947	0.309	4.730E-69	0	992	994	37	942	948	6M2I21M10I4M8I227M16D16M5I50M1I6M7I20M9I15M9I19M39I20M6I6M35D17M1I7M16I18M6I10M2I24M2D3M7I2M9D63M4I14M2D49M1I105M1D10M3I13M7I5M9I91M
98	2905	0.301	4.688E-68	9	992	994	19	775	776	20M10I7M3I68M1D160M109I4M10D16M13I15M51I10M5I4M22I25M4I12M3I46M3D66M2I13M1D2M1D76M3I8M3I34M2I13M3I11M9I15M1I19M5I8M1I32M2D22M4D29M
7	2901	0.307	5.832E-68	3	993	994	10	821	857	9M2I15M10I7M3I65M1D162M7D13M3I15M1I19M4I12M18I9M23I27M3I19M54I11M5I42M28I6M15I6M10I38M2D43M3D46M2I17M1D13M7I6M2D32M2I13M9I33M1I27M3D34M2D52M
124	2863	0.318	4.645E-67	0	981	994	0	708	713	12M2I15M10I7M3I224M3D3M3D6M101I5M7D12M29I11M34I21M6D17M32I8M6I5M9I14M33I36M1D25M1I18M2D113M2I25M25I30M8I44M1D6M1I29M
120	2862	0.314	4.906E-67	9	993	994	13	763	764	20M10I7M3I64M2I163M8D23M9I7M4I20M1I6M26I10M14I18M11I13M14I13M11I11M54I18M10I8M16I11M12I40M2D34M1D7M1D47M2I18M1D15M4D8M3I23M6I16M13I13M7I8M24I7M1I32M1I42M3D9M
89	2840	0.285	1.631E-66	9	993	994	13	758	777	20M10I7M3I66M1D171M53I11M2I10M26I28M11I11M20I10M21I4M48I13M13I23M13I6M10I38M2D43M2D46M2I18M1D12M6I32M3I19M1I2M8I93M2D44M3D8M
97	2831	0.294	2.666E-66	9	993	994	32	785	786	20M10I7M3I68M1D159M16D2M42I16M60I11M67I15M22I69M2I9M10I11M7I62M3I13M1D2M1D83M5I36M2I12M3D7M12I9M2I9M2I27M6I34M1D16M4D6M2I15M1I9M
40	2829	0.289	2.974E-66	9	993	994	12	757	776	20M10I7M3I66M1D174M8D14M42I19M9I10M26I25M8I5M47I2M18I25M65I5M10I38M2D43M2D46M2I18M1D12M6I28M3I23M9I99M2D40M3D8M
10	2828	0.299	3.141E-66	1	992	994	26	783	784	11M2I15M10I7M3I68M1D159M15D4M119I12M9I14M51I23M5I46M9I10M10I22M9I62M2I14M3D1M1I81M5I38M2I14M3I28M6I7M1I16M10I32M2D19M4D6M2I24M
88	2809	0.292	8.864E-66	1	993	994	7	750	770	11M2I15M10I7M3I229M10I12M46I15M26I11M14I7M4I9M12I6M20I27M2I19M86I8M4I41M2D37M3D5M1I46M2I14M1D16M6I32M3I18M3I10M5I54M1I36M2D40M3D8M
20	2809	0.288	8.864E-66	9	993	994	13	752	772	20M10I7M3I241M92I6M41I14M54I19M12I8M20I59M3I39M2D43M2D46M2I17M1D13M6I32M3I19M3I9M5I54M1I33M2D43M3D8M
95	2800	0.292	1.449E-65	0	993	994	0	718	720	12M2I15M10I7M3I64M2I161M9D6M62I34M34I19M93I6M13I8M5I13M3I6M16I25M2I37M2D39M2D49M2I18M1D18M4D11M3I17M6I16M15I10M7I7M4I20M10I32M1I51M
1	2785	0.287	3.287E-65	9	993	994	11	775	787	20M10I7M3I227M4D7M113I14M6I16M38I11M3I22M21I25M14I5M14I7M12I13M1I25M1D14M2D39M1D3M1D45M1I4M1I16M2D14M9I4M5D24M4I16M14I59M4D32M1D3M2D10M7D6M8D2M3D18M3D13M
0	2780	0.309	4.319E-65	9	992	994	19	753	754	20M10I7M3I68M1D159M19D5M12I12M12I8M15I10M47I20M11I10M109I32M4I8M24I2M2I62M3I13M1D2M1D78M1I8M3I34M2I13M2D2M11I12M2I30M5I9M1I30M2D21M4D6M2I24M
63	2777	0.307	5.088E-65	9	993	994	13	767	778	20M10I7M3I63M1D170M17I3M2I3M100I6M15I15M23I14M4I15M25I25M1I7M6I16M14I20M6I38M2D43M2D46M2I17M1D13M6I24M3I25M5I40M7I21M1I32M2D43M12D9M
123	2772	0.411	6.685E-65	55	800	994	0	713	715	221M1D14M3I87M10I49M10I17M1I16M19I15M12D74M6I170M1D19M3D15M
37	2767	0.290	8.784E-65	1	993	994	3	810	829	28M8I6M5I122M1I106M16D13M30I8M5I17M3I7M8I19M22D1M2I17M20I11M13I13M16I6M69I34M8I8M12I40M2D40M1D2M1D47M2I18M1D13M1I11M1I23M4I19M3D9M10I38M13I36M2D37M2I11M
87	2762	0.299	1.154E-64	9	993	994	13	749	770	20M10I7M3I63M1D170M52I7M6D27M28I12M67I19M10I9M28I24M10I14M32I36M2D42M2D47M2I17M1D13M6I32M3I17M5I40M7I21M1I32M2D43M2D9M
36	2728	0.291	7.389E-64	1	993	994	3	810	829	28M8I6M5I122M1I106M16D13M30I10M79I10M9I8M20I10M5I10M18I3M26D32M9I46M8I8M12I40M2D42M2D47M2I18M1D13M1I11M1I23M4I18M5D21M6I8M6I17M13I33M4D3M2I35M2I11M
2	2727	0.292	7.804E-64	0	991	994	9	780	781	6M2I21M8I6M5I65M1I58M1I112M4I8M41I22M32I34M44I16M12I9M6I12M46I38M10I35M1D43M3D49M1D11M1D6M4D19M1D38M3D5M1D13M27I31M5I7M2I32M3D11M5D12M3D27M
125	2711	0.278	1.870E-63	9	980	994	33	805	813	20M8I6M5I234M3D21M43I19M23I25M17D6M6I9M36I10M44I43M2I38M13I62M13I83M2I8M3D26M2I24M19I46M6I70M
14	2694	0.304	4.731E-63	9	987	994	91	885	886	20M10I7M3I73M24I3M4I72M1D51M10D7M11I8M35I12M7I11M2D18M11I42M30I18M2I4M7I53M2I24M4I29M8I75M1D5M1D83M1D42M2I18M21I9M9I7M10I88M
21	2587	0.329	1.631E-60	3	841	994	6	702	745	9M2I15M10I7M3I176M1D51M8D9M7I8M13I12M4I13M2I26M28I25M3I8M18I12M2I3M16I8M12I43M15I24M8I16M5I83M2D72M1I43M6I5M2D16M
121	2380	0.289	1.323E-55	8	860	994	0	618	619	20M8I7M5I228M18D6M11I9M49I16M23I13M48I4M33I10M8D7M18I13M11I12M40I3M5I8M6I22M1D15M2D40M2D46M1I4M1I16M2D14M9I6M5D21M4I41M
12	2220	0.292	8.244E-52	1	882	994	2	674	675	11M2I15M8I6M5I228M9D7M11I6M39I3M6I19M30I25M51I17M22I29M2I27M16I11M2I10M10I26M1I12M2D30M1D6M1I8M2I42M2I17M1D13M5I30M1D5M7I15M1I41M
9	2141	0.253	6.162E-50	9	993	994	13	623	639	20M10I7M3I63M1D165M108I17M27I4M22I7M81I14M37I17M4D9M33I4M43I46M2I17M1D14M6I31M3I39M5I18M7I21M1I32M2D43M6D9M
11	1988	0.264	2.619E-46	9	866	994	11	589	596	20M8I11M37I200M100I20M16I3M55I30M3I38M16I15M3D4M33I25M1D15M2D39M1D2M1D47M2I18M2D14M4I32M4I20M11I16M
19	1536	0.174	1.373E-35	1	993	994	12	732	735	5M2I21M9I8M3I11M2D44M1I12M1I41M1D11M5D6M8D19M1I2M3D27M2D51M17D2M111I8M60I8M11I17M56I51M17I15M2D6M2D47M1I13M1D7M2D82M5D33M1D9M2I19M1I21M16I16M7I5M19I17M1D8M1I20M5I7M
90	1188	0.146	2.459E-27	2	984	994	6	693	697	6M1D4M3I12M4I3M5I4M5I11M5I49M1I42M5D18M1I21M1I29M12I5M1I33M108I6M26D42M3I6M32I8M12I3M77I15M13I6M11I38M3I3M2D10M1I5M2D16M5D38M1I3M5D7M3I18M2D19M10I33M6I8M10I20M17I10M3I12M2D5M1I10M1D12M1D10M1D15M1D19M
4	1132	0.155	5.233E-26	9	986	994	10	687	688	20M8I6M5I14M4I47M1I41M3D3M2D16M1I22M1I21M1D7M13I5M4D31M3D8M1I20M35I27M12I9M8I21M2I3M3I6M3I13M52I20M25I14M61I39M3I11M3D2M1D9M2I10M5D8M3I2M6D29M2D7M2D3M3I16M2D13M8I7M3I20M17I12M60I4M1I9M1D2M6I13M3D25M3D22M
129	1060	0.157	2.669E-24	8	983	994	0	654	656	19M9I7M7I5M33I4M2D2M1D19M1I42M3D5M2D13M1I21M1I24M16I6M3D34M103I14M9I8M18D9M12I6M33I13M6I11M14I15M30I13M39I6M6I33M3I7M2D6M1D8M1D10M3D12M1D34M4D9M3I16M2D15M4I4M6I19M7I11M1D1M4I19M3I13M8I18M5I15M9I3M1D16M1D6M1D16M4D17M
99	812	0.236	2.031E-18	9	367	994	23	366	450	20M10I3M6I4M2D7M5I49M1I41M3D3M1D14M1I20M1I32M4I7M6I33M18D30M6I16M1D40M
17	768	0.152	2.245E-17	9	904	994	5	893	985	18M12I3M5I5M2D17M3I14M1I4M1D26M1I38M2D3M1D21M9D19M1I18M12D7M1D15M10D32M2I2M34D33M4D43M2D33M4I26M1D19M1I28M11D40M3D107M9I8M8D18M8I6M8I4M5I5M3I11M1D10M3D4M8D19M63I16M1D10M4D26M1D62M
93	601	0.134	2.050E-13	2	636	994	6	781	803	27M8I4M7I5M5D8M10I33M1I11M1I39M3D3M4D12M3I20M2D28M10D5M8D10M4I31M28D56M1I32M107D25M2I34M3I16M2I27M7D25M12D23M4D36M1I42M3D13M9I18M
 98	6209	1.00	0.000E+00	0	775	776	0	775	776	776M
97	4946	0.760	0.000E+00	0	775	776	13	785	786	286M1D43M6I28M1I27M4D6M3D19M1I67M1I92M1D73M1D36M1I37M1I24M2I25M
0	4860	0.754	0.000E+00	0	775	776	0	753	754	329M6I19M2D29M19I82M1I94M2D71M1D34M1D64M2I26M
10	4767	0.732	0.000E+00	4	775	776	17	783	784	292M1I32M6I22M2D13M3I18M1D5M4D5M1D15M1I162M1D107M1I61M2I26M
91	4454	0.645	5.521E-99	5	775	776	0	787	788	2M1D282M3I22M3D18M1I30M2D13M3D13M6D21M3D167M1D61M1D14M1D124M
124	3442	0.458	2.649E-76	12	768	776	0	712	713	103M1I156M3D3M10D13M25I23M6I13M8I5M11D16M7I18M9I44M1D24M1D92M1D7M5D51M6I5M4I13M1I16M4I4M1D30M1I11M1I8M4I25M
128	3374	0.364	8.852E-75	11	775	776	4	875	876	101M1I163M4D13M4D17M7D4M10D22M2D17M9D36M2D23M15D8M11D4M1I4M19D60M2D11M1I80M1D9M6D32M2D16M4D44M10D8M7D1M1D34M2I20M4I29M
7	3364	0.395	1.483E-74	5	775	776	0	820	857	289M4D37M6D24M8D10M8D53M11D43M2D22M2D17M1D49M2I21M1D6M1D88M3D16M6D5M3D56M4I29M
100	3362	0.415	1.644E-74	9	775	776	0	804	806	105M1I159M4I7M3I24M2D49M23D7M1D5M1D47M1D65M2D94M3D7M6D31M3D3M1D67M2D35M2I6M1D14M4I20M6D8M
120	3352	0.418	2.755E-74	5	775	776	0	763	764	6M1I99M3I160M3I18M5D40M4D51M2D9M14D27M2I37M2D24M2D65M2I20M1D5M1D7M6D32M4I19M4I8M4I11M18I37M3I19M4I23M4D6M
63	3336	0.400	6.291E-74	4	775	776	0	755	778	3M2I268M9I27M5D49M2I16M2I18M3I9M8I41M2D22M2D67M2I17M1D6M1I10M1D20M3I9M2D26M3D42M3D57M4I16M1D13M
40	3328	0.398	9.506E-74	9	775	776	2	754	776	265M10I13M8D7M5D87M26I44M2D22M2D66M2I18M2D2M1I5M1D5M1I27M3I5M2D26M1D42M9D53M4I20M1D13M
87	3318	0.403	1.593E-73	10	775	776	4	751	770	268M5D18M3I25M1I66M28I42M2D22M2D67M2I19M1D4M1I10M1D26M1I18M1D26M2D22M3D65M4I15M1D4M4D9M
1	3316	0.419	1.766E-73	8	775	776	0	777	787	106M1I160M9I51M1I23M6I23M1D5M10I22M1D22M1D13M2D24M2D65M2I18M2D8M1D9M2I4M3D24M2I13M1D31M6D22M2D39M1D6M7D11M2D6M5D19M6D11M
70	3316	0.361	1.766E-73	8	775	776	0	855	858	106M1I160M2I13M1D21M22D51M1I8M4D15M49D27M1D9M2D63M2D14M1I2M1I74M1D6M1D3M5D32M2D40M8D19M1D10M1D33M2I21M4I29M
20	3308	0.399	2.668E-73	7	775	776	0	752	772	5M1D102M1I159M7I16M7D7M3D59M2I11M1I12M28I44M2D22M2D66M2I18M2D2M1I5M1D5M1I27M3I5M2D26M1D42M9D57M4I16M1D5M3D8M
89	3291	0.400	6.416E-73	7	775	776	0	755	777	4M1D263M10I31M1D20M3I37M5I33M6I42M2D22M2D66M2I18M2D2M1I7M1I3M1D29M1I31M1D42M9D53M4I20M1D13M
49	3283	0.367	9.695E-73	8	775	776	0	861	862	106M1I181M1D24M8D24M9D17M11D9M4D16M19D27M26D9M2D63M2D14M1I2M1I74M1D9M6D35M2D10M4D24M1D26M2D6M3D33M2I21M4I22M2D7M
52	3282	0.350	1.021E-72	8	775	776	0	905	913	106M1I181M1D24M8D7M10D9M12D25M11D9M22D11M8D7M24D9M11D11M17D15M2D62M2D14M1I2M1I74M1D6M1D3M5D35M2D37M8D24M1D5M1D33M2I21M4I29M
88	3269	0.395	1.997E-72	11	775	776	5	748	770	103M1I159M7I15M4D9M3D64M2I14M25I6M3I42M2D22M2D66M2I18M2D2M1I7M1I6M1D24M3I5M2D26M1D42M9D57M4I16M1D7M1D6M
56	3265	0.347	2.455E-72	8	775	776	0	928	931	106M1I173M1I9M2D25M1D4M2D13M20D5M9D16M11D9M22D9M11D9M69D25M1D9M2D63M2D14M1I2M1I74M1D6M1D3M5D33M2D13M4D21M4D12M1D22M1D33M2I21M4I29M
3	3263	0.358	2.721E-72	8	773	776	0	881	882	106M1I181M1D24M8D24M9D17M11D9M22D6M10D21M41D25M2D63M2D14M1I2M1I74M1D6M1D3M5D35M2D10M4D24M1D30M4D2M1D33M2I21M4I27M
95	3256	0.407	3.906E-72	12	775	776	0	718	720	99M3I171M9I75M1I19M14I15M1I38M2D33M2D60M2I20M1D7M1D7M6D28M4I17M7I10M3I19M7I40M3I20M4I19M1D9M
48	3256	0.349	3.906E-72	8	773	776	0	898	899	106M1I160M3I11M2D31M8D13M13D12M9D16M7D9M26D32M9D11M50D9M2D63M2D14M1I2M1I74M1D9M6D31M2D15M5D54M2D1M1D33M2I18M4I30M
44	3255	0.364	4.112E-72	8	775	776	0	883	886	106M1I160M3I8M3I15M7D16M8D10M7D10M2D21M11D9M22D6M10D15M15D22M26D9M2D63M2D14M1I2M1I74M1D6M1D3M5D36M2D33M5D29M4D3M1D33M2I21M4I29M
13	3255	0.363	4.112E-72	8	775	776	0	891	894	106M1I173M1I23M2D8M8D9M27D12M6D45M29D11M36D11M3D14M2D64M2D13M1I2M1I74M1D6M1D3M5D35M2D18M4D10M4D35M1D3M1D33M2I18M4I32M
131	3251	0.339	5.055E-72	8	774	776	0	895	896	106M1I161M6I16M12D17M21D41M10D17M13D28M6D9M29D15M14D60M2D8M1I8M1I74M1D6M1D3M5D34M1D14M17D8M5D43M6D2M1D33M2I21M4I28M
50	3248	0.353	5.902E-72	8	775	776	0	905	906	106M1I160M2I13M1D16M4D13M6D13M26D41M6D36M33D3M50D10M2D63M2D14M1I2M1I74M1D6M1D3M5D33M2D12M1D27M7D19M1D10M1D33M2I21M4I29M
117	3247	0.343	6.214E-72	4	775	776	0	996	1003	6M2I102M1I160M1D13M16D10M9D6M27D8M4D18M66D13M4D37M1D9M8D18M9D16M19D62M2D14M1I77M1D9M6D32M3D13M9D22M4D9M2I7M6D12M25D2M16D2M1D34M2I20M4I29M
41	3243	0.347	7.639E-72	8	775	776	0	923	924	105M1I161M2I43M8D7M7D6M14D15M4D13M11D10M21D9M36D16M31D12M13D14M2D63M2D14M3I1M1D74M1D7M6D37M2D23M2D37M4D6M1D33M2I21M4I24M2D5M
69	3243	0.347	7.639E-72	8	775	776	0	921	924	106M1I160M3I9M3I13M9D16M6D8M65D15M8D32M47D8M1D10M9D21M1D10M2D62M2D14M1I2M1I74M1D9M6D35M2D12M7D20M1D22M2D45M2I21M4I29M
46	3232	0.344	1.348E-71	8	773	776	0	925	926	106M1I160M2I11M55D11M15D46M24D20M4D8M26D9M1D5M9D35M3D63M2D14M1I2M1I74M1D6M1D3M5D35M2D34M1D26M4D6M1D33M2I18M8D30M5D4M
116	3224	0.350	2.036E-71	8	774	776	0	892	893	106M1I160M2I19M3D24M8D9M65D11M9D35M6D38M28D10M2D62M2D14M1I2M1I74M1D7M1I8M7D28M2D10M2D37M1D19M1D14M1D17M2I20M4I31M
71	3222	0.336	2.258E-71	2	775	776	0	933	934	10M6D102M1I160M4I13M2I16M7D10M8D9M30D10M7D20M42D15M42D6M7D33M1D9M2D63M2D14M1I2M1I74M1D6M1D3M5D33M2D39M8D19M1D10M1D33M2I18M4I27M2D5M
47	3220	0.383	2.503E-71	8	769	776	0	810	820	106M1I168M1I43M6D23M27D11M10D7M1I19M16D35M2D62M2D14M1I2M1I74M1D6M1D3M5D33M2D19M1D28M5I8M8I33M2I21M4I23M
76	3219	0.340	2.636E-71	8	775	776	0	922	925	106M1I160M3I9M3I13M9D16M6D29M25D13M10D9M22D8M6D15M9D16M14D3M46D10M2D63M2D14M3I1M1D74M1D9M6D33M2D12M2D15M6D38M1D3M1D33M2I21M4I29M
51	3218	0.335	2.775E-71	8	772	776	0	925	932	106M1I170M6I11M74D41M4D12M15D19M49D37M11D11M2D63M2D14M1I2M1I74M1D6M1D3M5D35M2D37M8D17M2D45M2I21M4I26M
54	3214	0.337	3.412E-71	8	775	776	0	920	923	106M1I160M2I15M3D32M11D7M28D8M7D29M18D24M15D21M59D9M2D63M2D14M1I2M1I74M1D6M1D3M5D33M2D39M8D19M1D10M1D33M2I21M4I29M
113	3212	0.340	3.783E-71	8	775	776	0	914	915	106M1I160M2I19M3D24M8D7M26D10M10D14M17D25M6D24M34D13M35D10M2D62M2D14M1I2M1I74M1D9M6D33M2D14M2D54M1D33M2I21M4I24M3D5M
72	3211	0.331	3.983E-71	13	773	776	5	957	958	100M1I167M7I14M62D13M14D27M1D15M19D18M25D15M7D22M46D11M2D63M2D7M1I8M1I74M1D6M3D3M2D35M1D10M13D25M7D31M3D33M2I21M4I27M
45	3206	0.341	5.156E-71	10	775	776	2	924	927	104M1I160M3I9M3I20M7D10M8D9M30D6M19D12M18D12M12D15M47D4M2D8M5D27M1D9M2D63M2D14M1I2M1I74M1D6M1D3M5D33M2D35M5D28M4D5M1D33M2I21M4I29M
61	3202	0.324	6.338E-71	8	774	776	0	932	933	106M1I160M7I5M66D8M6D12M22D25M6D12M5D33M1D8M26D7M1D33M13D61M2D7M1I8M1I74M1D9M6D34M1D11M9D2M8D12M2D40M6D2M1D33M2I21M4I28M
83	3200	0.341	7.027E-71	1	773	776	17	946	947	14M1D99M1I160M2I14M1D28M9D20M12D6M9D21M38D14M33D3M41D19M2D20M2D63M2D14M1I2M1I74M1D6M1D3M5D31M2D16M5D53M3D1M1D33M2I21M4I27M
67	3197	0.320	8.203E-71	5	775	776	0	963	964	5M2I102M1I167M7I13M62D20M13D17M2D12M9D23M3D24M41D20M49D4M2D63M2D14M1I2M1I76M3D7M4D35M1D11M18D55M3D33M2I21M4I23M1I5M
62	3193	0.322	1.008E-70	8	774	776	0	930	931	106M1I160M10I6M4D7M12D17M14D10M14D18M18D23M12D6M1D5M24D15M4D19M44D12M2D63M2D10M1I5M1I75M1D8M6D34M1D11M1I16M19D37M5D2M1D33M2I21M4I28M
126	3192	0.361	1.062E-70	4	769	776	0	807	808	106M2I2M1I161M1I11M5D24M6D46M2D38M3D4M4D16M8D2M4I64M2D13M1I2M1I49M1I26M3D7M2D30M2I13M17D54M10D2M1D33M4I19M4I23M
109	3192	0.342	1.062E-70	8	771	776	0	913	915	106M1I160M3I8M3I14M9D16M6D12M57D16M11D5M6D20M57D12M3D32M2I5M2D62M2D14M1I2M1I74M1D9M6D35M2D11M4D55M1D33M2I21M4I25M
111	3191	0.325	1.118E-70	13	774	776	5	937	938	101M1I160M7I48M41D9M10D20M1D14M10D18M11D11M66D23M13D60M2D8M1I8M1I75M1D5M1D3M5D34M1D12M16D12M2D41M4D2M3D33M2I21M4I28M
35	3187	0.349	1.374E-70	8	775	776	0	928	929	106M1I168M1I14M2D21M8D10M30D9M13D22M16D20M3D6M25D13M10D14M38D9M2D63M2D14M1I2M1I74M1D6M1D3M5D33M2D13M4D8M2D46M5D34M2I21M4I24M2D5M
58	3185	0.348	1.524E-70	8	775	776	0	886	889	106M1I160M2I19M3D24M8D9M30D10M7D28M6D11M54D8M5D27M1D10M2D62M2D14M1I2M1I74M1D6M1D3M5D33M2D34M1D21M2D46M2I18M4I32M
8	3185	0.328	1.524E-70	11	775	776	5	1015	1016	103M1I161M4D13M12D30M13D8M8D30M34D28M68D38M54D67M1D13M1D74M1D6M2D3M4D32M2D15M5D10M1D8M18D13M13D22M10D1M1D36M2I18M4I18M1D11M
82	3182	0.335	1.779E-70	9	773	776	28	946	947	5M1I99M1I160M3I11M9D21M57D4M4D11M29D36M18D13M27D48M3D63M2D14M1I2M1I74M1D9M6D31M2D15M4D48M3D5M1D2M1D33M2I21M4I27M
37	3180	0.380	1.972E-70	12	775	776	2	814	829	11M2D91M1I53M1I110M3D54M2D9M38D12M1D29M2D78M2D25M2D63M2I21M1D5M1I13M5D25M2I15M4D6M6I42M1D56M4I15M1D9M2D5M
119	3180	0.303	1.972E-70	7	774	776	0	967	968	5M1I101M1I160M7I48M42D46M14D36M15D5M109D5M2D64M2D10M1I5M1I74M1D9M6D34M1D12M3D13M15D40M6D2M1D33M2I21M4I28M
43	3179	0.335	2.077E-70	8	775	776	0	928	931	106M1I160M2I19M3D29M11D8M26D5M13D46M53D24M6D5M37D9M2D64M2D13M1I2M1I74M1D9M6D33M2D13M7D19M1D12M1D24M1D33M2I21M4I29M
94	3176	0.334	2.425E-70	10	774	776	2	923	924	104M1I160M10I6M4D7M10D10M41D5M6D14M2D15M16D35M21D14M32D10M4D9M3D15M7D60M2D8M1I8M1I74M1D9M6D30M1D15M9D23M6D31M2D2M3D33M2I21M4I28M
22	3175	0.322	2.553E-70	8	774	776	0	957	958	106M1I160M10I6M31D5M23D11M9D8M23D13M7D16M6D33M22D19M10D14M29D12M15D62M2D9M1I8M1I75M1D8M6D34M1D12M16D10M1I42M9D2M1D33M2I22M4I27M
30	3168	0.326	3.664E-70	8	774	776	0	971	972	106M1I160M3I9M62D8M6D12M1D9M13D12M1D15M8D21M10D8M1D5M24D27M5D19M50D62M2D8M1I8M1I74M1D6M1D3M5D34M1D12M17D11M2D42M6D2M1D33M2I21M4I28M
108	3167	0.323	3.858E-70	8	774	776	0	927	928	106M1I161M6I16M1I3M27D5M25D28M5D19M82D15M5D54M2D62M2D8M1I8M1I74M1D9M6D34M1D11M9D23M6D31M5D2M1D33M2I21M4I28M
78	3166	0.332	4.062E-70	8	775	776	0	938	940	105M1I161M4D4M10I14M8D16M6D16M25D26M1D12M5D14M30D12M47D12M36D75M2D13M1I2M1I74M1D7M6D35M2D14M13D53M6D1M1D33M2I18M4I26M3I3M
6	3165	0.324	4.277E-70	13	774	776	5	969	970	99M1I162M3I9M62D8M4D12M22D15M5D20M7D15M6D26M23D26M1I8M38D7M13D61M2D7M1I8M1I75M1D8M6D34M1D12M5D46M11D7M9D2M1D33M2I21M4I28M
130	3164	0.330	4.504E-70	8	773	776	0	982	983	105M1I167M2I19M25D5M22D8M29D17M1D10M1D18M29D15M12D15M30D14M20D7M22D74M2D14M1I2M1I75M1D8M6D32M2D13M8D15M9D9M2D32M7D33M2I21M4I27M
38	3163	0.317	4.742E-70	8	774	776	0	968	969	106M1I160M7I20M15D32M14D17M13D11M2D14M12D21M6D15M9D5M62D6M49D63M2D7M1I8M1I74M1D6M1D3M5D34M1D12M5D10M6D43M14D2M1D33M2I21M4I28M
115	3163	0.328	4.742E-70	8	773	776	0	981	982	105M1I167M8I2M2D7M10D11M7D18M17D23M11D7M2D14M27D7M68D8M7D18M23D4M10D15M9D63M2D13M1I2M1I74M1D7M6D34M2D13M5D16M19D16M2D24M3D33M2I20M4I28M
105	3161	0.325	5.258E-70	8	774	776	0	962	963	106M1I160M3I9M62D8M6D12M22D25M10D40M1D5M24D15M11D31M43D62M2D8M1I8M1I75M1D5M1D3M5D34M1D14M5D6M4D30M2D16M5D1M3D33M2I21M4I28M
66	3160	0.337	5.537E-70	8	773	776	0	922	923	79M1D27M1I161M6I22M8D15M6D8M10D15M1D16M35D18M10D10M55D10M16D20M1I68M2D14M1I2M1I74M1D7M6D36M2D11M13D29M4D27M3D33M2I21M4I27M
23	3158	0.332	6.138E-70	8	773	776	0	934	935	106M1I160M3I12M7D26M15D9M8D42M6D20M30D12M27D5M14D15M43D67M2D13M1I2M1I74M1D7M6D36M2D32M9D9M3D25M7D1M1D33M2I21M4I27M
106	3157	0.326	6.464E-70	13	774	776	5	969	970	99M1I162M10I7M3D10M27D5M34D8M14D27M1D19M27D11M1D5M20D17M8D30M51D62M2D7M1I8M1I75M1D8M6D34M1D14M5D11M15D17M2D23M3D2M1D33M2I21M4I28M
39	3153	0.325	7.945E-70	13	774	776	5	964	965	101M1I166M8I2M73D14M1D11M15D10M5D20M2D19M10D7M1D5M24D15M4D14M40D10M4D7M2D63M2D10M1I5M1I74M1D9M6D34M1D11M1I16M19D9M1D6M1D22M3D2M1D33M2I21M4I28M
64	3149	0.313	9.767E-70	8	774	776	0	967	968	106M1I161M6I16M71D9M22D57M10D8M3D8M16D22M45D23M13D61M2D7M1I8M1I74M1D6M1D3M5D34M1D14M5D44M6D7M12D2M3D33M2I21M4I28M
57	3148	0.334	1.028E-69	8	775	776	0	929	931	106M1I166M6I55M41D19M11D8M23D16M68D5M10D26M1I6M2D62M2D14M1I2M1I74M1D9M6D33M2D13M4D25M1D20M4D10M1D33M2I21M4I23M2D6M
77	3147	0.342	1.083E-69	8	775	776	0	919	925	106M1I169M6I13M9D16M6D8M21D35M16D8M22D6M16D3M12D14M35D8M10D15M1I5M2D63M2D14M1I2M1I74M1D9M6D30M2D16M3D54M5D34M2I21M4I29M
27	3145	0.318	1.201E-69	8	774	776	0	969	970	104M1I162M7I20M27D5M34D15M36D11M5D6M8D39M23D31M1I8M38D7M13D60M2D8M1I8M1I75M1D8M6D34M1D12M6D33M5D20M14D2M1D33M2I21M4I28M
53	3143	0.327	1.331E-69	13	775	776	5	963	964	101M1I160M10I4M55D15M11D11M14D27M1D6M4D15M23D9M3D8M27D11M6D22M23D12M13D60M2D8M1I8M1I74M1D9M6D34M1D12M11D42M6D12M8D1M1D33M2I21M4I24M1I4M
33	3143	0.324	1.331E-69	8	774	776	0	969	970	104M1I162M3I9M62D8M4D12M1D9M13D12M7D18M13D31M1D8M19D24M8D9M49D5M2D62M2D8M1I8M1I74M1D9M6D34M1D13M5D10M11D42M9D2M1D33M2I21M4I28M
36	3140	0.376	1.554E-69	12	773	776	2	810	829	10M2D88M1I57M1I110M3D54M2D9M38D12M4D22M4D43M5I37M2D25M2D63M2I21M1D5M1I13M5D25M2I15M6D18M1D15M9I12M1D56M4I15M1D12M
112	3140	0.319	1.554E-69	7	774	776	0	970	971	5M1I101M1I160M10I6M4D7M51D8M11D9M14D27M1D6M17D16M10D8M1D5M1D6M17D25M9D10M49D5M2D62M2D8M1I8M1I74M1D7M6D36M1D11M16D12M8D31M1I12M3D35M2I19M4I28M
16	3136	0.330	1.910E-69	0	772	776	27	977	978	11M1I102M1I161M2I28M4D6M25D28M15D37M2D11M70D8M13D13M16D14M12D63M2D14M1I1M1I74M1D6M1D3M4D35M1D10M10D17M6D16M5D23M3D33M2I22M4I25M
25	3131	0.320	2.473E-69	13	774	776	5	969	970	99M1I162M3I9M62D8M4D12M22D15M5D22M7D12M6D22M23D31M1I8M38D7M13D60M2D8M1I8M1I75M1D8M6D34M1D14M5D11M14D13M3D25M1D4M3D33M2I19M4I30M
59	3127	0.322	3.040E-69	8	774	776	0	981	982	8M1D98M1I159M110D18M13D9M3D17M11D16M10D4M25D32M2D15M18D26M5D12M2D62M2D14M1I2M1I74M1D6M4D6M1D33M2D9M5D31M2D17M4D8M1D33M2I21M4I22M2D6M
28	3122	0.324	3.935E-69	13	774	776	5	970	971	99M1I162M7I20M27D5M34D15M37D11M2D11M5D12M6D21M18D17M4D24M49D5M2D63M2D7M1I8M1I75M1D8M6D34M1D14M5D44M11D7M9D2M1D33M2I21M4I28M
85	3121	0.322	4.143E-69	13	774	776	5	969	970	100M1I161M7I20M27D5M34D15M22D22M21D33M1D6M19D6M14D28M32D8M13D60M2D8M1I8M1I75M1D8M6D34M1D14M5D44M11D7M9D2M1D33M2I19M4I30M
122	3120	0.324	4.362E-69	5	775	776	2	970	1001	6M6I97M1I160M77D14M23D34M3D22M7D64M21D13M1I62M2D17M1I76M1D5M6D28M1D9M2D10M9D24M36D15M26D17M4D36M2I24M9I18M
15	3118	0.318	4.837E-69	0	766	776	29	976	983	11M1I102M1I164M2I43M15D26M16D7M12D7M6D8M1D12M2D19M13D14M68D5M25D64M2D14M1I1M1I74M1D6M1D3M4D35M1D10M10D10M1D9M5D14M5D4M1D18M4D34M2I22M4I19M
127	3117	0.315	5.093E-69	0	773	776	35	1012	1013	113M1I167M6I16M61D22M61D23M16D64M47D11M2D63M2D13M1I2M1I74M1D6M5D38M1D10M10D47M7D7M5D2M1D33M2I21M4I27M
42	3116	0.339	5.362E-69	8	773	776	0	932	933	106M1I160M14I6M8D8M13D30M13D3M5D7M1D15M35D18M38D18M17D16M29D76M2D13M1I2M1I74M1D7M6D37M2D10M9D7M4D15M3D18M2D14M1D2M1D33M2I21M4I27M
107	3114	0.317	5.946E-69	13	775	776	5	968	969	101M1I160M10I6M4D7M12D17M62D30M12D10M6D9M10D9M31D49M49D64M2D7M1I8M1I75M1D8M6D34M1D13M5D24M4D29M15D1M1D33M2I21M4I24M1I4M
24	3109	0.319	7.696E-69	8	774	776	0	969	970	104M1I162M7I20M27D5M34D15M21D39M21D11M1D5M20D32M8D9M49D4M2D64M2D7M1I8M1I74M1D9M6D34M1D14M5D10M15D18M2D23M3D2M1D33M2I21M4I28M
31	3107	0.319	8.532E-69	13	774	776	5	969	970	99M1I162M7I20M27D5M34D15M22D22M21D33M1D8M19D24M8D9M49D5M2D62M2D8M1I8M1I75M1D8M6D34M1D15M5D10M15D15M2D25M3D2M1D33M2I21M4I28M
75	3106	0.314	8.984E-69	8	774	776	0	969	970	106M1I160M7I20M15D25M26D11M20D8M13D60M5D18M104D61M2D8M1I8M1I75M1D6M6D36M1D13M5D22M2D4M4D26M14D2M1D33M2I21M4I28M
29	3102	0.321	1.104E-68	13	774	776	5	969	970	99M1I162M7I20M27D5M34D15M36D22M7D33M24D15M12D28M41D2M2D63M2D8M1I8M1I75M1D8M6D34M1D12M5D46M11D7M9D2M1D33M2I21M4I28M
26	3098	0.321	1.358E-68	8	774	776	0	969	970	104M1I162M3I9M62D8M4D12M22D15M5D22M7D33M24D15M4D26M49D5M2D62M2D8M1I8M1I75M1D8M6D34M1D12M5D46M11D7M9D2M1D33M2I21M4I28M
5	3097	0.320	1.430E-68	8	774	776	0	969	970	104M1I162M7I20M27D5M34D15M36D22M7D33M1D8M19D24M8D9M49D5M2D63M2D7M1I8M1I75M1D8M6D34M1D14M5D11M14D12M1D3M2D25M1D2M3D33M2I21M4I28M
86	3096	0.324	1.505E-68	13	774	776	5	969	970	99M1I162M10I7M3D10M27D5M34D8M14D27M1D19M27D11M7D11M23D26M1I8M49D5M2D62M2D8M1I8M1I75M1D8M6D34M1D11M9D6M1D4M10D21M2D23M3D2M1D33M2I21M4I28M
118	3093	0.322	1.757E-68	12	775	776	4	977	978	102M1I166M7I14M27D5M22D3M13D12M37D29M21D5M57D41M16D15M7I4M2D63M2D13M1I2M1I74M1D6M5D18M2D20M1D10M18D20M8D36M3D35M2I19M4I23M2I4M
34	3089	0.321	2.160E-68	13	774	776	5	969	970	99M1I162M10I7M3D10M27D5M34D15M22D16M2D25M18D9M7D11M23D26M1I8M38D7M13D60M2D8M1I8M1I75M1D8M6D34M1D11M11D20M8D7M3D27M3D2M1D33M2I21M4I28M
74	3082	0.338	3.100E-68	18	767	776	4	925	926	96M1I166M6I32M14D9M6D8M10D15M9D18M7D9M23D6M52D21M40D17M3D63M2D14M1I2M1I74M1D9M4D46M6D12M3D19M1D23M7D1M1D33M2I17M2I16M4I7M
73	3073	0.334	4.933E-68	29	773	776	0	932	933	85M1I166M6I11M50D6M11D10M14D11M16D18M12D20M1D7M53D7M3D19M10D21M4I2M2D63M2D13M3I1M1D74M1D6M5D48M11D7M1D16M12D33M3D33M2I21M4I27M
92	3073	0.300	4.933E-68	12	770	776	0	1083	1084	102M1I158M3I11M53D25M14D14M9D37M6D22M46D6M6D12M20D7M51D14M24D61M2D94M3D5M4D37M1D9M26D18M15D7M30D8M1D8M4D12M14D4M3D34M2I21M4I19M3D4M
101	3072	0.318	5.194E-68	5	773	776	12	935	936	108M1I159M3I19M29D13M10D5M7D17M18D31M18D14M5D16M1D14M39D13M1D68M4D7M1I8M1I74M1D9M17D35M2D12M5D34M3D20M7D31M2I22M4I28M
68	3069	0.332	6.064E-68	25	773	776	9	900	901	5M3D6M2I75M1I167M6I13M71D8M5D34M1D10M26D5M10D27M1D29M10D73M2D13M1I2M1I74M1D6M5D38M1D10M21D56M3D33M2I21M4I27M
65	3068	0.341	6.385E-68	15	775	776	2	878	879	99M1I166M3D18M1D20M32D24M2D21M15D13M57D9M18D15M25D8M1I12M2D63M2D14M1I2M1I76M3D7M3D32M10I11M5I14M26I3M3D31M2I19M4I25M1D8M
96	3037	0.375	3.162E-67	11	775	776	36	942	948	30M2I2M3I66M1I172M3D17M4D13M18D21M22D26M1D27M97D32M3D60M2I68M1I21M1D9M6D9M1I22M1I5M3D15M3I13M2D24M2D42M2I19M4I32M
102	3020	0.316	7.602E-67	8	774	776	0	963	964	106M1I167M7I13M27D5M35D15M21D53M15D7M27D34M49D6M2D64M2D13M1I2M1I74M1D6M1D3M5D34M1D12M23D6M1D24M3D58M2I21M4I28M
55	2987	0.336	4.174E-66	8	775	776	0	890	893	104M2I167M6I20M7D13M8D3M44D11M12D14M2D32M56D8M4D15M17D19M3D64M2D13M1I2M1I10M1I48M1I16M1D5M1I7M3D8M16I6M3I28M1D32M1D2M1D35M2I10M1I8M4I29M
60	2986	0.300	4.395E-66	19	775	776	9	992	994	20M10D7M3D68M1I166M7I22M12D8M15D10M15D12M18D42M37D13M12D20M37D8M55D63M2D13M1I2M1I76M3D8M3D34M2D13M3D52M15D1M1D33M2I21M4I29M
125	2969	0.353	1.057E-65	10	770	776	24	812	813	104M1I181M3D9M14D7M3D13M20D10M10D29M3D21M2D29M8I67M12I1M1I77M1D6M6D48M7I47M1D36M2I17M4I24M
2	2935	0.348	6.109E-65	5	769	776	3	779	781	4M1I103M2I55M1I105M11I16M1I72M1D37M10D47M1D25M2D18M1D48M1D11M1D5M2D4M2D4M1D9M6D37M6D14M8I23M7I44M1D15M5D11M1I23M4D3M
114	2927	0.323	9.231E-65	12	767	776	4	923	929	101M1I115M1D48M11I6M15D16M7D26M3D9M1D10M36D19M25D13M25D13M42D26M1D56M4D18M1I1M1I66M5I6M1I3M11D38M2D10M4D17M2D38M11D31M2I20M4I24M
18	2923	0.278	1.135E-64	12	764	776	0	1239	1248	98M1I165M3I16M1D7M13D11M50D14M2D8M2D23M59D20M60D5M12D21M2D13M28D8M12D61M1D16M1I74M1D9M6D34M1D29M2D18M74D19M171D1M1D34M2I20M4I18M
14	2886	0.339	7.658E-64	0	770	776	64	885	886	11M8D104M26I7M3I72M1D65M2D13M26D13M4D16M46D31M1D23M3D17M7D84M2D92M1D7M6D48M3D7M4I9M2D6M23I6M1D34M2I16M4I28M
80	2874	0.317	1.423E-63	50	773	776	1	930	931	63M1I163M103D28M2D14M18D35M6D32M2D15M1D11M48D11M2D63M2D13M1I2M1I74M1D6M5D38M1D10M21D56M3D33M2I21M4I27M
21	2863	0.382	2.510E-63	9	637	776	0	702	745	105M1I108M1D65M27D18M2D15M8D20M7D8M21D63M3D8M1D65M2D97M5D38M2I16M
32	2773	0.314	2.610E-61	50	774	776	1	928	929	62M1I162M3I9M62D8M4D12M22D15M5D22M7D33M24D15M4D26M38D7M13D60M2D8M1I8M1I74M1D9M6D35M1D13M5D11M15D15M2D25M3D2M1D33M2I19M4I30M
104	2769	0.301	3.209E-61	8	774	776	0	937	938	43M23I3M9I26M1I162M7I5M66D8M4D12M1D9M13D12M7D18M12D26M1D5M1D8M19D24M8D9M38D7M13D61M2D7M1I8M1I74M1D9M6D35M1D10M5D17M11D37M9D2M1D33M2I21M4I28M
84	2758	0.309	5.661E-61	55	773	776	0	928	929	58M1I160M5I7M65D5M4D17M5D34M1D8M62D62M53D11M2D63M2D13M1I2M1I74M1D6M5D37M1D11M10D34M10D22M3D33M2I21M4I27M
79	2751	0.321	8.124E-61	61	775	776	1	887	889	52M1I161M7I14M1D48M39D17M1D12M5D14M30D12M47D11M37D76M2D13M1I2M1I74M1D7M6D33M2D16M5D5M8D22M1I24M7D2M1D33M2I18M4I26M3I3M
12	2742	0.414	1.293E-60	12	682	776	1	674	675	98M1I178M1D10M10D11M1D25M1D17M2D67M1I30M1I6M2D42M2I51M2I18M1D7M1D39M4I9M3I24M2I23M
121	2701	0.415	1.072E-59	19	659	776	1	618	619	91M1I166M3D14M2I5M1I10M7I40M11D15M7I17M28I2M7D22M1D11M2D28M2D63M2I19M2D7M1D14M1D25M2I15M3I24M
103	2658	0.310	9.865E-59	34	775	776	0	885	886	49M4I10M5I5M3I164M12I2M12D28M5D12M1D47M19D16M7D13M7D10M30D9M66D62M2D16M1I1M1D74M1D7M5D4M1D28M2D20M1D11M10D38M6D2M1D33M2I19M4I24M2I5M
9	2553	0.339	2.225E-56	4	775	776	0	621	639	3M2I268M9I15M39I21M75I3M46I13M17D3M1I48M2I17M2D2M1I5M1I9M1D25M1I21M3I28M3D15M6D59M4I20M1D4M4D9M
81	2472	0.298	1.455E-54	47	775	776	7	857	885	67M1I160M7I5M66D8M6D14M5D33M1D21M25D9M1D5M23D18M41D30M13D60M2D8M1I8M1I75M1D8M6D35M1D11M2I6M9I37M56I18M8D16M
110	2470	0.285	1.613E-54	98	774	776	0	879	880	14M1I162M10I7M3D10M27D5M34D18M2D36M40D11M1D5M24D15M15D31M40D62M2D8M1I8M1I75M1D8M6D35M1D11M5D10M6D43M14D2M1D33M2I22M4I27M
11	2395	0.400	7.735E-53	4	648	776	0	583	596	5M4I37M32I32M1I166M1I29M5I53M1I18M15I11M3I5M1I24M1D10M2D30M2D62M2I19M2D9M1D5M1D32M2I22M3I6M
123	2199	0.338	1.911E-48	52	596	776	0	711	715	62M1I160M1D11M4I20M42D13M25D14M4D6M50D7M32D14M9D52M4D3M5I61M2D14M1I2M1I66M1D8M1D6M8D14M
19	1993	0.245	7.908E-44	10	772	776	9	732	735	30M1D17M2D42M1I9M2I46M1D11M5D6M8D18M1I3M3D27M2D8M3I8M3D35M2D24M3I5M1I51M5I18M35I3M2I12M2D6M2D41M1D17M1I9M2D69M1D5M1D5M9D32M5I21M2I30M2I13M14I10M2I12M1D10M5I15M1I10M
90	1524	0.191	2.566E-33	9	766	776	2	695	697	5M1I25M1I13M5I54M2I40M5D15M1I23M1I29M13I40M18D14M2I49M1I34M51I33M3I9M3D11M3D20M6I2M3D2M3D8M1I9M3D5M1I3M5D10M3I17M2D8M1D7M8I27M8I23M4I36M2D3M1I10M1D18M1I5M1D37M
4	1450	0.200	1.169E-31	11	764	776	1	682	688	7M1D39M4I52M2I38M3D3M2D16M1I22M1I20M1D3M3D9M12I34M9I7M3D18M1D32M5D89M5I24M3I12M3D4M1D20M4D5M1I3M2I3M5D29M2D8M2D3M3I14M2D10M1D4M3I4M3I22M36I5M4D3M25I11M4D13M7I10M1I14M1I25M
129	1340	0.185	3.413E-29	18	764	776	0	649	656	21M1I11M35I3M2D4M1D20M2I40M5D15M1I20M1I33M13I39M25D13M4I20M7I11M45I43M9I27M1I5M2I7M2D6M1D8M3D5M2D12M3I8M2D5M1D21M4D12M3I17M2D8M1D7M12I23M5D2M2I1M1D43M5I12M3D5M9I6M1D18M1I5M1D14M3I18M
99	1161	0.234	3.507E-25	0	506	776	2	448	450	13M2D26M1I13M5I55M2I38M3D3M1D14M1I23M1I36M2I3M8I33M2D19M15I16M2I40M8I19M26I39M3I9M3D4M1D6M2D24M
17	739	0.160	1.006E-15	17	750	776	3	648	985	21M2I31M3I9M1I4M1D21M2I46M3D21M9D19M1I17M12D8M1D15M10D32M2I5M5D12M3D14M1D26M1I16M4D31M12D62M6I3M9I6M16I34M25I5M6I5M12I4M3I16M37I17M2D23M1D20M6I4M4I5M12I6M6I13M2D9M
93	655	0.184	7.681E-14	19	395	776	13	392	803	32M3D7M10I33M1I11M2I39M3D5M4D11M3I19M2D28M10D5M8D11M4I28M5I18M1I56M1I47M
 