7	6586	1.00	0.000E+00	0	856	857	0	856	857	857M
63	4281	0.569	1.040E-101	1	854	857	0	777	778	278M2I56M3I28M12I12M4I14M35I92M1I81M1D5M2I26M1I34M1I3M1I7M1I21M3I89M5I13M2I12M4I6M
87	4251	0.570	5.442E-101	1	852	857	0	769	770	277M4I8M2D56M9I13M12I12M4I8M37I96M1I86M1I27M1I34M2I10M1I20M3I91M5I2M2D8M6I18M
40	4206	0.559	6.512E-100	2	847	857	0	772	776	268M7I13M4D33M12I3M13I7M9I28M2D7M4I6M8I18M13I81M1I87M1I31M1I34M2I10M1I18M1D95M5I11M3I16M
20	4196	0.553	1.130E-99	1	847	857	0	768	772	105M1I163M5I15M4D45M1I23M4I13M42I8M17I93M1I83M1I31M1I37M2I7M1I22M1D92M4I13M3I14M
89	4151	0.549	1.353E-98	1	847	857	0	773	777	270M3I51M1I8M33I43M10I18M13I81M1I87M1I31M1I34M2I10M1I18M1D91M2I5M3D10M9I13M
88	4150	0.548	1.429E-98	1	847	857	0	766	770	105M1I162M4I49M3I35M8I17M34I6M18I93M1I82M1D5M2I26M1I37M2I7M1I22M1D92M3D11M10I13M
1	3440	0.412	1.454E-81	6	828	857	3	780	787	100M1I169M6I52M7I20M35I13M14I34M1D22M1D55M1I73M1D11M1D28M2I22M5I61M2D32M3D8M5D12M11D18M1D22M
91	3403	0.407	1.119E-80	2	820	857	3	787	788	271M13D20M5I4M6I14M14I24M10I25M3I53M1D42M2I22M2I17M1I49M2D21M1I76M2I11M2I22M3I10M3I52M4D32M
37	3400	0.416	1.320E-80	8	827	857	3	818	829	10M2D88M1I56M1I108M12D4M3I19M10I15M3I24M29D23M2I4M2I14M5I46M7I81M1I85M3D28M2I22M1D43M14I79M2I11M2D7M
36	3386	0.410	2.858E-80	7	831	857	2	822	829	10M2D92M1I53M1I108M12D4M3I19M10I15M3I30M17D21M3D69M7I85M1I81M3D28M2I22M3D16M12I20M4I84M2I8M2D14M
98	3371	0.392	6.537E-80	0	820	857	5	775	776	279M4D10M8I5M4I19M2I33M8I10M8I53M11I43M2I22M2I17M1I49M2D21M1I6M1I88M3I16M6I5M3I56M4D29M
97	3360	0.407	1.199E-79	0	826	857	18	785	786	280M5D9M8I37M3I45M26I15M5I65M2I23M3I15M1I50M2D20M1I63M6D18M11I22M5I8M2I36M1I18M2D20M6I9M
0	3306	0.389	2.357E-78	0	820	857	5	753	754	273M16D18M20I23M2I28M25I2M5I32M24I41M2I24M3I14M1I50M2D18M2I1M1D8M1D3M1D6M1I44M6D19M11I20M4I11M1I56M2D29M
124	3303	0.420	2.781E-78	7	811	857	0	710	713	99M1I176M12D18M9I22M6I2M8D22M8I9M46I6M19I44M1I24M1I17M1I51M2D17M1I13M5D54M1D28M27I39M1I11M1I31M
120	3301	0.389	3.106E-78	7	828	857	6	763	764	98M3I164M5D4M22I25M12I24M8I53M1I11M18D10M2D12M1D83M1I81M9D6M3I13M4I25M2I23M33I5M3I32M3I41M4I13M
10	3283	0.399	8.381E-78	0	826	857	18	783	784	275M8D17M13I26M13I17M8I9M6I8M2I45M6I48M2I22M2I17M1I50M2D20M1I87M6I19M4I9M3I55M2D21M6I9M
100	3279	0.378	1.045E-77	0	827	857	0	803	806	3M4I99M1I172M1I23M1I36M2I21M7I17M4I50M1I51M2I42M1I49M2D18M1I13M10D7M2I15M4D26M1D21M9I22M2I49M2I11M1D21M1D9M3I10M
9	3259	0.468	3.149E-77	1	849	857	0	636	639	274M5I43M131I9M15I4M7I8M37I85M1D5M2I26M1I34M2I10M1I20M3I90M5I3M2D8M6I15M
128	3245	0.358	6.817E-77	2	820	857	0	875	876	107M1I159M13D10M1I75M4D15M2D21M8D49M11D15M8D39M2I33M3D7M5I44M1D4M1D16M1I20M6D29M2D16M2D27M3D14M1I18M6D37M2I51M
95	3208	0.389	5.246E-76	8	827	857	1	719	720	97M3I173M17I24M21I18M9I10M20I52M5D85M3I6M2D78M1I6M3D48M16I24M10I4M3I32M3I37M3I6M2I9M
117	3191	0.350	1.340E-75	0	829	857	0	1002	1003	5M1I99M1I163M11D10M6D13M27D5M28D11M2D35M4D30M17D5M5D9M6D40M19D27M2D40M2I43M2I46M2D17M1I21M6D31M3D17M2D23M5D10M10D19M23D5M7D39M2I36M3I19M
52	3163	0.353	6.278E-75	0	827	857	0	912	913	3M3I100M1I162M10D28M6D40M2D7M2D11M7D13M10D5M1D35M43D26M2I19M10D38M2I43M3I46M2D17M1I24M6D30M2D75M2I32M2I58M
49	3159	0.377	7.827E-75	2	822	857	0	861	862	5M1I98M1I162M10D28M6D25M4D11M1D16M2D12M1D12M1D37M3D24M1D17M12D3M2D39M2I43M3I46M2D17M1I21M6D33M2D63M2I44M2I53M
131	3158	0.346	8.271E-75	8	819	857	5	895	896	98M1I208M14D5M2D12M5D22M3D59M1I31M26D12M13D36M2I43M3I46M2D18M1I11M2D10M4D34M1D18M10D23M2D9M3D21M2D38M2I48M
16	3155	0.340	9.760E-75	0	816	857	33	976	978	5M2I99M1I186M23D48M17D10M1D14M8D23M9D5M30D31M22D14M7D17M1D38M2I43M3I46M2D17M1I14M5D39M1D11M6D17M4D45M2D39M2I45M
70	3154	0.364	1.031E-74	8	822	857	5	857	858	98M1I178M10I21M21D75M5D8M1I27M9D29M15D37M2I43M3I46M2D17M1I14M6D40M2D75M2I32M2I53M
62	3152	0.335	1.152E-74	8	822	857	5	930	931	100M1I172M17D9M21D43M15D6M1I16M8D20M25D33M3D48M14D36M2I43M3I46M2D18M1I20M6D35M1D29M13D5M1D35M2I36M2I38M3I12M
69	3150	0.340	1.286E-74	6	822	857	3	923	924	100M1I162M6D15M2D52M3D18M14D19M5D28M4D25M14D19M11D10M46D38M2I43M3I46M2D17M1I20M6D34M2D11M7D17M7I36M2I36M2I53M
22	3146	0.338	1.603E-74	8	822	857	5	957	958	100M1I172M17D9M26D27M25D20M10D35M2D3M27D33M7D14M8D32M6D39M2I43M3I46M2D18M1I20M6D35M1D8M7D17M2D46M4D36M2I38M3I12M
61	3145	0.339	1.694E-74	0	819	857	0	932	933	3M3I100M1I179M7D17M26D5M15D18M26D62M1D40M4D15M10D14M13D36M2I43M3I46M2D17M1I12M2D10M4D34M1D18M10D52M4D37M2I50M
72	3143	0.332	1.892E-74	8	821	857	5	957	958	98M1I183M42D15M5D21M26D45M6D16M14D30M26D34M3D4M10D38M2I42M3I46M2D19M1I13M5D39M1D11M12D53M1I45M2I38M3I11M
67	3143	0.325	1.892E-74	7	823	857	5	963	964	101M1I182M11D7M22D14M14D21M1D17M26D3M8D17M3D16M15D12M22D14M13D42M2D39M2I43M3I46M2D18M1I12M6D43M1D30M8D11M2D26M1I38M3D2M5I39M4I7M
3	3130	0.369	3.875E-74	8	821	857	5	881	882	98M1I162M10D28M6D25M5D27M2D12M2D38M6D24M21D11M1D17M12D3M2D39M2I43M3I46M2D17M1I24M6D30M2D75M2I34M2I41M3I6M
6	3130	0.322	3.875E-74	8	822	857	5	969	970	100M1I172M5D17M41D74M20D19M8D10M14D47M38D9M13D36M2I43M3I46M2D18M1I20M6D31M1D22M10D34M2D18M2D37M2I38M3I12M
44	3129	0.365	4.095E-74	2	826	857	0	885	886	5M1I98M1I162M1D46M4D13M2D23M16D22M2D26M6D17M21D13M1D22M12D3M2D39M2I43M3I46M2D17M1I12M2D9M4D33M2D75M2I32M2I43M4I10M
41	3125	0.348	5.106E-74	0	822	857	0	923	924	3M3I100M1I162M5D12M8D28M4D10M5D13M1D27M1D21M13D20M3D16M10D25M27D13M31D39M2I43M3I46M2D17M1I21M6D33M2D10M1I50M4I44M2I53M
111	3123	0.335	5.701E-74	2	821	857	0	937	938	5M1I100M1I172M5D17M30D35M14D19M10D13M3D9M1D6M7D24M8D13M15D4M13D33M2D39M2I43M3I46M2D18M1I10M2D11M4D34M1D15M9D55M4D39M2I36M2I12M
59	3120	0.337	6.727E-74	0	820	857	0	981	982	5M3I2M1D96M1I172M11D19M18D27M34D15M6D15M11D38M21D8M5D37M31D15M25D40M2I43M3I46M2D17M1I12M2D6M3D32M2D14M1I56M1D42M2I42M1D9M
50	3119	0.352	7.109E-74	2	820	857	0	905	906	5M1I98M1I162M5D9M5D55M3D46M22D12M5D9M3D6M9D34M35D14M2D39M2I43M3I46M2D17M1I21M6D33M2D63M2I44M2I51M
115	3119	0.321	7.109E-74	4	821	857	1	981	982	102M1I191M3I26M4D8M47D22M20D8M8D34M2D39M14D17M56D38M2I43M3I46M2D17M1I21M6D31M2D11M12D24M6D30M1I44M3D2M5I34M3I11M
33	3118	0.329	7.512E-74	8	822	857	5	969	970	100M1I172M17D9M23D11M6D90M10D11M32D10M11D5M1D40M39D36M2I43M3I46M2D18M1I20M6D35M1D20M8D5M2D46M4D36M2I38M3I12M
94	3116	0.340	8.388E-74	5	821	857	2	923	924	103M1I182M40D13M7D50M5D33M22D33M4D23M12D12M9D38M2I43M3I46M2D17M1I14M3D7M3D23M1D60M4D23M4D36M2I38M2I12M
76	3115	0.341	8.863E-74	0	822	857	0	924	925	3M3I100M1I162M5D16M3D41M2D6M2D9M1I25M1D14M23D10M5D9M2D23M14D22M19D9M31D39M2I43M3I46M2D17M1I21M6D33M2D10M3I21M3D29M2I44M2I53M
15	3114	0.340	9.366E-74	8	816	857	41	981	983	98M1I169M6D3M1I29M1D11M2D43M6D14M26D17M2D23M21D21M14D15M42D40M2I43M3I46M2D18M1I15M1D6M4D31M1D12M5D13M3D5M2D19M1D27M3D36M2I45M
105	3109	0.317	1.234E-73	8	819	857	5	962	963	98M1I208M16D36M19D45M4D13M26D9M4D19M22D12M5D6M43D38M2I43M3I46M2D18M1I11M2D10M4D34M1D23M5D13M2D71M2I50M
56	3106	0.345	1.456E-73	0	825	857	0	930	931	5M3I98M1I162M10D28M6D17M2D30M1D10M6D20M15D27M4D18M12D14M9D21M47D39M2I43M3I46M2D17M1I21M6D30M2D66M2I44M2I38M3I15M
119	3106	0.324	1.456E-73	2	822	857	0	967	968	5M1I100M1I172M5D19M28D13M15D13M38D56M25D25M4D39M10D11M13D36M2I43M3I46M2D18M1I22M6D33M1D24M15D45M2I36M2I38M3I12M
126	3104	0.360	1.626E-73	0	810	857	1	804	808	105M3I161M4D30M7I12M7I54M10I38M10I5M5D13M11D38M2I43M3I45M1D19M1I12M5D8M1I23M2I23M1D36M6D21M9D36M4I35M1D4M
35	3103	0.337	1.718E-73	2	822	857	0	928	929	5M1I98M1I162M8D50M3D14M3D8M8D18M1D14M19D39M13D28M52D14M2D39M2I43M3I46M2D17M1I24M6D30M2D9M6D50M7I43M2I53M
113	3102	0.344	1.816E-73	2	821	857	0	914	915	5M1I98M1I164M6D30M2D25M2D8M4D11M1D9M9D16M8D17M4D13M14D6M41D18M8D23M1D8M2D38M2I43M3I46M2D17M1I20M6D34M2D11M2D26M3I20M8I41M2I42M2D10M
31	3102	0.322	1.816E-73	8	822	857	5	969	970	100M1I172M17D9M21D18M39D25M8D30M3D85M38D9M13D36M2I43M3I46M2D18M1I20M6D35M1D11M5D3M5D56M4D37M2I38M3I12M
27	3100	0.320	2.027E-73	8	822	857	5	969	970	100M1I206M16D17M3D22M12D46M2D22M52D34M54D37M2I43M3I46M2D18M1I20M6D35M1D8M10D56M4D43M2I38M3I12M
54	3099	0.346	2.142E-73	2	825	857	0	922	923	5M1I98M1I163M5D9M3D38M3D16M4D46M22D12M5D20M3D5M41D10M3D11M4D4M9D13M2D39M2I43M3I46M2D17M1I21M6D30M2D78M2I32M2I38M3I15M
109	3098	0.340	2.264E-73	2	816	857	0	913	915	5M1I98M1I180M1D28M17D21M3D18M6D17M18D24M11D29M20D20M2D11M28D38M2I43M3I46M2D17M1I14M6D40M2D12M1D51M8I38M2I47M
25	3095	0.321	2.671E-73	8	822	857	5	969	970	100M1I206M16D17M3D22M12D8M15D29M28D10M14D47M38D9M13D36M2I43M3I46M2D18M1I20M6D35M1D8M8D18M4D40M2D41M2I38M3I12M
24	3092	0.330	3.152E-73	8	822	857	5	969	970	100M1I206M16D17M3D22M12D13M3D21M22D14M32D46M38D9M13D36M2I43M3I46M2D18M1I20M6D35M1D10M5D4M5D56M4D37M2I38M3I12M
30	3091	0.322	3.330E-73	8	822	857	5	971	972	100M1I173M8D22M25D9M25D4M8D46M2D38M33D47M6D7M34D38M2I43M3I46M2D18M1I11M2D10M4D34M1D7M11D30M1D29M2D41M2I38M3I12M
29	3089	0.327	3.719E-73	8	822	857	5	969	970	100M1I172M17D9M21D18M8D9M18D73M10D11M14D29M11D9M7D15M33D39M2I43M3I46M2D18M1I20M6D35M1D18M10D43M2D10M2D36M2I38M3I12M
28	3086	0.328	4.388E-73	8	822	857	5	970	971	100M1I172M5D19M18D55M9D7M15D24M19D6M9D10M14D12M11D25M17D7M10D11M13D36M2I43M3I46M2D18M1I20M6D31M1D11M11D30M6D6M1I29M2I32M2I38M3I12M
118	3086	0.338	4.388E-73	2	821	857	0	977	978	5M1I100M1I181M7D29M3D20M10D15M14D34M5D9M14D14M9D23M26D21M56D38M2I43M3I46M2D17M1I12M2D8M3D16M2I9M4D9M1D7M14D21M2I5M2I23M7D45M1I6M1I34M3I11M
39	3085	0.332	4.637E-73	2	822	857	0	964	965	5M1I100M1I173M7D21M30D5M11D18M40D61M31D22M3D48M14D36M2I43M3I46M2D18M1I20M6D35M1D30M9D25M3D52M2I38M3I12M
48	3083	0.357	5.178E-73	2	820	857	0	898	899	5M1I98M1I162M6D47M1D15M4D19M4D4M1D20M19D12M1D13M2D23M6D24M13D6M27D2M2D39M2I43M3I46M2D17M1I20M6D34M2D12M2D51M6I40M2I42M2I7M
38	3082	0.319	5.471E-73	8	822	857	5	968	969	100M1I206M16D17M5D22M7D34M3D7M31D7M26D10M11D45M39D36M2I43M3I46M2D18M1I11M2D10M4D34M1D37M2I32M16D36M2I38M3I12M
112	3081	0.330	5.781E-73	2	822	857	0	970	971	5M1I100M1I206M16D17M5D22M12D9M24D24M6D2M13D12M10D35M2D15M9D5M43D37M2I43M3I46M2D18M1I20M6D35M1D8M5D9M5D24M6D28M2I34M1I6M1I34M3I12M
13	3079	0.347	6.456E-73	2	822	857	0	893	894	5M1I98M1I162M10D28M29D6M2D7M1D52M15D9M1D14M3D23M8D7M3D34M1D5M2D39M2I43M3I46M2D17M1I21M6D33M2D63M2I44M2I53M
85	3079	0.328	6.456E-73	8	822	857	5	969	970	98M1I174M5D19M18D24M3I20M22D10M4D34M10D11M32D12M11D25M17D7M10D11M13D36M2I43M3I46M2D18M1I20M6D31M1D11M11D30M7D30M4I36M2I38M3I12M
107	3076	0.324	7.617E-73	2	823	857	0	968	969	5M1I100M1I162M2I44M38D18M6D22M15D15M9D31M22D45M18D6M33D39M2I43M3I46M2D18M1I10M2D11M4D34M1D8M6D9M4D53M3D37M2I38M2I6M2I6M
34	3076	0.321	7.617E-73	8	821	857	5	969	970	100M1I172M5D17M41D27M20D7M8D4M11D27M3D85M38D9M13D36M2I43M3I46M2D18M1I20M6D31M1D11M11D24M1D35M2D43M2I36M2I12M
43	3072	0.344	9.498E-73	0	821	857	0	930	931	3M3I100M1I162M8D48M3D12M10D23M15D21M5D28M4D18M12D26M9D9M46D39M2I43M3I46M2D17M1I20M6D34M2D11M5D35M3I12M4I44M2I43M1D9M
26	3071	0.322	1.004E-72	8	819	857	5	966	970	100M1I206M16D26M30D50M28D10M14D47M38D9M13D36M2I43M3I46M2D18M1I20M6D35M1D18M10D43M2D9M2D37M2I38M3I9M
122	3071	0.338	1.004E-72	10	823	857	6	972	1001	95M1I187M9D17M3D21M32D30M1D19M3D10M13D15M10D30M5D11M8D10M9D37M2I39M4I4M2D45M2D17M1I14M3D3M3D33M3D13M10D8M8D15M40D11M5D66M2I27M6I21M
71	3070	0.349	1.061E-72	10	815	857	19	926	934	96M1I162M6D15M2D35M3D15M3D45M25D12M2D20M3D9M5D25M23D9M31D39M2I43M3I46M2D17M1I21M6D30M2D78M2I32M2I46M
78	3070	0.343	1.061E-72	2	823	857	0	938	940	5M1I98M1I177M11D13M22D27M4D5M2D53M2I7M5D15M1D10M53D8M10D20M3D12M6D37M2I43M3I46M2D17M1I20M6D31M2D14M4D5M4D93M2I42M6I6M
75	3066	0.315	1.322E-72	8	822	857	5	969	970	98M1I174M5D19M28D13M5D17M50D57M25D55M4D15M22D36M2I43M3I46M2D17M1I14M3D7M3D35M1D37M2D34M12D36M2I38M3I12M
116	3064	0.357	1.477E-72	6	819	857	3	892	893	100M1I164M8D58M2D17M27D19M8D32M22D11M9D16M3D23M1D8M2D38M2I43M3I46M2D17M1I12M2D10M4D32M2D27M5I31M1I11M2I12M1D20M2I50M
47	3063	0.355	1.560E-72	0	814	857	0	810	820	3M3I100M1I162M8D9M2D84M6D29M2D15M1D13M1D36M2D38M2I43M3I46M2D18M1I11M2D10M4D32M2D16M2D13M14I17M12I37M2I45M
53	3060	0.323	1.841E-72	8	823	857	5	963	964	100M1I172M5D20M28D8M47D10M24D15M8D2M1D30M6D34M1D17M5D17M5D20M3D39M2I43M3I46M2D17M1I12M2D10M4D34M1D8M11D24M9D28M6I41M2I38M3I6M1I6M
106	3060	0.322	1.841E-72	8	821	857	5	969	970	100M1I258M11D16M16D21M6D17M6D4M24D16M24D16M52D36M2I43M3I46M2D18M1I20M6D31M1D11M11D30M6D31M3I36M2I38M2I12M
86	3058	0.325	2.056E-72	2	822	857	0	969	970	5M1I100M1I182M7D12M16D33M23D50M17D6M17D9M8D47M38D9M13D36M2I43M3I46M2D18M1I20M6D35M1D18M10D30M2D23M2D36M2I38M3I12M
64	3057	0.326	2.172E-72	8	821	857	5	967	968	98M1I174M17D8M25D19M30D16M2D29M11D8M40D19M1D11M8D21M1D42M2D39M2I43M3I46M2D18M1I11M2D10M4D34M1D18M10D45M2D7M2D37M2I38M2I12M
130	3056	0.328	2.296E-72	8	818	857	5	982	983	98M1I204M74D15M31D8M2D29M1D34M2D19M14D25M2D4M23D9M3D39M2I43M3I46M2D17M1I12M2D9M4D33M2D10M10D23M4D76M2I49M
127	3056	0.339	2.296E-72	10	821	857	50	1012	1013	96M1I183M7D12M16D3M5D7M19D14M39D15M11D30M7D46M13D31M10D7M17D37M2I43M3I47M2D18M1I13M4D6M1D33M1D11M12D61M1I37M2I38M3I11M
92	3051	0.307	3.025E-72	8	818	857	1	1083	1084	98M1I162M2D20M13D22M6D6M12D30M6D27M2D5M16D7M46D8M59D62M27D37M2I42M3I2M2D45M2D17M1I14M6D39M1D8M25D6M2D38M46D22M8D36M2I49M
45	3050	0.337	3.196E-72	2	822	857	0	926	927	5M1I98M1I162M5D16M3D34M3D15M3D15M22D42M5D8M3D20M2D14M27D18M33D3M2D39M2I43M3I46M2D17M1I14M6D37M2D78M2I32M2I53M
5	3049	0.327	3.377E-72	8	822	857	5	969	970	100M1I206M16D17M3D22M12D8M15D29M28D10M14D47M38D9M13D36M2I43M3I46M2D18M1I20M6D35M1D18M10D52M4D37M2I38M3I12M
108	3045	0.333	4.211E-72	8	823	857	5	927	928	100M1I182M7D42M13D21M6D14M2D9M4D8M34D15M2D7M12D25M1D21M20D4M1D36M2I43M3I46M2D18M1I13M3D7M3D35M1D15M9D92M2I43M4I7M
8	3044	0.319	4.450E-72	0	823	857	0	1015	1016	5M1I99M1I163M10D5M3D3M6D25M40D17M22D25M15D10M11D37M1D14M5D13M12D10M17D7M8D18M6D41M2I22M2I9M2I9M3D45M1D4M1D15M1I20M6D32M2D14M5D19M16D5M1D37M14D40M2I32M1D6M3I9M
51	3041	0.346	5.250E-72	8	817	857	5	925	932	98M1I162M5D10M3D57M3D43M24D12M5D17M1D15M14D22M26D9M31D39M2I43M3I46M2D17M1I24M6D30M2D10M1D27M1D24M4I44M2I48M
77	3039	0.357	5.863E-72	6	822	857	3	923	925	100M1I163M3D8M7D21M6D5M2D14M21D32M13D27M6D8M5D15M16D13M23D27M1D14M2D39M2I43M3I46M2D17M1I13M2D9M4D30M2D31M2I32M2I44M2I42M2D11M
57	3038	0.333	6.195E-72	0	814	857	0	921	931	5M3I98M1I246M19D26M18D10M6D11M14D32M5D4M40D19M9D38M2I43M3I46M2D17M1I20M6D34M2D11M2D17M4I8M3I22M3D44M2I45M
42	3037	0.336	6.547E-72	0	818	857	0	932	933	3M3I100M1I169M11D22M13D29M8D56M3D16M9D3M2D54M62D37M2I43M3I46M2D17M1I12M2D9M4D33M2D26M8D83M2I49M
82	3036	0.352	6.918E-72	4	811	857	26	939	947	6M1D96M1I167M15D20M29D25M1D44M1I37M4D18M2D4M8D10M21D21M28D39M2I43M3I46M2D17M1I21M6D33M2D12M1D19M4I74M2I42M
23	3027	0.355	1.136E-71	6	811	857	3	927	935	100M1I168M21D14M21D27M6D9M29D11M9D3M10D14M1D8M5D32M4D7M3D12M1I39M2D41M2I43M3I46M2D17M1I12M2D9M4D31M2D14M6D30M2D67M2I42M
46	3020	0.341	1.672E-71	2	819	857	0	925	926	5M1I98M1I162M5D10M5D21M1D79M24D12M5D19M1D35M26D9M31D39M2I43M3I46M2D17M1I14M6D40M2D28M2I31M4I44M2I19M12D23M4D8M
66	3018	0.340	1.867E-71	0	824	857	0	922	923	5M3I77M1D21M1I168M21D16M11D45M7D7M6D22M6D6M18D10M16D10M5D30M6D16M1D56M2I43M3I46M2D17M1I21M6D33M2D10M6D9M2D90M2I42M6I7M
58	2998	0.350	5.626E-71	2	825	857	0	888	889	5M1I98M1I162M6D15M2D35M3D15M3D45M22D14M8D16M15D17M3D11M6D18M9D38M2I43M3I46M2D17M1I12M2D10M4D32M2D6M5D36M4I9M10I44M2I37M3I16M
96	2998	0.341	5.626E-71	7	821	857	37	942	948	31M5I63M1I167M14D50M22D38M4D15M1D16M41D9M12D27M4D23M10D3M3D39M2I21M4I13M1I51M1D18M1I14M5D37M2D63M10I6M1I32M2I42M1I9M
101	2996	0.322	6.282E-71	0	814	857	12	931	936	106M1I171M8D16M20D28M11D6M14D37M2I28M16D37M3D24M18D38M2I26M2D16M3I46M2D18M1I13M8D7M9D29M2D22M1I56M4D36M2I43M
102	2996	0.314	6.282E-71	0	821	857	0	963	964	3M3I102M1I182M7D12M26D10M38D14M7D5M9D54M7D68M38D39M2I43M3I46M2D18M1I13M6D38M1D32M9D6M2D35M4D36M1I6M1I34M2I12M
83	2971	0.346	2.494E-70	8	811	857	29	939	947	2M1D96M1I167M15D19M27D70M2D38M1D18M2D8M52D10M7D17M2D39M2I43M3I46M2D17M1I21M6D33M2D20M4I19M1D66M2I42M
65	2946	0.317	9.904E-70	10	821	857	2	878	879	96M1I195M34D6M16D26M10D13M7D19M29D4M3D17M1D67M17D39M2I43M3I46M2D17M1I14M5D37M14I18M36I46M2I50M
68	2946	0.335	9.904E-70	25	821	857	17	900	901	6M2I73M1I183M7D12M16D18M15D53M1D42M29D39M13D39M2I42M3I47M2D18M1I15M2D5M3D32M1D22M3D38M9D50M2I38M3I11M
74	2946	0.335	9.904E-70	10	787	857	1	902	926	96M1I174M7D22M22D13M39D12M1D10M3D15M11D28M24D31M3D24M5D19M6D38M2I43M3I45M2D18M1I14M4D60M7D50M1I38M2I18M
60	2946	0.311	9.904E-70	10	821	857	3	993	994	9M2D13M10D9M3D65M1I194M3I19M4D12M18D9M23D27M3D19M54D11M5D42M28D5M15D7M10D38M2I43M3I46M2D17M1I13M7D6M2I32M2D13M3D12M3D49M2D1M1I34M2I52M
73	2907	0.324	8.512E-69	24	821	857	0	932	933	82M1I242M3D21M9D13M2D6M19D22M36D12M10D7M28D11M12D14M6D38M2I43M3I45M2D19M1I11M2D8M3D43M16D54M1I45M2I38M3I11M
55	2868	0.332	7.316E-68	8	828	857	5	892	893	98M1I11M1I152M2D10M16D35M8D43M21D11M4D12M3D21M22D11M28D11M4D29M2D39M2I43M3I9M1I36M2D10M1I6M1I14M6D13M17I4M13I61M2I37M1I6M1I9M1I28M6I11M
18	2854	0.284	1.583E-67	8	813	857	1	1244	1248	101M1I160M5D21M3D26M30D26M15D12M3D33M19D1M26D13M10D15M55D19M18D9M1D11M16D37M2I23M1D4M2I14M2I47M2D18M1I19M6D32M1D13M28D8M90D8M1D9M58D8M31D3M23D26M5D34M1I6M1I32M1D8M
12	2842	0.413	3.069E-67	7	715	857	1	674	675	101M1I180M12I22M4I8M1I65M4I20M2I55M1I43M1D5M6I82M1D3M5I43M1I45M
121	2840	0.415	3.427E-67	14	696	857	1	618	619	94M1I163M12D13M3I16M6I32M8D7M1I9M2I13M32I5M44I2M7D22M1D57M1I71M1D11M1D29M2I28M3I16M
125	2824	0.335	8.284E-67	8	811	857	27	808	813	97M1I174M4D4M1D19M2D30M20D34M1I53M11I10M1I10M4I36M2I30M16I46M2D18M1I20M6D56M19I18M1D53M2I38M
114	2824	0.308	8.284E-67	1	814	857	0	925	929	4M2I99M1I112M1D84M4D13M2D9M9D58M4D11M33D15M19D8M30D10M1D29M5D38M2I25M2D17M3I44M1D4M1D15M6I13M5D3M4D32M2D39M2I37M7D34M2I43M
80	2800	0.331	3.113E-66	45	821	857	1	930	931	61M1I176M11D15M21D14M15D14M39D32M1I19M5D10M6D10M3D12M5D7M29D9M8D22M2D7M2D38M2I43M3I46M2D17M1I14M4D6M1D33M1D31M10D11M3D22M1I45M2I38M3I11M
21	2793	0.389	4.579E-66	6	678	857	2	720	745	100M1I111M1D57M1D31M9D74M22D113M2I42M1I48M2D19M1I8M1I2M7D7M2I23M2I20M14D8M
104	2792	0.313	4.839E-66	8	822	857	5	937	938	38M32I30M1I172M17D9M23D11M6D90M28D10M14D47M38D9M13D36M2I43M3I46M2D17M1I21M6D35M1D7M6D10M4D48M2D6M2D36M2I38M3I12M
2	2787	0.332	6.376E-66	1	819	857	3	780	781	105M2I57M1I105M2I12M13I4M17I10M4I41M1D66M3I51M1I38M4I4M4D48M3D7M1D5M12D14M3I40M6D22M10I25M14I6M3I36M1D8M5D11M3D27M
32	2779	0.311	9.912E-66	45	822	857	1	928	929	63M1I206M16D17M3D22M12D8M15D18M11D11M17D10M14D47M38D9M13D36M2I43M3I46M2D18M1I19M6D36M1D18M10D53M4D36M2I38M3I12M
84	2763	0.325	2.396E-65	51	821	857	1	928	929	55M1I183M7D11M16D12M46D21M16D2M1D16M1I23M19D41M29D9M8D8M6D20M3D39M2I42M3I47M2D17M1I14M4D6M1D20M1D42M1D26M10D55M2I38M3I11M
79	2719	0.338	2.713E-64	56	824	857	1	888	889	50M1I174M20D6M23D14M18D8M7D30M1D6M3D52M5D5M17D12M2D10M14D19M1I10M7D39M2I43M3I46M2D17M1I21M6D30M2D14M4D9M4D89M2I42M6I7M
14	2687	0.343	1.585E-63	5	814	857	82	884	886	100M1I8M25I4M3I72M1D53M4D5M2D26M2D27M4D20M3D16M3D3M1D28M1D21M13D20M15D10M4D46M2I42M1I49M2D17M1I11M2D11M4D46M2I20M31I44M2I43M
11	2570	0.420	1.006E-60	7	691	857	4	589	596	38M32I29M1I182M5I13M35I19M6I54M16I17M1I24M1D58M1I70M1D11M1D29M2I22M3I17M
103	2530	0.295	9.135E-60	29	820	857	0	885	886	49M4I8M5I7M3I193M28D10M21D21M3D33M1D18M5D16M34D9M4D50M2D38M2I41M2I2M1D45M1D4M1D16M1I13M4D4M2D32M2D13M3D19M5D43M2I36M2I38M2I11M
110	2489	0.296	8.767E-59	93	821	857	0	879	880	15M1I171M5D18M41D88M17D4M11D14M14D44M38D9M13D36M2I43M3I46M2D17M1I21M6D35M1D18M10D43M2D10M2D36M2I38M2I12M
81	2459	0.286	4.586E-58	42	856	857	7	882	885	66M1I182M7D12M26D5M15D23M4D23M4D17M10D30M21D47M37D9M13D36M2I43M3I46M2D17M1I12M2D10M4D34M1D25M2D7M14I11M10I15M26I3M23I33M7I22M
123	2209	0.351	4.467E-52	47	618	857	0	688	715	58M1I164M6D6M4D58M20D40M21D17M38D43M19D23M13D36M2I43M3I46M2D32M
19	1815	0.215	1.224E-42	8	820	857	12	730	735	27M1D14M2I3M4D42M1I11M2I42M1D11M5D6M8D18M3D2M1I28M2D8M3I8M3D36M12D16M50I15M14I11M22I13M1I10M5I24M1I13M2D6M2D19M2I29M1I14M2I6M2D42M2D16M1I10M2D4M8D38M5I13M1D11M3I8M11I11M4I13M1D6M14I5M2I17M1D11M1I4M6I18M
4	1534	0.210	6.591E-36	10	816	857	5	687	688	3M1D38M1I3M3I49M2I39M3D5M2D14M1I21M1I23M4D10M12I54M21I11M7I24M1I10M1D3M5I29M7I5M4I46M1D5M1D26M5I11M3D2M1D8M2I27M5D29M4D10M1I16M1D20M10I25M7I10M58I9M4D12M7I11M1I19M3D9M2I13M
90	1502	0.175	3.850E-35	2	814	857	0	694	697	7M1I25M1I10M5I57M2I40M3D4M2D14M1I20M1I29M12I3M1I37M28D13M56I9M1I8M14I6M14I17M10I28M6I39M5I3M2D10M1I10M3D18M1D38M4D8M1I21M1D16M5I22M5I6M6I27M8I35M7I10M1D18M1I4M1D37M
129	1301	0.158	2.513E-30	15	810	857	0	654	656	5M2D13M1I20M32I21M2I41M3D4M2D14M1I20M1I30M13I39M3D17M17D4M3I6M4I11M3I9M10I33M82I7M5D27M2I5M3I7M2D6M1D29M1I6M3D31M4D9M1I16M1D20M12I22M3D1M1I16M1D42M10I5M3I10M1D11M9I7M1I4M1D14M1D8M4D11M
99	1106	0.203	1.178E-25	8	543	857	17	448	450	26M1I14M2I4M3I47M2I41M3D3M1D14M1I23M1I24M2D12M12I34M14D13M31I10M17I16M21I9M13I34M18I39M5I9M3D4M1D6M1D22M2I3M
17	740	0.133	6.894E-17	12	856	857	3	707	985	21M2I12M1D5M4I22M1I4M1D25M2I39M2D3M1D21M9D19M1I19M11D8M2D13M10D32M2I5M15D120M2I16M1I42M2I5M2I18M6I7M12I3M4I27M6I4M19I12M21I4M11I4M41I5M1D85M32I12M22I40M
93	600	0.134	1.556E-13	14	814	857	13	801	803	34M2I9M5I32M1I11M2I40M7D15M3I19M2D28M10D5M8D10M4I31M2I7M4D18M2D31M2D25M1D29M103D39M5D30M2D28M12I14M16I25M3I6M18I9M24I4M10I5M35I3M4I2M1D60M2D15M2D14M3I3M19I37M
 54	6752	1.00	0.000E+00	0	922	923	0	922	923	923M
45	6421	0.987	0.000E+00	0	922	923	0	926	927	344M1I119M5D459M
71	6389	0.978	0.000E+00	4	922	923	16	933	934	340M1I578M
51	6061	0.884	0.000E+00	0	922	923	0	931	932	346M4I42M2D88M7D27M3D414M1D2M
50	6059	0.899	0.000E+00	0	920	923	0	905	906	348M2I87M3I4M7I19M3I448M
58	6056	0.939	0.000E+00	0	922	923	0	888	889	344M1I85M11I9M15I304M7I147M
70	6045	0.913	0.000E+00	0	922	923	0	857	858	315M26I99M39I444M
56	5921	0.852	0.000E+00	0	922	923	0	930	931	323M2I17M2I48M2D53M1D37M7D12M1I15M3D413M
76	5910	0.864	0.000E+00	0	922	923	0	924	925	344M3I46M1D50M1D37M7D22M4I417M
43	5872	0.868	0.000E+00	0	922	923	0	930	931	344M2I46M1D51M1D37M7D23M1D420M
46	5826	0.848	0.000E+00	0	922	923	0	925	926	346M4I42M2D45M3I9M2I10M1I9M1I35M3D264M4I114M12D32M1D2M
35	5814	0.845	0.000E+00	0	922	923	0	928	929	333M1D11M2I46M1D51M2I32M4D28M3D275M1D143M
69	5760	0.834	0.000E+00	0	922	923	0	923	924	340M12I90M1D15M1D20M8D32M3D414M
13	5758	0.825	0.000E+00	0	922	923	0	893	894	345M7I40M2D24M3I30M9I36M1I10M3I22M8I385M
41	5749	0.822	0.000E+00	0	922	923	0	923	924	292M3I40M1I8M2I46M2D28M1I53M7D28M1D5M1D270M3I143M
109	5738	0.843	0.000E+00	0	917	923	0	914	915	344M2I45M2D52M1D34M8D25M4I32M3I252M1I35M4I85M
3	5684	0.812	0.000E+00	0	918	923	0	881	882	327M2I6M2I5M15I35M2D90M2D12M1I11M10I21M11I371M
57	5666	0.826	0.000E+00	0	922	923	0	929	931	303M1I45M1I40M2D39M1D13M1D38M7D66M2I375M
52	5663	0.820	0.000E+00	0	922	923	0	907	913	327M2I4M2I9M2I46M2D44M3I43M2D12M1I6M9I413M
44	5654	0.809	0.000E+00	0	922	923	0	885	886	327M2I6M2I5M15I35M2D90M2D12M1I11M10I21M11I375M
113	5640	0.807	0.000E+00	0	922	923	0	914	915	344M4I6M4I33M2D51M1D35M3D298M3I48M4I88M1D5M
49	5581	0.797	0.000E+00	0	922	923	0	861	862	327M2I6M2I5M15I35M2D49M24I17M2D12M1I11M10I21M11I375M
77	5569	0.798	0.000E+00	0	921	923	0	920	925	344M2D18M3I24M1D78M1D16M7D19M7I273M2I138M
116	5413	0.787	0.000E+00	0	919	923	0	892	893	350M10I25M2I58M1D37M1D14M12I266M3I34M1D15M4I20M1D70M
48	5355	0.761	0.000E+00	0	918	923	0	898	899	302M2I40M2I5M4I30M2I32M4D30M3I31M3D18M4I6M2I10M5I9M1I237M3I46M1D95M
83	5342	0.772	0.000E+00	7	918	923	32	946	947	295M2I6M1D36M7I36M3D30M4D23M1D32M7D28M2D8M1D12M5I10M1I246M3I38M2D94M
82	5270	0.754	0.000E+00	5	918	923	30	946	947	2M1D299M1D41M6I38M3D28M4D23M1D32M7D53M5I5M1I9M1I227M3I47M2D94M
47	5095	0.737	0.000E+00	0	922	923	0	818	820	345M5I46M1D21M5I7M33I19M39I27M1I258M22I95M
42	5091	0.703	0.000E+00	0	918	923	0	932	933	294M2I48M3I5M6I27M1D22M3D53M1I16M7D26M3D46M2D224M6D15M2D37M2D94M
78	5091	0.705	0.000E+00	0	918	923	0	939	940	294M1I60M3I27M1D27M1I7M4D41M1I21M7D26M5D265M4D20M4D40M2D85M
55	5003	0.746	0.000E+00	0	922	923	0	892	893	112M1I236M1I23M2I15M2D75M4D20M4I30M1D12M2D14M4D99M1I49M1I44M32I112M1I39M
23	4999	0.692	0.000E+00	0	918	923	0	934	935	294M1I50M9I42M1D16M1I7M4D38M1I18M7D28M1D12M2D33M1D4M2D220M6D20M2D31M2D94M
130	4883	0.628	0.000E+00	0	918	923	0	982	983	281M1I15M3D94M3D19M7D7M4D10M6D15M1D49M14D33M8D8M3D256M14D37M2D94M
66	4836	0.658	0.000E+00	0	918	923	0	922	923	82M1D212M1I47M17I30M1D23M1I6M4D24M1I39M7D65M1D225M6D15M2D37M2D94M
79	4580	0.685	0.000E+00	52	918	923	0	888	889	242M1I60M3I27M1D34M3D39M1I24M7D25M10D43M4I219M4D20M4D39M2D86M
115	4514	0.557	1.470E-103	0	918	923	0	981	982	281M1I18M3D85M3D28M10D18M3D12M1D31M9D16M5D14M1D31M3D14M7D229M6D6M5D9M5D31M3D95M
30	4488	0.517	5.863E-103	0	919	923	0	971	972	281M1I87M1I23M2D22M5D6M6D28M1I12M16D27M1D31M3D9M6D21M1D210M1I24M15D29M1D106M
39	4484	0.513	7.255E-103	0	919	923	0	964	965	281M1I87M1I23M2D19M11D41M1D5M20D25M5I33M5D239M1I29M14D130M
33	4471	0.522	1.450E-102	0	922	923	0	969	970	281M1I46M2I39M1I23M2D19M8D12M8D41M3D25M9D33M3D6M6D231M1I12M7D7M1D8M7D23M1D103M3I6M
111	4460	0.528	2.605E-102	0	919	923	0	937	938	281M1I87M1I23M2D14M5D122M1I230M1I24M14D30M1D105M
38	4450	0.517	4.436E-102	0	919	923	0	968	969	281M1I87M1I15M2D27M9D37M1I10M15D28M2D35M9D237M1I12M7D7M8D35M1D105M
112	4444	0.514	6.106E-102	0	919	923	0	970	971	281M1I87M1I23M2D34M2D17M3D10M7D6M15D49M9D250M1I25M14D13M1D18M1D104M
31	4440	0.521	7.556E-102	0	919	923	0	969	970	281M1I62M2I23M1I23M2D19M11D34M5D22M8D7M4D48M3D6M6D231M1I17M8D10M7D26M1D106M
119	4437	0.513	8.865E-102	0	919	923	0	967	968	281M1I87M1I42M11D37M1I10M15D27M2D22M7D14M2D237M1I29M14D24M1D106M
28	4429	0.522	1.357E-101	0	919	923	0	970	971	281M1I62M2I47M2D15M11D32M5D11M3D6M9D66M3D6M6D231M1I11M14D13M1D29M1D106M
85	4418	0.517	2.438E-101	0	919	923	0	969	970	281M1I62M2I23M1I15M2D27M11D37M1I14M11D14M7D45M3D6M6D231M1I24M15D29M1D106M
118	4418	0.530	2.438E-101	0	918	923	0	977	978	281M1I71M1I10M1I23M2D43M18D13M1D31M8D14M5D25M1D9M8D195M1I20M2D21M1I12M15D33M3D9M1D104M
86	4417	0.518	2.572E-101	0	919	923	0	969	970	281M1I62M2I23M1I23M2D19M11D34M5D19M3D25M9D33M3D6M6D231M1I12M14D12M1D29M1D106M
27	4415	0.523	2.861E-101	0	919	923	0	969	970	281M1I62M2I23M1I23M2D19M11D34M5D5M3D4M9D68M3D6M6D231M1I25M1I5M16D22M1D106M
6	4408	0.524	4.153E-101	0	919	923	0	969	970	281M1I62M2I23M1I23M2D15M5D12M11D48M8D7M4D48M3D6M6D231M1I24M15D28M1D107M
5	4406	0.521	4.620E-101	0	919	923	0	969	970	281M1I62M2I23M1I23M2D19M11D34M5D5M1D6M11D66M3D6M6D231M1I11M14D13M1D29M1D106M
61	4402	0.529	5.716E-101	0	919	923	0	932	933	281M1I87M1I23M2D106M1D28M3I230M1I24M15D40M1D95M
24	4397	0.524	7.460E-101	0	922	923	0	969	970	281M1I46M2I39M1I23M2D14M5D16M6D30M1D7M13D10M3D53M3D6M6D231M1I12M14D12M1D29M1D100M3I6M
29	4396	0.517	7.869E-101	0	919	923	0	969	970	281M1I62M2I23M1I23M2D19M11D37M1I14M9D26M9D35M9D235M1I24M15D29M1D106M
59	4395	0.543	8.299E-101	0	921	923	0	981	982	6M1D275M1I13M3D91M3D37M17D31M1D14M4D18M1I13M7D29M4D2M4D19M17D172M1I98M1D11M1D90M
67	4394	0.537	8.753E-101	5	919	923	6	963	964	276M1I54M1I32M1I15M1I11M3D19M5D37M5D10M8D25M7D21M5D13M3D17M1D221M1I26M1I7M11D22M1D103M
62	4392	0.527	9.737E-101	0	919	923	0	930	931	281M1I87M1I15M3D11M1I41M16D19M3I11M8I20M7I254M1I29M14D130M
105	4392	0.526	9.737E-101	0	919	923	0	962	963	281M1I87M1I23M2D19M8D18M2D16M5D19M3D25M8D57M9D213M1I24M8D26M1D109M
53	4387	0.520	1.271E-100	0	919	923	0	963	964	281M1I87M1I15M2D27M11D37M1I13M9D27M8D42M2D228M1I16M5D11M10D24M1D108M
107	4387	0.516	1.271E-100	0	920	923	0	968	969	281M1I78M3I25M2D34M2D22M7D9M3D7M16D63M3D6M6D231M1I13M5D16M10D119M1I11M
25	4386	0.519	1.340E-100	0	919	923	0	969	970	281M1I62M2I23M1I23M2D19M11D37M1I13M14D12M4D48M3D6M6D231M1I11M14D13M1D29M1D106M
72	4375	0.526	2.408E-100	0	918	923	0	957	958	281M1I71M1I15M1I27M2D35M1D20M26D51M2D219M1I37M1I20M10D21M2D12M1D105M
106	4367	0.522	3.686E-100	0	919	923	0	969	970	281M1I46M2I39M1I23M2D14M5D16M6D30M1D5M16D56M9D241M1I17M14D12M1D29M1D106M
75	4363	0.517	4.561E-100	0	918	923	0	969	970	281M1I87M1I23M2D19M11D34M5D19M3D25M8D6M1I27M9D236M1I13M5D15M3D2M7D34M1D91M1D3M
26	4360	0.517	5.352E-100	0	919	923	0	969	970	281M1I62M2I23M1I15M2D27M8D12M8D27M3D6M9D66M3D6M6D231M1I24M15D29M1D106M
131	4356	0.524	6.622E-100	0	919	923	0	895	896	281M1I87M1I23M2D15M9I13M2I16M27I11M8I13M6I11M10D236M1I23M2D21M16D22M1D93M
64	4356	0.508	6.622E-100	0	919	923	0	967	968	281M1I87M1I23M2D48M9D23M6D30M9D13M3D22M6D231M1I24M15D42M1D93M
127	4353	0.520	7.769E-100	0	918	923	43	1012	1013	281M1I71M1I15M1I27M2D34M18D13M1D24M11D10M2D16M2D25M7D203M1I37M1I12M14D16M1I14M1I27M1D87M
34	4349	0.521	9.614E-100	0	919	923	0	969	970	281M1I62M2I23M1I23M2D14M5D16M6D23M5D19M3D25M9D33M3D6M6D231M1I12M14D12M1D29M1D106M
15	4348	0.539	1.014E-99	5	917	923	41	982	983	276M1I28M11I48M4D16M1I13M4D13M1D14M10D31M1D8M3D20M4I32M1D30M8D170M1I38M1I12M11D5M4D42M1D98M
94	4342	0.512	1.396E-99	0	919	923	0	923	924	281M1I39M3I15M2D30M1I15M1D53M13D46M2I36M14I223M1I15M14D49M4I92M
16	4337	0.546	1.821E-99	5	917	923	39	977	978	276M1I28M1I24M2I27M3I18M1I13M4D13M1D14M10D27M1I34M1I34M7D19M2D179M1I38M1I25M15D33M1I98M
22	4334	0.513	2.137E-99	0	919	923	0	957	958	281M1I39M3I45M1I23M2D22M4D34M1I8M20D25M5I37M4D5M5D230M1I20M1D7M13D23M1D109M
108	4332	0.515	2.377E-99	0	919	923	0	927	928	281M1I39M3I15M2D30M1I15M1D30M1D16M4D3M10D50M2I16M6I2M7I243M1I14M14D43M3I99M
73	4228	0.524	6.044E-97	23	918	923	2	932	933	258M1I46M1I40M1I26M2D37M1D16M3D15M9D25M5D5M4D224M1I40M2I11M16D61M1D86M
68	4204	0.519	2.170E-96	1	918	923	6	900	901	10M10I7M2I251M1I87M1I18M2D20M3I34M15I24M4I59M1I172M1I39M1I24M7D4M6D39M1D91M
60	4181	0.503	7.385E-96	5	921	923	1	993	994	10M2D16M8D6M5D244M1I23M3D31M2I48M3D36M17D32M1D13M12D65M6D19M14D169M1I56M7D44M1D13M1D88M
65	4166	0.523	1.642E-95	7	921	923	2	878	879	274M1I19M2D91M2D42M14D75M4I207M1I38M50I113M
102	4137	0.500	7.690E-95	0	919	923	0	963	964	281M1I71M1I15M1I15M1I11M3D24M1D20M1D4M12D17M2D25M4D9M1I7M9D3M1D252M1I13M14D20M2D24M1D103M
74	4029	0.528	2.420E-92	7	887	923	1	902	926	274M1I60M2I25M1I25M2D12M14D10M3D40M13D60M7I4M4I191M2I31M2I22M2D5M3D23M2D11M1D69M
32	3961	0.508	9.045E-91	42	919	923	1	928	929	239M1I62M2I23M1I23M2D19M11D41M1D7M16D63M3D6M6D227M2D3M3I23M15D28M1D107M
104	3959	0.492	1.006E-90	0	919	923	0	937	938	44M32I205M1I46M2I39M1I23M2D19M11D34M5D19M3D25M9D33M3D6M6D227M2D3M3I11M14D17M1D25M1D105M
80	3948	0.507	1.807E-90	42	918	923	1	930	931	239M1I50M1D29M20D32M2I35M1I13M1D27M11D8M2D33M2I12M4D21M8D173M1I39M1I24M8D7M5D36M1D91M
84	3922	0.511	7.218E-90	47	918	923	0	928	929	234M1I71M1I15M1I27M2D11M2D3M8D15M8D18M1D24M11D11M2D33M2I12M5D5M12D191M1I37M1I24M8D7M5D127M
117	3845	0.392	4.357E-88	0	922	923	0	998	1003	5M2D261M1D15M1I36M11D115M1D15M3D72M7D26M1D89M1D126M1D12M5D43M7D17M37D90M
128	3792	0.412	7.328E-87	5	920	923	6	875	876	261M6D13M4I18M20I21M25I53M3I9M1I22M8I55M10D6M14I88M1I8M2D153M5D21M6D10M1D102M
92	3695	0.379	1.283E-84	5	918	923	1	1083	1084	275M3D19M23D15M3D6M2D25M16D47M5D31M8D26M13D28M2D30M7D30M3D97M2D126M1I8M36D29M2D6M25D13M17D13M3D89M
110	3577	0.487	6.878E-82	90	919	923	0	879	880	191M1I62M2I23M1I23M2D19M11D34M5D5M3D4M7D8M2D60M3D6M6D227M2D3M3I23M15D29M1D106M
122	3562	0.360	1.529E-81	7	922	923	6	972	1001	264M3I7M3I35M16I3M13I22M28D25M1I13M2I19M3D24M1D29M1D41M5I19M1I82M1D117M1D21M10D7M5D26M6D6M3D16M41D73M5I18M
8	3515	0.365	1.868E-80	5	920	923	7	1015	1016	269M8D6M1D71M4D24M5D40M1D33M6D12M10D30M5D22M13D39M1I84M2D137M13D20M7D32M1D9M17D75M1D12M
18	3437	0.332	1.189E-78	5	917	923	1	1247	1248	272M4D16M2D28M4I23M7D3M6D33M2D11M2D31M16D2M6D36M3D26M10D6M6D38M22D17M15D67M1I15M1D125M1I23M4D3M86D3M120D2M21D5M1D38M6D84M
101	3422	0.372	2.644E-78	5	911	923	20	928	936	262M7I22M4I29M4I52M6I24M2D78M1D16M1D18M1D19M5D5M5I64M2D99M11D92M2D24M3D77M
103	3417	0.442	3.450E-78	26	918	923	0	885	886	49M4I10M5I5M2I170M4I6M2I10M2D48M15I76M2I19M6I24M16D47M2D18M3D83M2D141M6D33M2D114M
81	3413	0.451	4.269E-78	39	922	923	7	859	885	242M1I87M1I15M3D11M1I15M1D11M13D28M14D54M5D255M1I12M6I5M6I44M56I14M5D19M
126	3361	0.355	6.808E-77	6	913	923	10	806	808	96M2I161M2D14M4I27M13I6M1I11M32I21M6I19M33I18M16I18M10I8M13I16M8D133M1I37M2I27M4I22M1D35M7D6M4D15M6D38M2I41M
100	3334	0.357	2.867E-76	4	921	923	3	805	806	261M8I7M3I10M25I7M40I15M1I30M6I15M8I11M14I19M5I16M3I41M7I77M1D2M1D85M5I1M7D35M2D23M8I93M1D27M6D10M
91	3314	0.364	8.318E-76	5	920	923	9	787	788	100M1D162M1D11M4D3M2I4M27I5M15I8M22I3M11I8M2I41M6I23M21I42M25I6M2I63M2I8M1D8M1D82M6I35M2I14M3I50M2I4M2I3M1I33M2D17M4D32M
114	3260	0.370	1.475E-74	5	911	923	5	922	929	215M1D51M2I6M4I25M1D53M5I29M5D23M2D8M1D81M1D20M4D87M2D87M5I16M3D51M6D10M7I13M2D33M6D76M
98	3230	0.343	7.290E-74	5	920	923	13	775	776	101M1D160M4D13M2D16M7I10M8I9M31I11M7I22M1D8M4I15M88I27M1I9M2I63M2I14M1D2M1D74M1I6M1I3M5I33M2I29M8I29M1I10M1I32M2D22M4D29M
97	3188	0.345	6.825E-73	1	922	923	22	785	786	105M1D160M4D14M28I11M39I8M8I15M23I5M6I14M1I5M9I22M17I28M12I21M2I62M3I14M1D2M1D84M6I33M2I15M2D8M9I44M3I34M1D16M2D26M2I6M
124	3175	0.367	1.364E-72	5	913	923	1	712	713	258M3D2M5D3M8D10M16I5M21I8M11I5M39I7M46I12M47I2M9D21M14I15M1I4M2I40M1D24M1I16M2D82M1I32M2I21M3D8M18I5M1I18M8I43M1D6M1I33M
10	3154	0.337	4.173E-72	0	920	923	21	783	784	106M1D160M3D15M29I9M39I8M18I2M11I13M2I7M10I11M4I27M7I28M25I21M2I63M2I14M3D1M1I84M6I33M2I15M2D8M10I42M3I32M2D21M2D30M
120	3143	0.357	7.496E-72	0	922	923	2	761	764	104M2I171M7I8M15I31M12I3M1I55M8I26M7D7M25I13M55I6M5I35M2D39M1D7M1D47M2I18M1D50M4I4M2I34M35I6M1I32M1I52M
0	3133	0.342	1.277E-71	0	920	923	8	753	754	106M1D159M9D15M3I5M15I27M55I25M60I6M39I31M1D6M2I63M3I13M1D2M1D77M1D4M1I3M5I33M2I14M5D10M1I4M11I37M1I30M2D21M2D32M
7	3124	0.347	2.062E-71	0	922	923	2	825	857	5M1D98M1D163M5I8M5I19M6I6M6I3M36I19M5I5M4I48M11I25M8I23M3I11M13I17M2I39M2D43M3D46M2I17M1D12M2I24M4I18M2I75M2D32M2D38M3D15M
95	3112	0.346	3.906E-71	5	921	923	1	719	720	97M2I173M7I30M40I15M9I21M35I9M53I7M7I13M20I8M10D2M5I31M2D44M2D49M2I18M1D50M4I4M2I13M19I12M7I24M1I32M1I41M1D10M
1	3111	0.333	4.120E-71	5	922	923	5	779	787	260M6I10M3I4M32I6M38I6M33I17M20I10M13I7M27I13M1I23M2D21M5D2M1D22M1D13M2D40M1D3M1D49M2I16M2D14M1I22M4I11M4I79M1I32M1D4M2D9M7D6M8D2M3D18M6D14M
89	3105	0.351	5.671E-71	5	922	923	7	760	777	99M1D161M9I6M16I9M49I9M18I28M8I10M2I3M6I9M5I11M32I27M17I13M2I39M2D37M3D4M1I49M2I16M1D14M7I28M3I120M2D40M4D9M
40	3085	0.346	1.645E-70	0	922	923	1	759	776	104M1D162M17I12M7D9M17I3M13I5M18I7M44I21M6I9M5I10M41I27M8I14M2I39M2D37M3D4M1I47M2I18M1D10M2I7M5I22M3I123M2D34M1D7M3D8M
87	3070	0.336	3.657E-70	5	922	923	7	756	770	96M1D169M9D11M1I9M9I21M6I17M34I6M5I27M120I16M2I39M2D42M2D47M2I17M1D16M7I27M3I48M5I27M1D36M2D42M8D11M
96	3070	0.322	3.657E-70	5	920	923	38	942	948	30M5I227M7D13M3I30M1I67M2I18M1D16M6I19M32D30M19I38M3I23M1D60M4I17M2D49M1I32M1I7M4D13M4I39M9I130M
63	3050	0.346	1.061E-69	5	921	923	7	756	778	96M1D169M18I27M6I3M43I19M18I26M13I16M19I29M41I4M2I39M2D43M2D46M2I17M1D16M7I24M3I51M5I19M1D44M2D38M1D14M
88	3044	0.330	1.460E-69	5	922	923	7	752	770	266M28I22M2D3M33I12M28I19M9I5M71I10M2I39M2I39M2D37M3D4M1I49M2I12M1D17M3I4M4I22M3I55M1D22M1I45M2D39M4D10M
20	3042	0.340	1.624E-69	5	922	923	7	754	772	260M7I9M11I5M7D9M14I4M13I5M18I8M76I18M32I17M2I34M1I4M2I39M2D36M3D5M1I47M2I17M1D11M2I6M5I23M3I55M1D22M1I42M2D42M4D10M
37	3025	0.325	4.017E-69	2	922	923	0	815	829	13M2D144M1I107M6D10M7I12M11I11M9I13M9I7M10I10M16I8M25D14M19I13M16I7M7I27M1I10M3I7M16I12M2I39M2D40M1D2M1D49M2I16M1D13M1I11M2D12M4I9M4I18M4D8M14I8M1I67M2D38M2D13M
2	3002	0.339	1.367E-68	1	919	923	6	780	781	105M1I54M1I112M3I4M2I7M32I13M51I17M26I2M11I33M10I33M1I29M6I38M1D41M3D49M1D11M1D6M4D58M1D7M3D19M29I10M4D48M3D11M5D12M3D27M
125	2976	0.327	5.459E-68	5	915	923	27	811	813	261M2D28M13I13M15I30M17D25M6I8M19I5M37I11M12I31M5I27M6I61M13I130M2I10M5I6M7I6M4D11M1I13M3I10M4I73M1I3M
36	2970	0.325	7.515E-68	2	922	923	0	815	829	12M2D145M1I107M6D10M7I12M11I11M9I13M9I3M24I24M23D14M19I11M23I20M9I12M8I3M2I5M1I25M2I39M2D40M1D2M1D49M2I16M1D13M1I11M2D12M4I9M4I19M4D7M14I8M1I64M4D4M2I35M2D13M
14	2960	0.353	1.280E-67	5	915	923	85	885	886	105M25I3M4I2M1D70M1D67M2I22M9I11M4I4M15I26M2I32M1D24M3I46M12I52M4I3M2I76M1D5M1D83M1D4M1I38M2I20M28I17M3I85M
123	2785	0.431	1.427E-63	44	737	923	0	713	715	221M2D13M5I38M1D138M19D244M1D21M2D14M
21	2697	0.362	1.548E-61	0	775	923	0	702	745	2M1I211M1D51M3I13M26I24M2I9M8I15M2I16M1I3M5I7M2I28M2I4M1I17M4I69M14I12M2I81M2D72M1I10M4D2M5I27M4I17M3D3M
12	2562	0.331	2.051E-58	5	833	923	2	674	675	260M2I13M3I31M21I9M5I31M2I23M57I9M15I10M2I25M12I7M6I4M2I28M1I6M2D35M1D7M1I4M2I45M2I17M1D13M5I5M1I33M6I10M13I40M2I4M
121	2541	0.337	6.276E-58	11	794	923	1	618	619	256M7D15M1I23M85I9M24I3M27I12M22I5M8D7M3I19M11I10M8I1M2D4M1I22M1D11M2D44M2D50M2I16M2D14M2I9M1D20M8I18M3D22M
9	2371	0.299	5.362E-54	5	922	923	7	619	639	96M1D170M22I10M59I9M88I15M88I9M18I3M21I6M15D6M13I44M2I17M1D14M2I4M5I25M3I48M5I24M1D39M2D38M1D15M
11	2191	0.323	7.804E-50	0	783	923	0	580	596	40M27I2M5I201M5D16M8I22M77I6M46I21M12I11M9I10M3I24M17I22M1D10M2D41M1D5M1D49M2I16M2D14M2I8M1D13M4I9M4I28M
19	1937	0.233	5.845E-44	5	917	923	12	732	735	26M1D18M2D44M1I9M1I44M1D11M5D6M8D18M1I3M3D27M2D51M5D13M6I3M21I12M50I16M20I13M24I6M3I11M23I8M40I18M3I13M2D6M2D47M1I13M1D5M2D80M4D39M1I13M13I18M8I17M2I12M2I17M9I10M1D8M1I17M1I10M
90	1373	0.175	6.468E-31	0	911	923	0	692	697	4M1I2M1D26M1I13M5I53M1I37M3D7M2D13M1I21M1I21M1D6M13I4M1I40M22D8M76I22M4I8M21I5M19I9M9I10M1I12M63I11M6I35M1I3M2I3M2D10M1D22M5D38M1I3M5D7M3I18M2D19M14I25M4I4M18I48M1D8M1I4M1I10M1D12M1D11M1D14M1D18M
4	1274	0.167	1.260E-28	9	912	923	8	685	688	39M4I53M1I37M3D6M2D17M1I19M1I20M1D3M3D9M12I38M5I7M12I4M10I11M25I15M20I7M2I15M3D6M46I23M12I36M10I17M2I6M5I25M3I14M3D2M1D8M2I7M2D1M6D4M3I5M5D7M2I26M4D8M3I16M2D14M9I6M3I16M2I13M66I7M1I9M3I2M2I14M3D25M3D20M
129	1190	0.164	1.104E-26	10	910	923	0	650	656	23M1I9M35I3M2D4M1D20M1I37M3D7M2D13M1I18M1I24M1D6M13I4M1I35M1I8M29I15M76I2M15D33M35I14M11I19M38I8M6I27M2I5M1I7M2D6M1D8M1D7M3D14M1D35M4D9M3I16M2D16M8I7M3I17M6I2M1I7M1D4M19I44M2I8M2D2M1I9M1D16M1D6M1D13M1D19M
99	934	0.181	9.200E-21	5	637	923	17	449	450	28M1I11M5I55M1I37M3D4M1D14M1I23M1I31M2I8M8I32M9D14M117I20M18I8M44I10M12I37M8I38M3I9M3D4M1D7M2D10M2D12M
17	824	0.165	3.220E-18	9	843	923	3	900	985	22M2I25M3I14M1I4M1D25M1I39M2D3M1D21M9D19M1I18M12D7M1D16M10D31M2I8M9D17M30D39M8D37M2I24M6D39M1D13M3D15M1D15M2D22M3D29M11D7M3D5M30D16M3I26M6I12M15I3M3I12M1D13M17D16M60I27M5I19M5D37M1D36M
93	626	0.149	1.222E-13	11	572	923	13	739	803	32M3D7M10I33M1I12M1I38M3D3M4D15M2I4M1I13M2D29M4I6M2I6M20D31M2I9M4D6M2D46M4D6M1D41M106D15M1D13M1D41M2D46M4D8M16D12M15D67M
 88	6173	1.00	0.000E+00	0	769	770	0	769	770	770M
20	5498	0.894	0.000E+00	0	769	770	0	771	772	280M1I3M4D95M1I390M
89	4980	0.752	0.000E+00	0	769	770	0	776	777	104M1D178M1D39M1I9M8D23M3D16M4I378M1I17M
40	4930	0.730	0.000E+00	2	769	770	1	775	776	102M1D166M3I11M4D37M1I9M8D16M3D25M4I376M1I17M
63	4679	0.685	0.000E+00	0	769	770	0	777	778	104M1D164M4D16M2I42M2D28M4D7M1D18M2D259M4I100M1I9M1D16M
87	4564	0.676	0.000E+00	0	769	770	0	769	770	104M1D165M2I13M4D44M3D50M2I260M4I126M
7	4135	0.555	4.150E-98	0	766	770	1	847	857	105M1D162M4D49M51D14M7D5M3D23M2D109M1D82M1I5M2D26M1D37M2D9M1D20M1I92M4D13M3D14M
9	3583	0.571	6.713E-85	0	769	770	0	638	639	104M1D164M4D13M5I36M101I5M12D37I176M4I98M2I17M1D8M
1	3496	0.430	8.105E-83	5	765	770	3	786	787	265M1D44M1D60M3D12M1D24M1D125M1D14M4D9M2I27M1I35M1I71M1D14M7D6M7D3M4D22M4I22M
37	3354	0.407	2.026E-79	6	756	770	2	822	829	11M2D144M1I106M39D38M29D7M6D34M3D11M1I190M4D35M1I23M10I30M1I91M1D17M
36	3346	0.401	3.148E-79	6	755	770	2	821	829	10M2D145M1I106M39D38M36D7M1I35M3D9M1I190M4D35M1I13M6D18M1D5M13I10M5I91M1D16M
91	3344	0.419	3.515E-79	5	750	770	7	787	788	98M1D165M18D6M5D11M1D14M4D42M6D11M6D14M3D58M2I22M2I67M1D2M1D13M1I16M1D33M1D15M1D25M2I13M6I19M1I52M4D24M4I8M
124	3297	0.438	4.684E-78	6	737	770	0	710	713	261M6D8M12D7M16I13M1I22M9D13M3I5M9I12M1D49M1I24M1I68M2D16M1I17M6D27M1D22M2I14M22I56M1I9M1I31M
0	3276	0.408	1.490E-77	5	748	770	11	753	754	103M1D159M19D16M7I6M6I34M1I46M2D41M2I24M3I64M2D17M2I2M1D8M3D5M1I24M3D5M2I15M3D23M5I17M5I12M1I55M2D18M1I7M1I6M
98	3274	0.392	1.663E-77	5	748	770	11	775	776	103M1D160M20D76M2I27M9D9M3D42M2I22M2I66M2D18M2I2M1D7M1D6M1I24M3D5M2I26M3I26M7I73M4D16M1I7M1I6M
120	3249	0.391	6.595E-77	0	752	770	0	763	764	105M2I160M5D26M5I18M4D18M8D38M38D179M7D33M3I10M21I28M15I35M3I35M1I7M1I10M
95	3243	0.402	9.179E-77	6	752	770	0	718	720	98M2I161M6D50M7I9M3I36M1I15M10D172M7D22M3I13M20I28M7I43M3I39M5I10M
100	3232	0.391	1.683E-76	6	749	770	3	805	806	272M43D13M1D52M1D40M6D41M2I91M2D14M1I15M4D5M5D29M3D5M2D12M1D30M10I24M1D36M2I11M1D29M4D10M
97	3199	0.403	1.037E-75	5	752	770	24	785	786	103M1D160M16D3M2I11M2I35M3D31M3D29M12D43M2I23M3I65M2D17M2I2M1D8M2D5M1I23M3D6M2I14M6D19M8I13M6I17M2I36M1I17M2D22M6I9M
10	3131	0.406	4.394E-74	5	750	770	24	783	784	103M1D160M10D70M5D39M12D47M2I22M2I67M2D15M2I4M1D15M1D22M3D6M2I26M3I25M7I6M1I66M2D17M1I7M3I6M
128	3131	0.354	4.394E-74	4	739	770	3	868	876	263M4D7M11D14M15D19M33D45M15D21M5D3M21D10M8D39M2I33M2D8M3I48M2D12M1I21M7D24M4D7M1I14M6D28M2D16M4D55M2I40M
15	3113	0.338	1.185E-73	5	739	770	39	978	983	263M10D13M1D7M13D6M5D25M53D3M2D16M8D15M39D16M3D8M26D7M26D40M2I37M3I4M1D49M2D12M1I17M4D4M2D29M2D16M4D29M9D33M3D38M2I40M
16	3079	0.333	7.712E-73	4	747	770	36	977	978	264M10D13M1D4M78D49M4D14M11D13M43D7M12D18M26D38M2I37M3I4M1D45M1D4M1D12M1I17M4D4M2D29M2D16M4D30M7D8M3D62M2I40M4I4M
131	3071	0.332	1.198E-72	7	738	770	5	888	896	260M10D12M9D10M29D11M4D43M16D32M58D10M3D39M2I37M3I4M1D49M2D12M1I14M2D7M5D24M1D12M1D7M11D22M1D39M7D41M2I39M
61	3061	0.322	2.079E-72	6	738	770	4	925	933	271M19D12M46D6M17D20M12D21M9D27M1D2M37D21M28D38M2I39M4I3M2D47M2D12M1I14M2D7M5D24M1D12M1D8M10D4M4D21M1I34M3D41M2I39M
130	3059	0.328	2.321E-72	7	748	770	5	982	983	262M4D17M10D10M70D11M28D11M41D28M7D7M54D26M5D45M2I37M3I4M1D49M2D12M1I14M2D7M5D27M3D16M6D9M2D9M2D44M6D40M2I39M4I6M
126	3055	0.362	2.894E-72	4	737	770	6	804	808	100M2I166M9D7M10D31M1I19M4D16M1D38M30D40M2I35M2I56M1D12M1I14M4D7M1D31M1I18M1D28M6D27M11D36M4I40M
47	3054	0.367	3.058E-72	5	738	770	3	808	820	263M25D10M49D17M3D12M5D3M1D18M2D8M2D13M1D21M1I15M2D38M2I37M3I4M1D49M2D12M1I19M7D27M3D19M1D20M23I58M2I39M
67	3053	0.327	3.231E-72	6	746	770	5	963	964	267M10D8M1D14M26D9M3D12M13D2M41D15M9D30M53D4M3D9M22D4M21D5M2D39M2I37M3I5M1D46M2D14M1I17M4D4M3D31M1D5M1D8M5D18M2D2M3D10M3D16M1I10M1I38M3D2M5I34M1I12M
70	3052	0.362	3.414E-72	7	738	770	5	847	858	261M22D16M17D6M4D26M1D2M17D13M27D20M16D34M2D39M2I37M3I4M1D49M2D12M1I17M3D4M4D22M3D55M1I22M1D45M2I39M
72	3050	0.339	3.812E-72	7	738	770	5	951	958	265M13D17M51D7M15D9M6D10M8D18M9D15M8D6M12D10M13D11M62D11M2D38M2I36M3I5M1D46M2D21M1I11M5D5M1D23M1D10M1D10M9D2M3D22M1I27M2D49M2I39M
56	3049	0.335	4.028E-72	5	755	770	3	930	931	263M22D17M27D15M1D6M2D13M19D30M33D9M72D27M3D39M2I37M3I4M1D49M2D12M1I19M7D27M3D52M1I19M1D48M2I38M7I11M
52	3048	0.335	4.256E-72	5	751	770	3	912	913	263M15D5M13D14M19D12M36D35M51D22M20D14M1I14M3D39M2I37M3I4M1D49M2D12M1I19M7D24M3D53M1D24M1I45M2I35M2D17M
53	3048	0.314	4.256E-72	7	752	770	5	963	964	268M10D4M9D10M29D7M32D9M4D4M3D16M8D11M15D15M27D19M44D5M17D10M2D39M2I39M4I3M2D47M2D12M1I14M2D7M5D32M2D12M11D39M5D62M2I38M7I8M
50	3046	0.353	4.751E-72	7	738	770	5	897	906	261M25D15M50D12M6D8M2D14M2D14M8D21M61D18M1I14M3D39M2I37M3I4M1D47M2D14M1I17M3D4M4D22M3D55M1I22M1D45M2I39M
69	3046	0.331	4.751E-72	5	752	770	3	923	924	263M25D15M40D12M10D20M10D17M28D5M55D14M2D19M1I14M3D39M2I37M3I4M1D49M2D12M1I19M7D24M3D24M6D8M6I85M2I40M4I9M
62	3046	0.319	4.751E-72	7	752	770	5	930	931	260M10D14M41D7M14D7M10D2M14D9M19D7M39D19M5D13M2D32M11D8M4D39M2I37M3I4M1D49M2D12M1I14M2D7M5D24M1D12M1D30M10D16M2I21M6D40M2I38M7I8M
49	3045	0.350	5.021E-72	5	749	770	3	861	862	263M15D5M13D27M2I17M4D15M3D10M11D21M15D13M49D7M2D39M2I37M3I4M1D49M2D12M1I19M7D24M3D22M1D20M2I39M1D40M2I34M1I15M
54	3044	0.338	5.305E-72	7	752	770	5	922	923	261M110D20M39D20M16D25M2D13M2D39M2D39M2I37M3I4M1D49M2D12M1I17M3D4M4D22M3D55M1I22M1D45M2I39M4I10M
48	3042	0.346	5.923E-72	5	747	770	3	898	899	263M25D12M5D16M2D8M36D21M1D28M33D3M33D11M3D12M13D6M2D39M2I37M3I4M1D47M2D14M1I19M7D30M3D16M1D18M1I22M2I58M2I34M1I7M2I4M
113	3042	0.342	5.923E-72	5	738	770	3	903	915	263M25D14M44D14M5D23M15D10M9D19M2D11M54D13M12D13M3D39M2I37M3I4M1D49M2D12M1I19M7D26M3D60M7I54M2I39M
105	3041	0.316	6.258E-72	7	738	770	5	955	963	268M10D6M41D7M17D12M13D25M14D7M9D13M22D14M41D4M19D13M18D10M2D38M2I37M3I4M1D47M2D20M1I22M7D25M1D4M1D8M1I11M8D49M2D40M2I39M
109	3040	0.340	6.613E-72	5	738	770	3	909	915	265M2D7M1D40M1D6M17D20M40D24M21D9M88D9M3D39M2I37M3I4M1D49M2D12M1I17M5D4M2D22M3D22M1D31M3I19M3I45M2I39M
3	3037	0.344	7.802E-72	7	748	770	5	881	882	261M15D5M13D26M7D34M5D12M4D20M31D9M8D4M49D7M2D39M2I37M3I4M1D49M2D12M1I19M7D24M3D55M1I27M1D40M2I39M4I6M
107	3037	0.314	7.802E-72	7	750	770	5	968	969	260M10D14M50D15M18D8M109D24M5D13M3D7M5D3M5D30M1I3M2D39M2I39M4I3M2D47M2D12M1I14M2D7M5D24M1D12M1D7M11D23M2D33M2D46M2I39M5I7M
75	3036	0.305	8.244E-72	7	752	770	5	969	970	260M10D12M9D10M29D7M32D4M7D30M3D15M16D18M37D13M61D9M2D39M2I39M4I3M2D47M2D18M1I8M2D7M5D32M2D12M14D61M2D40M2I38M7I8M
42	3035	0.335	8.711E-72	5	747	770	3	932	933	269M53D7M43D12M12D31M14D20M30D9M11D8M10D8M2D55M2I37M3I4M1D49M2D18M1I11M7D26M3D22M6D9M4D92M2I34M1I7M2I4M
116	3032	0.347	1.028E-71	5	738	770	3	885	893	263M25D15M26D10M8D3M13D11M3D16M7D27M52D21M4D5M4D3M5D7M2D38M2I38M3I3M1D49M2D12M1I23M7D20M3D76M6I17M1D19M6I1M4D39M
44	3031	0.347	1.086E-71	5	752	770	3	885	886	262M4D54M2D11M4D6M23D6M11D21M31D9M31D4M26D7M2D39M2I37M3I4M1D49M2D12M1I19M7D27M3D52M1I27M1D40M2I34M1I7M3I8M
66	3031	0.334	1.086E-71	5	748	770	3	922	923	79M1D186M3D53M7D7M98D7M7D8M46D26M2D14M1D39M2I38M3I3M1D49M2D18M1I11M3D4M4D22M3D22M6D45M4D56M2I34M1I7M3I4M
115	3027	0.312	1.354E-71	5	748	770	3	981	982	263M67D10M39D5M1D14M7D9M31D10M5D32M2D27M59D10M4D39M2I37M3I5M1D48M2D16M1I10M2D7M5D23M3D20M12D24M7D73M3D2M5I39M4I6M
76	3024	0.336	1.597E-71	5	752	770	3	924	925	263M25D15M49D14M6D20M13D12M1D7M50D15M14D20M12D12M1D2M2D39M2I37M3I4M1D45M1D4M1D12M1I19M7D24M3D22M1D20M1I12M1I22M1D45M2I40M4I9M
6	3022	0.316	1.783E-71	7	752	770	5	969	970	268M10D4M9D10M31D52M41D8M13D14M16D6M9D5M49D11M2D3M26D36M2I39M4I3M2D47M2D12M1I14M2D7M5D23M2D21M5D12M3D31M6D12M2D46M2I38M7I8M
57	3021	0.349	1.884E-71	5	738	770	3	919	931	263M1D11M19D8M11D18M23D13M1D16M2D14M4D9M30D7M74D7M4D7M6D7M3D39M2I37M3I4M1D49M2D12M1I19M7D27M3D19M1D20M1I12M1I28M1D39M2I39M
111	3020	0.316	1.991E-71	7	752	770	5	937	938	260M10D12M9D10M20D9M48D41M51D12M18D6M17D28M2D39M2I39M4I3M2D47M2D12M1I14M2D7M5D24M1D12M1D8M10D38M2I20M7D41M2I38M7I8M
45	3019	0.331	2.103E-71	5	752	770	3	926	927	263M25D15M51D14M66D10M8D15M7D14M14D10M2D39M2D39M2I37M3I4M1D49M2D12M1I17M3D4M4D22M3D55M1I28M1D39M2I39M4I10M
23	3019	0.342	2.103E-71	5	737	770	3	927	935	265M2D8M92D5M3D7M15D2M10D3M13D9M15D12M2D38M12D19M4D9M9D42M2I37M3I4M1D49M2D18M1I11M3D3M4D28M1D7M2D10M6D45M4D56M2I38M
71	3018	0.336	2.222E-71	4	738	770	14	923	934	264M109D20M39D20M16D15M1D16M1D7M2D39M2D39M2I37M3I4M1D49M2D12M1I17M3D4M4D22M3D55M1I22M1D45M2I39M
13	3017	0.343	2.348E-71	5	752	770	3	893	894	263M25D15M45D13M2I28M18D27M8D6M23D19M23D7M2D39M2I37M3I4M1D49M2D12M1I19M7D24M3D55M1I27M1D40M2I39M4I10M
106	3016	0.317	2.481E-71	7	752	770	5	969	970	260M10D12M9D10M44D7M15D9M4D4M3D13M8D12M9D29M1D2M58D10M42D10M3D39M2I37M3I4M1D49M2D12M1I14M2D7M5D23M2D20M11D41M3D21M2D40M2I38M7I8M
108	3015	0.317	2.622E-71	7	752	770	5	927	928	268M10D6M1D16M30D4M38D32M10D12M16D10M24D18M14D15M26D36M2I39M4I3M2D47M2D12M1I14M2D7M5D32M2D12M10D38M1D63M2I38M7I8M
78	3009	0.341	3.649E-71	5	743	770	3	937	940	264M6D9M48D12M19D5M5D15M6D13M44D15M3D3M34D24M7D12M6D8M4D39M2I37M3I4M1D49M2D12M1I17M7D26M3D23M8D26M2D74M2I34M1I9M
38	3009	0.312	3.649E-71	7	752	770	5	968	969	268M10D4M9D10M46D6M16D8M6D22M6D11M9D27M39D15M60D6M4D40M2I39M4I3M2D47M2D12M1I28M7D17M1D12M1D7M11D39M2I21M7D40M2I38M7I8M
112	3008	0.317	3.856E-71	6	752	770	4	970	971	269M10D6M1D16M26D9M38D11M20D19M15D16M2D11M10D8M57D6M11D9M17D38M2I39M4I3M2D47M2D12M1I14M2D7M5D23M2D21M10D6M4D54M2D41M2I38M7I8M
22	3006	0.308	4.305E-71	6	751	770	4	956	958	269M10D4M9D10M20D35M50D9M5D30M37D15M47D9M17D37M2I37M3I4M1D49M2D12M1I17M3D4M4D24M1D12M1D8M11D31M4D70M2I38M7I7M
43	3004	0.340	4.807E-71	5	752	770	3	930	931	263M25D15M50D12M5D21M16D13M7D8M72D13M2D20M1I14M3D39M2I37M3I4M1D49M2D12M1I19M7D24M3D22M1D20M1I12M1I22M1D45M2I39M4I10M
85	3004	0.315	4.807E-71	7	752	770	5	969	970	268M10D4M9D10M29D8M8D14M29D11M8D14M15D15M66D11M4D25M28D37M2I37M3I4M1D49M2D12M1I14M2D7M5D23M2D21M5D12M3D31M6D18M2D40M2I38M7I8M
127	3001	0.328	5.671E-71	4	738	770	45	1006	1013	264M4D6M7D28M15D14M27D3M76D43M5D5M36D19M41D37M2I39M3I3M1D45M1D4M1D18M1I11M5D5M1D23M2D20M9D10M2D50M2D41M2I39M
59	3000	0.313	5.992E-71	7	737	770	5	971	982	2M1D260M10D12M1D16M39D14M33D11M51D40M2D17M82D5M11D40M2I37M3I4M1D47M2D14M1I16M6D28M3D21M3D11M1I89M2I38M
64	2999	0.308	6.331E-71	7	752	770	5	967	968	260M10D12M9D10M46D7M15D13M7D19M2D18M16D17M16D5M9D6M72D11M2D39M2I39M4I3M2D47M2D12M1I14M2D7M5D24M1D12M1D29M1D40M15D40M2I38M7I8M
35	2997	0.336	7.069E-71	5	750	770	3	928	929	263M25D15M51D12M10D14M16D24M37D4M33D9M2D24M1I14M3D39M2I37M3I4M1D49M2D12M1I19M7D24M3D22M1D33M1I28M1D39M2I34M1I7M1I8M
25	2997	0.321	7.069E-71	7	752	770	5	969	970	268M10D6M41D7M12D8M15D9M4D4M3D13M8D10M66D7M10D12M5D4M11D6M6D16M11D7M4D40M2I37M3I4M1D49M2D12M1I14M2D7M5D24M1D12M1D8M8D19M4D14M2D23M2D45M2I38M7I8M
94	2994	0.320	8.339E-71	4	738	770	2	916	924	266M10D11M1D16M26D6M32D16M16D13M5D16M37D11M28D28M11D37M2I36M3I5M1D49M2D12M1I15M2D6M5D23M2D21M5D61M5D40M2I39M
86	2993	0.316	8.812E-71	7	752	770	5	969	970	260M10D12M9D10M44D7M15D9M4D4M3D13M8D10M66D7M10D12M5D15M4D20M28D38M2I37M3I4M1D49M2D12M1I14M2D7M5D24M1D12M1D8M11D40M3D21M2D40M2I38M7I8M
82	2991	0.341	9.838E-71	7	737	770	30	939	947	2M1D259M25D15M47D12M5D43M19D20M16D16M60D11M2D39M2I37M3I4M1D49M2D12M1I19M7D30M3D16M1D20M1I21M1I58M2I38M
39	2990	0.309	1.040E-70	7	752	770	5	964	965	269M10D5M1D16M30D14M36D10M18D15M9D27M39D15M43D8M17D38M2I37M3I4M1D49M2D12M1I14M2D7M5D24M1D12M1D30M10D18M1D21M3D40M2I38M7I8M
41	2988	0.343	1.161E-70	5	738	770	3	913	924	263M22D15M49D10M5D12M18D12M5D20M9D9M31D16M12D17M22D6M2D39M2I38M3I3M1D49M2D12M1I19M7D24M3D40M3I12M1I22M1D45M2I39M
51	2987	0.340	1.226E-70	7	738	770	5	920	932	261M25D15M48D12M12D32M23D13M3D11M66D19M1I14M3D39M2I37M3I4M1D45M1D4M1D12M1I19M7D24M3D55M1I22M1D45M2I39M
77	2979	0.338	1.906E-70	5	751	770	3	923	925	264M4D10M16D19M6D30M16D8M4D17M15D12M28D11M81D9M2D39M2I37M3I4M1D47M2D14M1I17M7D36M3D14M1D44M3I52M2I34M1I17M
33	2975	0.315	2.376E-70	7	752	770	5	969	970	260M10D12M9D10M31D52M41D8M13D14M74D23M28D38M2I37M3I4M1D49M2D12M1I14M2D7M5D24M1D12M1D8M5D12M3D7M3D21M3D21M2D40M2I38M7I8M
26	2974	0.310	2.510E-70	7	752	770	5	969	970	268M10D6M99D9M26D9M4D5M48D50M4D23M11D3M2D5M2D39M2I39M4I3M2D47M2D12M1I14M2D7M5D24M1D12M1D8M5D12M3D31M6D13M2D45M2I38M7I8M
24	2973	0.317	2.652E-70	7	752	770	5	969	970	266M10D6M9D10M31D30M35D9M33D9M51D14M5D11M4D23M28D39M2I39M4I3M2D47M2D12M1I14M2D7M5D24M1D12M1D8M8D19M3D21M3D20M2D41M2I38M7I8M
118	2973	0.317	2.652E-70	5	748	770	3	977	978	263M10D13M50D6M1D9M18D9M6D5M1D27M5D10M30D7M8D6M6D10M54D8M6D8M16D38M2I37M3I4M1D47M2D20M1I11M6D17M2I13M6D16M5D28M12D23M2D50M2I39M4I6M
29	2970	0.310	3.129E-70	7	752	770	5	969	970	268M10D6M41D7M12D7M17D9M107D23M8D34M9D24M2D39M2I39M4I3M2D47M2D12M1I14M2D7M5D24M1D12M1D8M5D12M3D31M6D13M2D45M2I38M7I8M
31	2969	0.312	3.306E-70	7	752	770	5	969	970	268M10D6M41D7M12D8M15D4M7D27M33D8M41D4M10D12M5D4M11D6M6D16M11D3M2D5M2D39M2I39M4I3M2D47M2D12M1I14M2D7M5D24M1D12M1D7M14D61M2D41M2I38M7I8M
30	2969	0.317	3.306E-70	7	752	770	5	971	972	260M10D14M1D14M1D3M25D4M15D9M18D25M40D21M33D21M47D8M18D38M2I39M4I3M2D47M2D12M1I14M2D7M5D23M2D20M11D43M3D19M2D40M2I38M7I8M
8	2967	0.314	3.692E-70	0	750	770	0	1015	1016	270M17D2M18D8M28D17M4D19M15D16M2D7M82D10M9D36M43D4M5D36M2I22M2I3M2I16M4D47M2D17M1I12M7D26M3D22M26D8M3D28M9D65M2I40M3I8M
117	2963	0.317	4.602E-70	0	752	770	0	1002	1003	270M11D9M8D13M7D4M27D9M17D34M7D12M12D21M2D6M68D7M35D40M2I38M1I53M2D18M1I11M4D3M3D30M4D33M4D11M14D31M31D41M2I53M
27	2958	0.314	6.062E-70	7	752	770	5	969	970	268M10D6M41D7M12D8M15D9M4D4M3D16M8D7M66D7M10D12M5D4M11D6M6D26M15D37M2I39M4I3M2D47M2D12M1I14M2D7M5D24M1D12M1D8M5D60M11D41M2I38M7I8M
34	2957	0.315	6.405E-70	7	752	770	5	969	970	260M10D12M9D10M44D7M15D4M7D22M8D10M66D7M10D12M5D15M4D20M28D38M2I37M3I4M1D49M2D12M1I14M2D7M5D23M2D20M11D6M3D56M2D40M2I38M7I8M
28	2956	0.308	6.768E-70	7	750	770	5	970	971	268M10D6M100D9M40D7M5D7M33D50M4D21M13D10M2D39M2I39M4I3M2D47M2D12M1I14M2D7M5D23M2D21M8D43M6D13M2D45M2I39M5I7M
119	2953	0.311	7.984E-70	6	750	770	4	967	968	261M10D14M41D7M14D7M15D10M4D4M1D16M8D11M9D27M39D13M62D9M2D39M2I37M3I4M1D49M2D12M1I14M2D7M5D24M1D12M1D8M5D12M12D51M2I36M2I39M5I7M
46	2951	0.335	8.914E-70	5	738	770	3	914	926	263M25D15M48D12M12D37M18D11M26D8M34D34M2D39M2I37M3I4M1D45M1D4M1D12M1I19M7D24M3D20M1I39M2I15M1I45M2I15M12D24M
102	2947	0.304	1.111E-69	7	738	770	5	956	964	266M10D8M67D3M16D11M87D59M11D30M8D40M2I35M3I6M1D47M2D17M2I2M1D11M3D4M4D32M2D12M7D64M10D32M3D2M5I39M
5	2941	0.316	1.547E-69	7	752	770	5	969	970	260M10D14M41D7M12D8M15D4M7D22M8D10M66D7M10D12M5D4M11D6M6D16M11D3M2D5M2D39M2I39M4I3M2D47M2D12M1I14M2D7M5D24M1D12M1D7M14D65M2D37M2I38M7I8M
122	2936	0.321	2.037E-69	9	753	770	6	972	1001	261M1D14M3I26M14D4M39D15M21D9M40D6M25D12M1D18M22D47M2I37M3I6M2D47M2D16M1I13M7D32M4D17M4D6M5D24M15D8M35D20M6D38M2I30M4I8M6I10M
96	2932	0.330	2.539E-69	1	751	770	31	942	948	5M1D31M5I226M40D25M3D35M3D34M11D10M117D10M1D4M3D39M2I21M4I64M1D18M3I1M2D13M5D9M1D21M3D47M1I13M7I12M1I33M2I41M5I9M
68	2931	0.325	2.683E-69	6	738	770	9	894	901	7M10I10M2I234M4D15M7D12M16D20M19D8M6D17M13D35M82D7M1D41M2I37M3I4M1D45M1D4M1D18M1I11M3D4M3D24M1D12M1D8M12D40M2D61M2I39M
74	2930	0.310	2.835E-69	9	739	770	1	918	926	259M10D13M1D16M38D1M36D26M34D8M1D9M39D16M3D23M17D8M9D36M2I43M2I48M2D12M1I17M5D33M1D15M8D101M2I14M1D2M11I13M
83	2925	0.340	3.735E-69	7	741	770	29	942	947	2M1D259M25D10M44D18M1I40M13D7M12D14M16D17M20D3M44D7M2D39M2I37M3I4M1D49M2D12M1I19M7D27M3D59M1I60M2I34M1I7M
58	2909	0.349	9.018E-69	5	751	770	3	888	889	263M25D15M51D12M6D8M56D30M2D13M2D26M1I12M3D39M2I37M3I4M1D49M2D12M1I17M3D4M4D22M3D17M1D2M2I12M2I4M4I12M1I22M1D45M2I34M1I7M2I8M
73	2901	0.319	1.401E-68	24	738	770	1	926	933	251M11D23M30D8M42D9M26D16M44D14M29D20M1D23M9D36M2I43M2I45M2D21M1I11M5D5M1D23M1D20M14D38M3D63M2I39M
92	2882	0.291	3.992E-68	6	739	770	0	1079	1084	300M94D11M37D24M18D35M39D11M68D37M2I43M2I1M2D45M2D20M1I11M3D4M4D32M2D9M25D7M4D29M32D8M16D9M3D10M3D36M2I38M1D7M
60	2873	0.295	6.555E-68	6	750	770	0	993	994	11M2D16M10D7M3D229M10D12M1D15M71D11M14D7M4D9M12D4M12D4M8D25M2D19M9D11M81D38M2I37M3I4M1D47M2D14M1I16M6D28M3D21M3D11M5D54M1D36M2I40M3I8M
101	2872	0.308	6.926E-68	5	739	770	18	930	936	262M4D25M47D19M35D19M12D3M29D33M17D7M7D9M4D43M2I26M2D9M2I53M2D14M1I17M11D6M7D22M3D28M2D55M3D37M2I41M
65	2862	0.311	1.202E-67	7	750	770	0	878	879	262M10D12M1D15M27D6M8D8M27D26M4D21M24D6M45D23M38D38M2I38M3I3M1D47M2D14M1I17M6D32M6I4M16I23M25I43M2I40M3I8M
2	2836	0.352	5.034E-67	4	739	770	7	774	781	101M1I57M1I110M7D19M3D27M8D17M1D42M10D40M2I6M1D37M3I4M4D48M3D7M1D12M3D11M5D4M2D26M3D2M4D16M19I12M2I27M4I39M1D7M5D12M3D21M
12	2835	0.429	5.319E-67	6	646	770	1	674	675	261M8D11M5D23M21D26M2D13M2D12M6D61M1I43M1D5M5I85M1D32M3I11M1I6M3I39M
121	2816	0.440	1.515E-66	13	624	770	1	618	619	258M13D27M7I29M13D5M4I9M5D13M21I3M7D21M1D128M1D11M4D7M2I26M1I15M3I22M
55	2796	0.319	4.561E-66	7	755	770	5	892	893	107M1I156M11D24M9D14M10D24M2D12M28D26M114D14M3D39M2I37M3I4M1D10M1I38M2D8M1I3M1I17M5D4M2D6M17I8M5I2M1I23M3I33M3I44M2I9M1I28M7I11M
18	2748	0.264	6.422E-65	6	739	770	0	1243	1248	262M3D6M58D23M51D17M51D18M5D9M3D18M15D18M38D11M44D36M2I23M1D4M2I8M3I4M2D47M2D14M1I14M2D5M5D34M2D24M14D13M75D21M119D15M30D40M2I40M
114	2721	0.294	2.843E-64	6	739	770	4	924	929	211M1D51M5D13M17D15M1I18M17D16M2D8M16D18M25D11M45D5M21D16M27D36M2I25M2D17M2I48M2D15M6I9M3D5M7D27M3D80M6D1M1D35M2I41M
80	2698	0.316	1.010E-63	44	748	770	1	930	931	224M11D29M25D5M49D13M8D4M36D44M1D12M79D10M3D39M2I38M2I49M1D4M1D18M1I11M6D28M1D12M1D8M16D38M2I61M2I39M4I6M
79	2678	0.327	3.039E-63	56	748	770	2	888	889	218M6D4M48D12M11D21M19D12M44D15M45D33M6D14M4D39M2I37M3I4M1D49M2D12M1I17M3D6M4D23M3D19M8D27M2D74M2I34M1I7M3I4M
125	2675	0.312	3.585E-63	0	737	770	20	808	813	274M21D42M27D32M11D9M22D27M4I36M2I30M15I46M2D14M1I21M7D25M1D19M1I11M15I71M2I41M
14	2665	0.336	6.220E-63	2	738	770	80	882	886	109M25I5M3I72M1D52M10D28M2D2M13D6M18D11M5D3M1D10M29D25M39D30M2D41M2I93M2D18M1I11M5D4M2D26M1D42M32I9M1D36M2I39M
84	2661	0.327	7.754E-63	50	735	770	1	919	929	218M62D9M39D6M1D14M19D1M2D11M6D52M5D3M12D7M36D2M15D3M18D9M2D39M2I37M2I52M2D20M1I11M5D5M1D23M1D12M1D28M2D21M11D60M2I36M
104	2639	0.299	2.606E-62	7	750	770	5	937	938	38M32I190M10D12M9D10M44D6M19D14M3D19M33D9M51D14M5D11M4D24M28D38M2I37M3I4M1D47M2D14M1I14M2D7M5D35M2D9M5D25M2D36M9D40M2I39M5I7M
32	2610	0.308	1.288E-61	44	752	770	1	928	929	223M10D12M9D10M47D11M19D27M33D8M41D4M10D12M5D4M11D6M6D16M11D6M4D41M2I39M4I3M2D47M2D12M1I14M2D7M5D35M2D11M5D10M3D31M6D18M2D40M2I38M7I8M
21	2601	0.378	2.115E-61	5	601	770	2	701	745	211M1D53M5D29M3D19M9D19M11D20M16D20M33D3M22D45M2I90M2D21M1I5M1I2M7D5M1I26M1I23M
103	2546	0.291	4.379E-60	28	748	770	0	885	886	49M4I18M7I162M5D26M27D8M36D29M34D13M44D13M15D21M1D7M3D39M2I41M1I2M1D49M2D12M1I17M7D26M3D23M3D59M5D41M2I39M4I6M
11	2528	0.454	1.181E-59	6	619	770	4	589	596	38M32I191M4D5M4D23M3I19M4I35M1I26M5D4M1I22M1D128M1D10M3D8M1I27M1I15M3I17M
81	2313	0.269	1.648E-54	41	769	770	7	879	885	226M10D14M1D16M26D5M15D31M14D23M26D30M112D38M2I39M4I3M2D47M2D18M1I8M2D7M5D32M1D4M1D8M18I29M2I22M26I4M24I18M4D30M
110	2281	0.278	9.607E-54	92	750	770	0	879	880	183M10D4M9D10M31D52M16D15M38D7M16D6M9D5M49D12M28D38M2I37M3I4M1D47M2D14M1I14M2D7M5D35M2D9M5D12M3D48M8D41M2I39M5I7M
123	2092	0.336	3.200E-49	46	564	770	0	713	715	224M7D12M11D2M37D4M11D16M25D9M5D10M23D14M35D13M5D26M27D9M2D39M2I37M3I5M1D46M2D32M9D16M
19	1828	0.224	6.645E-43	6	734	770	11	724	735	29M1D11M8D5M6I36M1I11M1I44M1D11M5D4M8D20M3D2M1I28M2D8M3I7M3D37M13D13M13I14M2I10M4I34M1D14M7I4M2I11M2D6M2D19M2I29M1I8M3I9M4D43M2D13M1I15M6D5M5D29M2D19M1I16M1I27M7I11M7I8M1D8M20I10M1I17M
90	1472	0.184	2.194E-34	7	739	770	4	693	697	2M1D25M1I10M5I57M1I40M5D17M1I21M1I29M13I42M29D11M27I44M1D23M9I38M5I7M2D6M1I10M3D7M2I8M4D38M4D8M1I15M1D14M2D6M13I13M3D45M20I23M2D4M1I10M1D14M1I9M1D35M
4	1464	0.196	3.409E-34	6	739	770	3	686	688	45M4I50M1I43M5D17M1I20M1I23M4D10M12I35M13D28M2I19M9D15M1D5M4D43M1D11M2I3M1D25M5I14M3D2M1D8M2I8M3I2M4D13M5D32M4D7M1I14M1D19M2I4M3I31M6I3M60I9M4D12M7I5M1I25M3D21M
129	1302	0.179	2.566E-30	14	735	770	0	653	656	5M2D15M1I10M32I28M1I42M5D17M1I21M1I30M13I36M8D3M1I12M17D3M3I7M8I5M4I15M12I22M11I20M4D26M3I8M2I6M3D15M1D4M1I19M3D31M4D9M1I16M1D24M8I26M1D4M11I65M1D12M10I11M1D10M1D11M4D10M
99	1100	0.232	1.749E-25	7	473	770	17	448	450	26M1I13M5I53M1I42M4D15M1I23M1I40M10I30M2D3M13D12M19I16M6I10M3I24M3I14M3I43M5I12M4D33M
17	698	0.167	7.284E-16	11	766	770	3	665	985	21M2I12M1D9M4I18M1I4M1D26M1I38M3D24M9D19M1I9M4D3M4D7M4D6M1D15M10D32M2I4M13D3M2D27M2D55M5D23M8D25M2D11M3I8M3I3M16I19M2I13M25I3M25I11M4I7M26I6M6I32M1D30M2D16M11I5M17I18M18I12M2D15M
93	629	0.170	3.262E-14	13	381	770	13	395	803	34M7I41M1I11M1I40M7D15M2I6M1I13M2D28M10D5M8D10M4I31M2I3M8D17M1I10M2I84M
 