102	6908	1.00	0.000E+00	0	963	964	0	963	964	964M
67	5625	0.800	0.000E+00	0	963	964	1	963	964	474M6D30M1I312M5I21M1I120M
5	5290	0.702	0.000E+00	0	963	964	0	969	970	334M1D13M2I104M2D22M6D356M1I132M
25	5285	0.699	0.000E+00	0	963	964	0	969	970	334M1D13M2I108M2D19M6D363M1I124M
86	5269	0.697	0.000E+00	0	963	964	0	969	970	334M1D13M2I108M2D19M6D363M1I124M
26	5264	0.701	0.000E+00	0	961	964	0	967	970	334M1D13M2I108M2D17M6D357M1I130M
29	5262	0.699	0.000E+00	0	963	964	0	969	970	337M1D10M2I108M2D19M6D355M1I132M
107	5258	0.686	0.000E+00	0	963	964	0	968	969	336M1D11M2I104M2D20M10D1M4I356M1I12M1I116M
34	5258	0.697	0.000E+00	0	963	964	0	969	970	334M1D13M2I108M2D19M6D363M1I124M
38	5253	0.708	0.000E+00	0	963	964	0	968	969	334M1D79M2I38M2D23M6D28M1I325M1I133M
24	5252	0.694	0.000E+00	0	963	964	0	969	970	334M1D13M2I108M2D16M6D358M1I132M
85	5246	0.700	0.000E+00	0	963	964	0	969	970	334M1D13M2I103M2D24M6D363M1I124M
64	5240	0.689	0.000E+00	0	963	964	0	967	968	334M1D83M1I39M2D19M6D15M1I12M1I6M1I320M1I131M
75	5236	0.694	0.000E+00	0	963	964	0	969	970	334M1D123M2D19M6D28M1I9M1I317M1I131M
106	5233	0.701	0.000E+00	0	963	964	0	969	970	334M1D13M2I108M2D17M6D365M1I124M
53	5231	0.704	0.000E+00	0	963	964	0	963	964	334M1D119M2D20M6D31M1I41M7I279M1I131M
31	5225	0.698	0.000E+00	0	963	964	0	969	970	337M1D10M2I108M2D19M6D363M1I124M
61	5192	0.676	0.000E+00	0	959	964	0	928	933	334M1D80M1I42M2D26M32I317M1I127M
30	5192	0.685	0.000E+00	0	963	964	0	971	972	334M1D123M2D12M7I13D28M1I69M1D257M1I132M
27	5187	0.700	0.000E+00	0	963	964	0	969	970	334M1D13M2I108M2D17M6D357M1I132M
105	5178	0.682	0.000E+00	0	963	964	0	962	963	337M1D95M1I24M2D19M6D28M1I308M1I6M6I6M1I131M
28	5176	0.696	0.000E+00	0	963	964	0	970	971	334M1D13M2I19M1D89M2D17M6D355M1I134M
39	5166	0.697	0.000E+00	0	963	964	0	964	965	336M1D116M2D19M8I14D25M1I13M4I309M2I31M1I99M
6	5157	0.695	0.000E+00	0	963	964	0	969	970	334M1D13M2I108M2D19M6D355M1I132M
33	5145	0.692	0.000E+00	0	963	964	0	969	970	334M1D13M2I108M2D19M6D358M1I129M
112	5130	0.684	0.000E+00	0	963	964	0	970	971	334M1D123M2D16M6D22M1I318M1I149M
119	5118	0.701	0.000E+00	0	963	964	0	967	968	334M1D52M2I65M2D23M6D28M1I326M2I131M
62	5095	0.683	0.000E+00	0	963	964	0	930	931	337M1D76M15I10M17I21M6D28M1I13M4I309M2I31M1I99M
111	5078	0.684	0.000E+00	0	963	964	0	937	938	334M1D84M31I27M6D338M1I13M1I135M
22	5042	0.667	0.000E+00	0	963	964	0	957	958	347M2I70M7I45M5I11D28M1I304M1D4M2I19M1I129M
131	4989	0.650	0.000E+00	0	959	964	0	891	896	334M1D80M1I42M2D12M31I1M10D6M51I288M2D114M
94	4944	0.659	0.000E+00	0	963	964	0	923	924	385M1I33M5I7M27I18M6D4M3I21M1I43M2I264M1I24M1I21M5I98M
108	4944	0.671	0.000E+00	0	963	964	0	927	928	385M1I23M1I9M5I7M27I17M6D27M1I34M1D18M2I257M1I14M1I40M4I90M
118	4828	0.626	0.000E+00	0	963	964	0	977	978	408M1I38M4D8M2D21M6D13M1D25M1D56M1I180M1I16M2D45M1D16M2D20M1I110M1I3M
72	4765	0.612	0.000E+00	0	963	964	0	957	958	409M1I36M5I23M6D16M1D22M1D40M1I19M1I177M1I59M1I23M2I13M1I110M1I3M
104	4748	0.658	0.000E+00	0	963	964	0	937	938	44M32I258M1D13M2I108M2D19M6D355M1I132M
32	4729	0.693	0.000E+00	42	963	964	1	928	929	292M1D13M2I108M2D19M6D363M1I124M
127	4613	0.604	0.000E+00	0	963	964	43	1012	1013	409M1I36M4D9M2D21M6D13M1D24M2D36M1I21M1I178M1I60M1I21M2I14M1I110M1I3M
115	4562	0.545	0.000E+00	0	962	964	0	981	982	294M3D33M1D33M1D37M1D25M1I24M1D16M2D11M2D20M4D21M1D59M1D214M1D21M1D25M1I36M2D92M
73	4449	0.588	1.835E-102	23	963	964	2	932	933	385M1I36M3I26M6D12M4I37M5I219M1I34M1I20M1D27M1I125M1I3M
130	4424	0.538	6.982E-102	0	962	964	0	982	983	295M3D36M1D29M1D33M1D48M2D14M2D22M3D33M5D4M1D35M1D239M1D24M1I19M1I46M1D84M
15	4416	0.530	1.071E-101	0	956	964	36	977	983	304M1I40M4I47M1D16M3I19M1D41M6D22M1D28M2D20M14I18M2I168M1I63M1I145M
16	4411	0.534	1.399E-101	0	956	964	34	972	978	304M1I40M3I48M1D16M3I24M1I8M2D19M2I14M7I257M1I81M1I34M2I91M
68	4390	0.568	4.300E-101	3	962	964	8	900	901	8M10I7M2I300M1D79M1I11M4I5M24I4M12I12M13I17M1D56M1D182M1I63M1I18M2I128M
59	4360	0.512	2.138E-100	0	957	964	0	973	982	7M1D287M3D33M1D33M1D37M1D41M2D17M2D21M6D33M5D9M3D9M1I13M6D33M1D176M2I5M1D28M1D18M14I17M2I36M1D86M
110	4354	0.673	2.947E-100	90	963	964	0	879	880	244M1D13M2I108M2D16M6D366M1I124M
74	4343	0.561	5.306E-100	7	931	964	1	902	926	338M1I63M1I21M3D21M6I20M10D10M8I18M7I41M1I186M2I32M1I28M6I28M3I83M
80	4283	0.600	1.312E-98	42	963	964	1	930	931	367M1I36M4D9M2D21M6D13M1D23M1D36M1D23M1I178M1I86M3I120M1I3M
84	4192	0.583	1.701E-96	47	963	964	0	928	929	362M1I37M4D8M2D21M6D13M1D23M1D46M6D14M1I177M1I63M1I18M2I14M1I110M1I3M
43	4191	0.492	1.795E-96	0	961	964	0	925	931	268M6D6M5I72M1I15M1D16M1I27M7I9M4I6M5I11M5I73M1D257M1D25M4I9M12I23M1I100M
45	4175	0.496	4.222E-96	0	958	964	0	918	927	268M5D7M4I88M1D15M1D11M3I24M1I20M1I3M5I49M8I8M1D7M9I3M1I253M1D25M4I9M12I23M1I97M
81	4166	0.660	6.831E-96	39	882	964	7	880	885	295M1D79M2I38M2D23M5D28M1I310M2D17M1I19M24D31M
116	4145	0.495	2.099E-95	0	959	964	0	888	893	268M6D6M5I47M6I13M1I11M1I24M4I34M11I6M1I16M1I20M3D24M8I7M21I250M1D21M3I3M11I12M5I14M4I35M1D67M
113	4138	0.496	3.052E-95	0	958	964	0	905	915	272M5D3M4I47M6I11M1I16M1D60M11I6M5I84M5I41M4I212M1D18M3I3M11I12M5I21M5I93M
69	4137	0.491	3.220E-95	0	963	964	0	923	924	268M5D7M4I78M10I16M2I35M1I24M6I23M3I39M6I263M1D20M16I40M1I97M3D5M
76	4133	0.500	3.988E-95	0	961	964	0	919	925	268M5D7M4I47M3I26M1D5M1D33M1I87M4I29M1I13M2I17M1I4M17I219M1D33M16I27M1I97M
109	4124	0.489	6.452E-95	0	961	964	0	914	915	281M1D139M11I9M1D12M3I20M2I29M2I20M2I27M8I223M1D29M17I27M5I96M
3	4123	0.485	6.806E-95	0	962	964	0	881	882	268M8D4M7I51M1I15M1I9M15I49M11I6M1I4M3I12M1D16M1D32M5I21M2I9M29I217M1D32M11I4M5I21M1I101M
52	4122	0.484	7.180E-95	0	963	964	0	904	913	268M8D4M7I86M4I51M11I40M5I29M5I9M1D12M2I12M18I225M1D29M4I5M12I23M1I102M
57	4122	0.501	7.180E-95	0	958	964	0	921	931	275M1D26M1I65M1D78M4I6M2I48M5I4M9I48M2I215M1D29M4I5M12I26M1I94M
56	4120	0.489	7.990E-95	0	963	964	0	927	931	268M8D4M7I44M1D15M4I24M1D56M1I18M1I8M5I15M3D29M8I31M2I13M1I11M4I217M1D31M11I7M5I30M1I93M
77	4118	0.491	8.892E-95	0	959	964	0	914	925	277M1D49M1D67M1I26M1I49M6I27M5I13M4I17M4I5M8I228M1D21M1I10M12I4M5I33M1I86M
51	4110	0.488	1.364E-94	0	959	964	0	923	932	268M5D7M4I86M2I51M3I12M1I9M1I24M2D19M2I10M8I9M6I266M1D25M4I9M12I23M1I98M
35	4108	0.501	1.518E-94	0	963	964	0	928	929	272M5D3M4I47M4D16M1D23M4I19M1I19M7I12M4I6M5I33M2I39M6I266M1D19M1D10M4I5M12I32M1I89M3D4M
54	4107	0.496	1.601E-94	0	963	964	0	919	923	281M1D55M1D31M1D15M1D11M3I19M22I70M2D8M1D7M9I3M1I253M1D25M4I9M12I23M1I102M
42	4098	0.493	2.591E-94	0	959	964	0	929	933	276M1D24M2I41M8I13M1D27M1I14M2I67M1I35M5I19M1D16M2I26M6I200M1D42M8I32M1D93M
71	4080	0.489	6.782E-94	4	959	964	16	926	934	264M5D7M4I88M1D15M1D11M3I19M22I70M2D7M9I265M1D25M4I9M12I23M1I98M
50	4079	0.492	7.154E-94	0	959	964	0	900	906	268M6D6M5I103M1D11M3I24M11I6M14I48M8I8M1D10M10I253M1D25M4I13M12I19M1I98M
49	4077	0.487	7.961E-94	0	963	964	0	858	862	268M8D4M7I51M1I9M9I10M7I54M11I6M5I10M2I18M4I14M20I21M2I9M29I217M1D32M11I4M5I21M1I102M
44	4077	0.489	7.961E-94	0	963	964	0	882	886	267M5D8M4I51M1I9M9I10M7I54M11I3M4I19M1D21M1D27M5I21M2I9M29I217M1D32M11I4M5I21M1I102M
60	4077	0.475	7.961E-94	5	963	964	1	991	994	5M2D19M10D9M3D256M3D39M1I26M1D36M1D15M6I14M3D20M7D25M6D61M1D42M10D169M1I29M1D22M1I22M8I48M1D85M
23	4056	0.493	2.447E-93	0	958	964	0	930	935	268M1D25M1I47M3I21M4I22M1I20M1I5M3D30M4I23M1I24M1D14M3D33M7I16M4I4M4I205M1D41M8I43M1D80M
46	4052	0.488	3.030E-93	0	959	964	0	917	926	268M6D7M5I85M2I49M8I8M2I19M5I23M4I14M8I9M6I266M1D23M3I5M12I4M5I21M1I71M12D27M
78	4049	0.494	3.557E-93	0	962	964	0	939	940	276M1D17M1I47M3I9M1D14M1D22M1I16M8I25M5I63M1I70M1I209M1D16M2I10M1I18M5I33M1D90M
48	4047	0.497	3.959E-93	0	962	964	0	898	899	272M5D3M4I15M2I47M5I12M1D31M4I22M7I15M4I30M3I23M2I16M13I35M8I215M1D15M3I11M16I130M
66	4039	0.480	6.072E-93	0	962	964	0	922	923	82M1D198M1D13M1I51M5I7M10I24M1I49M5I26M4I18M1D13M3I6M4I58M4I205M1D40M8I44M1D84M
41	4036	0.483	7.128E-93	0	962	964	0	923	924	268M6D6M5I14M3I69M1I56M2I17M1I12M8I32M3I19M6I23M1D12M2I228M1D15M19I40M1I97M4D4M
13	4023	0.483	1.428E-92	0	963	964	0	890	894	268M8D4M7I62M1I23M4I39M3I25M2I7M6I71M9I2M8I7M25I215M1D24M11I12M5I30M1I93M
83	4021	0.498	1.589E-92	0	958	964	24	942	947	7M1D261M8D6M7I20M1I39M3I2M3I18M1D29M1D131M1I20M11I8M8I210M1D21M11I6M1I4M2I5M5I30M1D89M
70	3987	0.480	9.788E-92	0	959	964	0	850	858	268M6D7M5I21M36I3M16D25M4I13M1D11M3I19M22I20M18I6M11I7M8I7M9I265M1D25M4I9M12I23M1I98M
47	3977	0.476	1.671E-91	0	958	964	0	810	820	268M8D4M7I44M1D42M4I14M1I27M7I10M5I6M26I11M1I12M49I17M19I214M1D29M4I5M8I14M27I84M
65	3956	0.486	5.134E-91	7	956	964	2	869	879	296M2D22M1D35M1D53M16I4M2I19M11D40M7I15M1I18M5I33M1D175M1I36M35I15M31I91M
82	3954	0.497	5.714E-91	3	958	964	28	942	947	4M1D265M5D3M4I31M1D35M5I17M1D29M1D21M7I12M1D24M3I17M1I26M2D10M1I33M6I10M9I212M1D17M7I16M12I30M1D89M
58	3897	0.491	1.203E-89	0	963	964	0	885	889	268M6D7M5I87M1D15M1D11M3I19M22I5M20I6M4D31M8I8M1D7M9I3M1I253M1D10M1I13M10I4M12I23M1I102M
55	3726	0.462	1.124E-85	0	963	964	0	889	893	112M1I168M1D79M1D10M2I44M22I41M11D31M12I13M1I14M1D7M1I20M2D95M1I48M1I33M19I36M28I34M1I53M1I36M
117	3667	0.380	2.635E-84	0	963	964	0	995	1003	3M2D267M9D1M8I13M1I13M2I18M4D42M10I20M2I17M1I73M3I16M2I17M1D20M9D16M1D98M1D128M2D10M5D28M3D22M10D24M9D6M5D83M
79	3630	0.472	1.905E-83	52	962	964	0	888	889	224M1D17M1I42M1D10M3I13M1D27M1I16M8I23M5I65M1I280M1D16M7I21M1I44M1D86M
103	3554	0.470	1.108E-81	26	962	964	0	885	886	49M4I8M5I7M2I170M5I15M1D23M1D14M1I18M5I7M7I17M2I43M1I19M2D28M13D14M15I6M1I23M11I14M3I96M2D129M1D11M8I57M1I98M
92	3541	0.364	2.220E-81	5	962	964	1	1083	1084	263M4D71M1D29M10I25M2D36M2D10M3D20M7D17M1D20M5D13M5D15M17D15M4D16M16D97M2D136M32D8M4D39M11D15M12D8M6D11M1D84M
128	3480	0.378	5.791E-80	5	955	964	6	866	876	270M3D25M13I6M4I4M52I33M9I72M1D39M11I6M9D8M2I9M9I79M1I6M2D115M1D34M6I62M1D76M
8	3388	0.344	7.923E-78	0	963	964	0	1013	1016	5M2D261M14D65M2D14M1I22M7I7M4D52M1I17M5D24M4D44M2D45M2D80M2I15M4D129M1D10M11D48M3D30M7D85M
122	3383	0.340	1.035E-77	7	938	964	6	949	1001	258M2D53M30I20M19D5M6I33M2I74M4I14M6I40M8I19M4I79M1D116M2D27M1I34M2D9M4D10M9D10M15D11M19D59M
101	3357	0.354	4.156E-77	5	956	964	20	929	936	262M1D5M7I16M12I30M3I27M7I47M3I66M1D27M13I26M4I25M2D1M1D58M2D103M11D40M1D15M2I6M2I27M6I8M4I22M2D78M
18	3263	0.312	6.328E-75	5	961	964	1	1247	1248	264M5D36M2I31M1D17M2D13M9I21M2I20M4I16M4I28M3D6M4D10M3D64M4D6M18D21M14D5M36D63M1I14M1D143M22D9M21D13M32D36M108D17M38D82M
114	3203	0.348	1.565E-73	0	957	964	0	924	929	215M1D51M5I21M2I62M4I5M16I33M1I41M2I128M5D56M2D87M5I11M3D40M1D39M3I12M1I7M6I105M
100	3167	0.329	1.072E-72	1	963	964	0	797	806	272M10I9M25I12M61I26M7I5M20I26M2I62M3I20M20I80M1D2M1D86M2I3M4D29M4I4M7D17M10I16M14I25M1I49M1D41M
91	3112	0.342	2.029E-71	1	963	964	5	786	788	103M1D161M14D8M10I4M11I22M5I20M1I15M23I9M2I32M48I14M5I12M37I4M26I7M2I64M2I8M1D7M1D81M3I3M3I34M1I22M8I12M11I10M6I59M2D17M4D31M
126	3112	0.332	2.029E-71	0	957	964	3	806	808	6M1D97M2I164M7D4M8I75M32I25M21I17M25I15M11I11M61I3M5D135M1I37M2I27M5I7M2D51M1I22M2D50M2I41M
96	3053	0.323	4.756E-70	5	952	964	38	930	948	29M2I1M3I227M13D36M4I11M1I37M32I12M9I38M4I19M37D11M4D25M6I24M23I18M3D6M1D62M4I15M2D49M1I32M1I38M1D38M7I7M19I97M
98	3007	0.313	5.563E-69	1	963	964	9	774	776	105M1D160M10D6M74I14M41I12M2I7M30I20M9I10M19I37M7I11M1D10M4D5M2I64M2I13M1D2M1D74M1I6M1I3M5I34M1I12M23I6M1I24M3I57M2D22M4D28M
120	2996	0.325	1.002E-68	0	962	964	0	757	764	4M2D99M2I162M8D15M5I16M5I22M17I8M36I21M36I39M22I6M5D8M15I6M23I12M3I35M2D39M1D7M1D47M2I18M1D50M6I5M1D9M17I25M32I3M4I36M1I45M
97	2988	0.321	1.536E-68	1	963	964	22	784	786	105M1D160M11D6M43I7M11I6M42I31M22I6M23I11M2I15M9I27M1I21M25I6M2I63M3I7M1D8M1D84M6I34M1I13M3D4M12I14M14I9M3I7M1I52M1D16M2D31M
7	2960	0.314	6.865E-68	0	963	964	0	821	857	3M3D102M1D170M16I9M17I24M55I26M9I8M12I10M7I5M3I18M6I23M5I52M2I39M2D43M3D46M2I18M1D13M6I38M1I21M9I17M2I14M6I23M2D32M1D6M1D34M2D12M
10	2958	0.320	7.639E-68	0	963	964	21	782	784	106M1D160M12D8M6I6M27I5M66I34M45I30M4I17M9I8M5I12M15I7M5I5M2I63M2I14M3D1M1I82M6I36M1I17M9I12M11I6M1I7M6I24M1I32M2D20M2D30M
89	2956	0.317	8.501E-68	0	953	964	0	743	777	5M2D100M1D164M25I17M11I16M14I9M21I6M2I9M22I9M36I24M17I19M18I8M24I4M2I39M2D43M2D46M2I18M1D14M7I36M2I11M7I39M10I58M2D40M
124	2951	0.320	1.111E-67	5	952	964	1	707	713	258M3D2M3D5M15D4M16I38M40I12M8I6M22I13M31I7M15I8M87I3M2I40M1D23M1I17M2D84M1I31M1I24M13I18M21I14M7I41M1D6M1I28M
40	2924	0.310	4.704E-67	0	953	964	0	742	776	5M1D100M1D163M66I10M24I6M4I10M3D20M3I12M37I34M10I20M8I2M41I5M2I39M2D43M2D46M2I18M1D10M2I4M5I36M2I15M1D6M2I17M1I21M15I48M2D40M
20	2921	0.305	5.523E-67	0	953	964	0	737	772	5M2D269M57I5M32I9M88I44M10I20M1I25M5I8M4I39M2D35M3D6M1I47M2I17M2D2M1I8M2I6M4I8M1I18M2I30M1I17M1I19M16I16M1D37M2D36M
0	2920	0.322	5.826E-67	0	952	964	8	741	754	106M1D161M17D7M81I7M22I22M57I9M9I8M19I44M19I9M2I63M3I13M1D2M1D77M1D4M1I3M5I34M1I13M3D4M12I9M14I13M2I57M2D21M2D20M
88	2916	0.310	7.215E-67	5	953	964	7	735	770	266M63I7M14I4M16I5M87I38M8I51M9I7M2I39M2D35M3D6M1I47M2I20M1D8M2I5M4I9M1I18M2I30M1I17M1I31M15I37M3I2M5D36M
1	2910	0.316	9.944E-67	0	953	964	0	760	787	281M5I10M34I10M63I8M16I19M2I22M7I14M11I5M15I13M39I6M1I26M1D13M2D40M1D3M1D45M1I4M1I15M2D15M2I13M3I18M3I19M16I44M1I18M1I30M1D6M2D9M7D6M8D1M3D20M
2	2905	0.313	1.299E-66	3	963	964	8	780	781	101M1I56M1I123M36I21M82I8M20I12M18I17M4I26M2I21M3I22M5I36M1D35M1D12M2D45M1D11M1D6M1D3M3D61M5D20M10I12M33I12M1D17M1D3M1I15M3D11M5D12M3D27M
87	2895	0.324	2.217E-66	0	953	964	0	735	770	4M2D101M1D173M6D14M41I5M14I8M26I11M17I7M21I5M66I44M3I7M14I40M2D42M2D47M2I20M1D8M2I7M5I32M2I14M5I5M2I6M1I6M11I8M2I5M3I24M3D34M2D40M
63	2890	0.317	2.897E-66	0	953	964	0	743	778	4M2D101M1D162M1I28M34I11M55I13M2I10M21I8M7I13M18I17M13I8M26I13M8I6M3I39M2D39M3D2M1I47M2I20M1D8M2I5M5I34M2I12M19I27M2I65M4D3M2I36M
95	2876	0.315	6.124E-66	5	963	964	1	715	720	97M2I163M9D19M40I12M77I15M4I10M35I12M13I8M38I35M4D32M2D44M2D49M2I18M1D51M5I14M31I18M13I55M1I34M1I11M
125	2857	0.304	1.691E-65	3	960	964	25	812	813	262M4D3M2D6M3I21M17I15M17I13M21I10M16D8M10I16M43I7M1I14M8I20M1D39M25I64M13I122M6I6M6D21M1D15M27I7M8I81M1I8M
37	2850	0.312	2.459E-65	2	963	964	0	808	829	13M2D144M1I105M15D13M13I45M11I7M14I11D2M7D15M6I15M18I7M19I8M24I6M11I13M33I19M5I11M2I39M2D34M1D8M1D47M2I18M1D13M1I14M2I24M3I13M5D28M4I13M28I6M1I32M1D6M1D34M2I10M
36	2789	0.308	6.413E-64	2	962	964	0	807	829	12M2D145M1I105M15D13M13I45M11I10M11I15D9M6I23M18I7M19I8M24I8M11I23M7I16M33I41M2D42M2D47M2I18M1D13M1I14M2I24M3I14M5D27M4I13M28I6M1I33M4D3M2I34M2I9M
14	2789	0.317	6.413E-64	5	952	964	85	878	886	104M25I4M4I2M1D70M1D53M5D7M6I23M11I50M13I85M4I35M2I5M31I20M16I5M2I73M1D8M1D124M1I16M10I27M38I74M
21	2733	0.351	1.280E-62	5	804	964	4	701	745	209M1D51M8D9M7I10M31I20M10I5M28I15M15I40M5I16M2I16M7I26M1I52M2I81M2D72M1I10M1I41M3I14M
123	2718	0.413	2.855E-62	44	765	964	0	713	715	221M1D8M4I56M2I21M19I23M5I40M2I19M3D21M20D48M3I193M1D23M2D14M
121	2475	0.311	1.253E-56	11	830	964	1	618	619	258M13D5M6I15M24I14M62I4M8I15M7I5M8D5M40I12M4D9M64I7M7I29M1D11M2D44M2D46M1I4M1I16M2D14M2I9M3I22M7I4M4D18M6I16M
12	2430	0.314	1.389E-55	5	845	964	2	674	675	260M5D6M2I30M16I11M11I4M49I14M6I5M41I10M8I39M7I21M18I17M2I27M1I7M2D46M2I46M2I17M1D13M5I5M1I10M4D18M9I11M1I11M1D32M
11	2196	0.312	3.766E-50	0	815	964	0	581	596	42M32I201M97I2M2I31M23I11M1I15M1I27M2I4M11I3M37I6M1I3M7I5M10I6M3I24M1D10M2D38M1D8M1D47M2I19M2D13M2I9M3I22M3I22M4I7M
9	2167	0.276	1.775E-49	0	953	964	0	605	639	4M2D101M1D165M17I13M31I12M172I25M17D1M33I5M86I45M2I17M2D2M1I11M5I5M2I24M2I19M7I13M1I6M11I8M2I66M2D40M
19	1694	0.201	1.706E-38	5	946	964	12	722	735	27M1D17M2D44M1I11M1I42M1D11M5D6M8D19M2D30M2D53M15D5M106I8M5I12M49I12M13I23M3I11M45I17M7I13M2D6M2D47M1I13M1D7M2D78M3D2M1D50M1I12M9I17M2I12M3I4M5I8M12I4M19I17M1D15M3D7M
90	1275	0.164	9.133E-29	0	956	964	0	693	697	32M1I14M5I50M1I43M5D17M1I21M1I29M12I3M1I34M3D2M28D5M30I24M26I9M22I15M12I10M54I11M10I6M82I35M2I3M1I7M2D6M1I5M3D14M9D5M5I33M2D2M2D6M3I20M2D14M1I4M10I19M3I10M4I43M36I10M2D5M1I10M1D12M1D11M1D12M1D21M
4	1239	0.162	6.259E-28	1	956	964	0	685	688	47M4I52M1I38M3D6M2D14M1I22M1I22M4D10M12I39M19I22M15I20M5I13M3I6M19I15M5I14M12I10M27I19M18I15M54I12M3D15M1I1M1D7M3I15M3D2M1D8M2I10M5D9M2I3M5D29M2D7M2D3M3I16M2D16M1I7M11I17M84I10M5I2M4D9M1D2M6I15M3D23M3D20M
129	1140	0.160	1.245E-25	10	950	964	0	646	656	2M1D2M1I16M1I11M35I3M2D4M1D19M1I41M3D4M2D13M1I18M1I33M13I37M2D20M87I3M14D1M19I7M33I26M52I10M29I5M5I45M1I1M1D6M3I12M2D6M1D8M1D14M3D8M1D32M1D2M3D9M3I16M2D16M1I4M10I20M6I67M27I9M1D17M8I9M1D13M1D15M
99	946	0.256	3.978E-21	5	348	964	17	361	450	7M1D2M1I16M1I13M5I54M1I38M3D4M1D14M1I20M1I27M2D12M12I31M2D4M14D80M
17	816	0.167	4.151E-18	9	956	964	3	974	985	21M2I26M2I5M1I9M1I4M1D26M1I38M2D3M1D18M2I3M11D17M1I18M12D8M8D3M7D7M4I33M17D46M6D7M18D12M2D7M2D34M6I83M2D7M1D30M4D9M5D68M1D30M5I2M6I8M7I16M4I23M17I5M16I3M14I3M5I19M8D9M3D25M20D44M6D6M2D48M2D17M24I18M1D12M
93	643	0.146	4.316E-14	11	599	964	13	738	803	34M7I41M1I11M1I39M3D3M4D15M2I4M1I13M2D29M4I7M6D6M12D33M3D9M6D19M5D35M2D31M2I8M3I3M95D40M3I44M4D19M1D32M12D16M12D31M2I19M4I18M
 32	6537	1.00	0.000E+00	0	928	929	0	928	929	929M
25	6152	0.993	0.000E+00	1	928	929	42	969	970	928M
29	6045	0.988	0.000E+00	1	928	929	42	969	970	928M
31	6039	1.00	0.000E+00	1	928	929	42	969	970	928M
26	6018	0.989	0.000E+00	1	928	929	42	969	970	928M
5	6001	0.989	0.000E+00	1	928	929	42	969	970	928M
85	5985	0.971	0.000E+00	1	928	929	42	969	970	928M
6	5984	0.982	0.000E+00	1	928	929	42	969	970	928M
27	5979	0.987	0.000E+00	1	928	929	42	969	970	928M
28	5965	0.984	0.000E+00	1	928	929	42	970	971	325M1D603M
34	5928	0.971	0.000E+00	1	928	929	42	969	970	928M
86	5904	0.971	0.000E+00	1	928	929	42	969	970	928M
24	5903	0.940	0.000E+00	1	928	929	42	969	970	928M
106	5895	0.973	0.000E+00	1	928	929	42	969	970	928M
33	5750	0.931	0.000E+00	1	928	929	42	969	970	928M
110	5646	0.967	0.000E+00	49	928	929	0	879	880	880M
38	5638	0.881	0.000E+00	1	928	929	42	968	969	307M2D61M2I99M1I458M
30	5629	0.885	0.000E+00	1	928	929	42	971	972	307M2D162M1I70M1D388M
104	5552	0.928	0.000E+00	31	928	929	39	937	938	3M1D8M1I5M1D881M
75	5515	0.862	0.000E+00	1	928	929	42	969	970	307M2D162M1I9M1I448M
112	5507	0.863	0.000E+00	1	928	929	42	970	971	310M2D150M1I314M1I34M1D118M
107	5495	0.852	0.000E+00	1	928	929	42	968	969	811M1I116M
64	5494	0.876	0.000E+00	1	928	929	42	967	968	307M2D67M1I84M1I9M1I6M1I451M
53	5463	0.862	0.000E+00	1	928	929	42	963	964	310M2D159M1I36M7I415M
39	5437	0.875	0.000E+00	1	928	929	42	964	965	307M2D162M1I8M4I314M1I35M1I95M
119	5431	0.866	0.000E+00	1	928	929	42	967	968	307M2D42M2I118M1I332M1I125M
105	5412	0.852	0.000E+00	1	928	929	42	962	963	307M2D81M1I80M1I305M1I8M6I138M
22	5385	0.820	0.000E+00	1	928	929	42	957	958	292M1I86M7I34M2I47M1I305M1I152M
61	5372	0.846	0.000E+00	1	928	929	42	932	933	307M2D61M1I77M10I3M28I441M
111	5346	0.847	0.000E+00	1	928	929	42	937	938	307M2D68M33I367M1I152M
62	5309	0.845	0.000E+00	1	928	929	42	930	931	307M2D63M15I7M19I58M1I8M4I314M1I35M1I95M
131	5171	0.807	0.000E+00	1	928	929	42	895	896	307M2D61M1I75M78I285M3D121M
108	5072	0.779	0.000E+00	1	928	929	42	927	928	292M1I14M2D37M1I23M28I4M7I60M1I35M1D17M2I253M1I58M4I90M
94	5050	0.774	0.000E+00	1	928	929	42	923	924	292M1I14M2D37M1I23M34I43M3I21M1I50M2I253M1I56M5I91M
67	5037	0.755	0.000E+00	1	928	929	43	963	964	292M1I13M2D108M2I53M1I311M5I8M1D9M1I124M
102	4759	0.693	0.000E+00	1	928	929	42	963	964	292M1I13M2D105M2I22M6I363M1D124M
81	4753	0.813	0.000E+00	1	840	929	10	875	885	307M2D61M2I65M1I33M1I305M2D38M26D27M
80	4695	0.656	0.000E+00	0	927	929	0	930	931	292M1I16M2D56M1I38M4D57M1D29M1D26M1D22M1I177M1I59M1I17M1I133M
118	4577	0.674	0.000E+00	1	927	929	42	977	978	296M1I11M2D56M1I39M4D50M1D35M1D46M1I180M1I13M2D49M1D20M1I13M3D114M
84	4562	0.636	0.000E+00	6	927	929	0	928	929	286M1I16M2D59M1I36M4D56M1D21M1D42M6D14M1I177M1I68M1I9M1I33M1I98M
127	4537	0.650	0.000E+00	1	927	929	85	1012	1013	295M1I12M2D56M1I38M4D57M1D31M2D28M1I17M1I177M1I59M1I20M1I14M1I115M
72	4530	0.661	0.000E+00	1	927	929	42	957	958	291M1I16M2D56M1I38M7I42M1D37M1D30M1I17M1I177M1I59M1I18M1I16M1I115M
73	4466	0.627	0.000E+00	1	927	929	21	932	933	292M1I13M2D60M1I35M5I44M1I5M3I51M5I200M1I32M1I36M1D141M
68	4430	0.633	1.263E-103	1	927	929	35	900	901	308M2D59M34I20M3I7M12I3M13I30M1D26M2D22M1I179M1I57M1I25M1I125M
16	4274	0.595	6.011E-100	1	926	929	76	977	978	262M1I20M1I28M1I37M1D21M3I25M1I29M2I27M1D31M10I19M2I12M2I178M1I52M1I26M1D41M2I91M
115	4251	0.584	2.096E-99	1	927	929	42	981	982	263M3D43M2D14M1D33M1D21M2I44M3I21M1D15M4D30M1D47M1D217M1D21M1D59M2D94M
15	4229	0.578	6.920E-99	1	926	929	78	982	983	261M1I21M1I35M2I33M1D17M3I25M1I58M1D34M10I16M2I22M2I168M1I213M
130	4157	0.560	3.451E-97	1	927	929	42	982	983	253M3D52M2D19M1D28M1D46M2D40M3I34M5D14M1D46M1D214M2I3M3D21M1I49M1D102M
74	4142	0.607	7.792E-97	1	916	929	36	924	926	363M1I24M3D51M4I4M16I38M1D26M1I187M2I32M1I25M6I21M1I11M1I81M1I5M3D14M
59	4100	0.554	7.622E-96	1	922	929	43	973	982	252M3D54M2D18M1D29M1D17M2D73M1D18M4D34M2D12M6D23M1D184M1I38M1D23M14I12M1I33M1D86M
60	4056	0.529	8.311E-95	1	928	929	53	991	994	252M3D70M1D24M1D23M6I13M1I26M9D104M1D21M2D4M8D168M1I41M1D15M2I25M6I34M1D92M
54	3951	0.510	2.487E-92	1	928	929	42	919	923	239M1D68M2D17M1D23M2I19M11I41M1I10M12I13M4I47M3I6M6I227M2I3M3D23M15I29M1I106M
45	3941	0.510	4.280E-92	1	928	929	42	926	927	239M1D73M1D12M1D23M2I14M5I47M7I7M13I18M2D47M3I6M6I227M2I3M3D23M15I29M1I101M3D5M
52	3920	0.495	1.339E-91	1	928	929	42	904	913	233M2D3M1I52M4I31M1D40M36I29M14I24M2D282M2I3M3D23M15I29M1I106M
43	3917	0.514	1.575E-91	1	928	929	42	927	931	235M1D89M1D16M1I91M12I20M8I10M9I6M1I20M2D231M2I3M3D23M15I26M1I109M
51	3910	0.518	2.304E-91	1	926	929	42	925	932	239M1D62M2I21M1D44M11I37M1I16M9I55M8I13M2D231M2I3M3D23M15I29M1I104M
113	3907	0.517	2.712E-91	1	923	929	42	905	915	235M1D63M4I3M2I16M1D41M3I5M5I19M7I30M9I40M9I258M2I3M3D15M5I11M13I20M4I12M1I88M
69	3906	0.511	2.863E-91	1	928	929	42	920	924	235M1D62M1I6M9I11M1D22M2I49M7I28M11I73M6I227M2I3M3D13M5D4M4I8M16I22M1I106M
56	3902	0.510	3.557E-91	1	928	929	42	927	931	233M2D3M1I43M2I41M1D48M8I17M7I34M5I75M7I225M2I3M3D20M4I10M11I22M1I106M
71	3901	0.517	3.756E-91	1	924	929	54	926	934	239M1D73M1D12M1D23M2I19M11I41M1I9M12I14M4I47M3I6M6I227M2I3M3D23M15I29M1I102M
109	3898	0.501	4.420E-91	1	926	929	42	914	915	239M1D85M1D74M3D14M3I18M11I20M8I26M16I235M2I3M3D12M2D8M1I8M17I26M5I95M
78	3889	0.513	7.206E-91	1	927	929	42	939	940	238M1D21M1I26M1I37M1D23M1I32M19I16M1I14M12I48M5D12M5I10M1I10M3D11M7D210M2I3M3D10M2I19M5I54M1D83M
44	3883	0.517	9.981E-91	1	928	929	42	882	886	226M2D10M1I54M2I6M15I9M1D48M8I9M8I41M5I35M27I8M1I10M10I6M2D210M2I4M3D22M15I29M1I106M
3	3880	0.512	1.175E-90	1	927	929	42	881	882	233M2D3M1I53M17I16M1D48M8I17M8I22M22I29M7I18M3I7M1I17M8I211M2I3M3D23M15I29M1I105M
76	3880	0.515	1.175E-90	1	928	929	42	921	925	239M1D45M1I39M1D23M1I15M5I16M6I43M9I49M1I19M12I226M2I3M3D16M3I14M12I22M1I106M
79	3874	0.498	1.627E-90	11	927	929	0	888	889	228M1D21M1I26M1I32M1D28M1I34M8I17M1D25M10I101M5I201M2I4M3D10M3D6M6I14M4I42M1D90M
57	3865	0.514	2.652E-90	1	923	929	42	921	931	236M1D23M1I44M1D20M1D54M1I21M8I12M1I12M9I58M11I238M2I3M3D16M8I13M7I23M1I101M
23	3861	0.509	3.296E-90	1	927	929	42	934	935	237M1D22M1I30M6I52M1I26M2D55M13I22M1D24M4I42M2D3M10I206M1D23M7I53M1D90M
35	3860	0.500	3.480E-90	1	928	929	42	925	929	225M6I11D4M4I46M1D39M1D16M1I22M3I13M13I29M2D10M12I35M4I14M2I251M2I3M3D11M1I13M13I29M1I106M
50	3854	0.515	4.820E-90	1	928	929	42	904	906	235M1D89M1D15M2I30M8I9M8I16M9I9M13I25M3I36M3I6M6I227M2I3M3D15M8I11M7I26M1I106M
116	3850	0.513	5.989E-90	1	928	929	42	892	893	235M1D54M7I37M4I27M3I4M8I20M4I34M3I24M8I7M16I23M5I227M1D19M5I11M13I41M4I15M1D70M
42	3849	0.505	6.323E-90	1	927	929	42	932	933	237M1D21M2I34M7I22M1D28M1I30M8I17M1D26M10I19M1D38M1D19M1D21M9I200M2I3M3D16M8I11M1D51M1D87M
49	3847	0.505	7.048E-90	1	928	929	42	858	862	233M2D3M1I53M17I16M1D46M31I14M3I11M16I11M28I19M5I35M2D207M2I3M3D23M15I29M1I106M
46	3845	0.511	7.857E-90	1	924	929	42	917	926	239M1D62M2I21M1D47M8I9M8I19M1I13M15I24M3I26M8I13M2D231M2I3M3D25M19I23M1I75M12D27M
41	3834	0.506	1.428E-89	1	928	929	42	923	924	236M1D21M3I25M1D12M2I24M1D55M12I26M1I10M4I6M5I38M6I38M1I229M1D14M19I6M1D28M1I101M3D5M
13	3831	0.488	1.680E-89	1	928	929	42	890	894	233M2D3M1I43M3D36M7I40M45I24M12I21M11I59M7D214M2I3M3D23M15I38M1I97M
77	3826	0.494	2.204E-89	1	928	929	42	923	925	235M1D77M2D35M1I81M15I25M5I10M7I20M9I228M1D19M6I15M11I22M1I101M5D5M
48	3812	0.511	4.715E-89	1	927	929	42	898	899	234M1D17M2I32M1D12M5I17M1D29M4I31M7I42M11I14M3I8M3I9M6I25M10I9M5I214M2I3M3D27M18I128M
65	3803	0.518	7.685E-89	1	928	929	37	876	879	261M2D47M2D11M1D63M36I25M1D17M4D24M1D24M2D30M1D174M1I37M11I15M24I5M30I93M
82	3787	0.504	1.832E-88	1	923	929	68	942	947	234M1D34M1D22M4I30M1D25M1D21M3D33M1D19M1I6M17I16M2I39M16I234M1D28M18I37M1D87M
66	3774	0.477	3.711E-88	1	927	929	42	922	923	40M1D198M1D21M1I30M6I32M8I12M1I34M8I16M1D26M10I94M10I202M2I3M3D34M7I42M1D90M
58	3767	0.504	5.427E-88	1	928	929	42	885	889	239M1D73M1D12M1D23M2I15M36I5M8I18M10I66M3I6M6I227M2I3M3D9M1I13M21I23M1I106M
83	3756	0.509	9.862E-88	1	923	929	67	942	947	226M2D10M1I22M1I31M1I6M3I4M1I18M1D25M1D15M1D18M8I9M4I34M5I38M10I22M2I235M2I3M3D16M6I10M12I38M1D87M
103	3746	0.481	1.697E-87	0	927	929	15	885	886	34M4I10M5I6M2I169M5I15M1D23M1D26M12I37M2I36M1I56M7D7M4D17M20I24M11I3M3I97M2D130M1D17M5I31M3I117M
70	3743	0.489	1.998E-87	1	928	929	42	857	858	239M1D20M1I5M14D5M37I17M1D23M2I20M31I14M3I11M16I13M17I33M3I6M6I228M1D27M15I29M1I103M3D3M
47	3680	0.487	6.111E-86	1	923	929	42	810	820	235M1D69M3I13M1D20M1I28M53I8M15I19M34I13M12I16M1I209M2I3M3D16M3D11M18I20M23I81M
55	3582	0.475	1.251E-83	1	928	929	42	889	893	70M1I168M1D62M1D19M1D7M2I42M8I9M8I45M2I18M1I3M9I49M2I113M1I48M1I44M25I20M21I23M1I69M1I36M
117	3387	0.371	4.959E-79	1	928	929	44	1002	1003	230M3D5M2I13M1I13M2I16M6D43M11I27M3I34M3D8M1D24M12I68M6D109M1D133M2D11M22D51M3D10M8D94M7D8M
92	3324	0.359	1.517E-77	1	924	929	38	1083	1084	227M2D9M2D14M1I47M1D24M13D4M12D6M1I34M1D22M17D26M2I16M9I33M1D30M5D27M9D94M2D137M33D40M7D18M18D21M9D78M3D4M
128	3315	0.362	2.473E-77	1	921	929	43	867	876	226M6I5M9D13M1D29M2D45M13I62M5I37M1D16M83I86M1D128M1D23M5I60M1D79M
122	3175	0.332	4.950E-74	1	928	929	41	971	1001	226M2D35M6I3M5I20M22I12M15D103M11I14M1I24M5I6M2I34M8I8M3I77M1D129M2D11M21D25M9D27M16D19M3D69M1I8M2I12M
8	3159	0.345	1.180E-73	1	928	929	44	1014	1016	226M15D7M1I41M7D23M2D24M9D9M6I96M6I82M2D22M5I80M2D122M1D17M12D53M10D99M1D9M
101	3117	0.356	1.154E-72	1	920	929	57	928	936	223M6I22M9I9M3I20M4I6M6I19M16I56M4I29M14I15M1I78M7D7M1D3M4D59M2D104M11D41M1D11M2I10M9I134M
18	3081	0.308	8.152E-72	1	924	929	38	1247	1248	224M5D39M2I64M7I28M26D31M2D12M2D7M1D19M6I31M3D55M31D13M7D73M1I12M1D141M6D9M85D12M2D10M80D21M10D5M4D9M8D5M27D81M2D7M
126	2969	0.340	3.567E-69	1	923	929	46	807	808	62M2I159M10I4M9D21M7I26M8I5M3I21M9I50M36I7M9I14M85I4M5D135M1I31M1D4M3I32M3I27M2D100M1I2M1I41M
100	2879	0.323	4.728E-67	1	928	929	41	801	806	230M10I13M17I34M3I20M15I15M7I13M37I18M12I22M21I11M35I11M2D79M1D5M1D85M3I3M5D30M3D23M22I47M2I44M1D25M4D16M
114	2869	0.342	8.137E-67	1	920	929	42	922	929	178M1D45M5I22M2I41M3D63M2D42M8I26M10I22M3I32M3D20M8I18M4I58M2D87M5I5M2D11M1D39M1D12M5D45M13I18M1I77M
91	2837	0.322	4.624E-66	1	928	929	46	787	788	60M1D164M6D3M101I18M6I16M32I33M8I25M2I15M17I43M3I65M2I10M4D5M2I79M6I38M1I12M17I26M1I3M2I26M1I1M3I34M2D17M4D27M1D4M
96	2793	0.317	5.042E-65	2	928	929	71	941	948	222M14D8M9I54M12I19M22I16M2I34M7I29M24D29M3I33M11I9M4I18M3D6M1D60M4I11M4D5M2I48M1I33M1I37M1D19M18I17M7I117M
98	2767	0.306	2.069E-64	1	928	929	50	774	776	62M1D162M10D7M3I10M27I5M34I15M36I17M27I7M7I13M13I13M35I24M4I89M2I11M1D5M1D74M1I9M6I35M1I13M5I11M15I15M2I25M3I2M1I32M2D20M4D30M
7	2762	0.311	2.714E-64	1	928	929	45	825	857	63M1D182M7I10M9I33M3I20M12I5M15I21M11I11M17I10M14I25M28I20M10I11M13I36M2D43M3D46M2I18M1D14M6I41M1I18M10I43M4I46M2D38M3D6M3D6M
97	2748	0.323	5.805E-64	1	928	929	63	784	786	62M1D162M9D12M1I7M27I5M34I16M22I7M6I4M41I7M9I7M14I14M3I15M20I24M1I21M7I61M3I11M1D5M1D84M6I35M1I11M4D8M13I10M9I33M8I35M1D17M2D30M
123	2745	0.423	6.831E-64	3	731	929	0	713	715	228M2D86M2D11M10I22M1I33M1D8M4I46M5I54M3I181M1D23M2D14M
124	2739	0.333	9.462E-64	1	922	929	38	712	713	221M3D11M94I10M4D1M18I17M30I11M3I14M3I23M54I10M9I14M3I41M1D22M1I18M2D86M1I28M1I28M26I15M7I14M7I41M1D6M1I33M
10	2731	0.304	1.461E-63	1	928	929	63	782	784	62M1D161M15D3M48I6M31I8M22I25M34I32M11I10M3I9M9I6M28I21M1I11M7I62M2I11M4D5M2I82M6I35M1I16M10I4M5I16M5I3M2I26M5I32M2D20M2D30M
120	2713	0.311	3.882E-63	1	928	929	44	758	764	61M2I161M10D1M16I49M58I10M7I26M10I50M3I6M31I7M37I10M4I33M2D39M1D7M1D47M2I18M1D50M4I7M1I13M15I12M13I10M23I2M1I35M1I46M
63	2687	0.312	1.593E-62	1	928	929	44	770	778	63M1D162M1I28M25I12M63I16M29I4M15I12M13I20M31I19M7I11M9I5M2I39M2D39M4D2M2I46M2I17M1D11M2I7M5I23M2I21M4I5M4I14M4I12M1I6M5I15M2I40M4D3M2I38M17D8M
89	2680	0.305	2.330E-62	1	928	929	44	759	777	62M1D165M16I8M25I15M8I21M23I13M6I14M8I4M11I5M14I10M16I16M68I11M2I4M2I39M2D39M4D3M2I47M2I16M1D14M7I38M2I10M15I21M3I41M2D36M2D37M6D9M
87	2678	0.307	2.597E-62	1	928	929	44	750	770	63M1D162M1I10M91I9M9I31M47I9M10I18M25I28M9I7M5I8M6I38M2D42M2D47M2I18M1D10M2I7M5I25M2I19M5I12M3I7M5I16M10I22M3D33M2D42M5D8M
0	2676	0.313	2.895E-62	1	928	929	50	752	754	62M1D162M19D3M12I5M27I5M34I15M28I12M41I9M29I16M14I7M26I34M7I61M3I11M1D5M1D77M1D7M6I35M1I11M6D7M24I13M1I3M2I28M3I30M2D21M2D31M
40	2641	0.298	1.936E-61	1	928	929	43	759	776	61M1D165M69I11M23I2M2I12M4D16M35I4M4I25M17I17M28I13M19I7M3I10M3I40M2D39M4D3M2I45M2I18M1D14M7I38M2I16M15I15M3I41M2D36M2D38M7D8M
95	2623	0.302	5.145E-61	1	928	929	38	718	720	62M2I161M103I27M15I4M11I5M11I30M12I23M53I25M6D4M2I32M2D44M2D51M2I16M1D51M5I14M34I37M6I1M3I35M1I38M2D8M
37	2617	0.295	7.127E-61	1	928	929	42	810	829	117M1I105M8D1M104I10M1I28M4I18M32I12M17D36M1I10M10I8M2I32M1D13M2I39M2D37M1D5M1D49M2I16M1D13M1I12M2I22M6I5M3D11M3D11M14I16M16I56M2D48M
88	2601	0.293	1.699E-60	1	928	929	44	752	770	231M10I6M9I8M47I8M80I1M23I3M18I34M14I19M3I31M2I39M2D39M4D3M2I47M2I12M1D14M2I7M5I35M2I11M5I10M3I31M6I18M2I40M2D38M7D8M
20	2585	0.299	4.050E-60	1	928	929	44	754	772	237M7D13M2I35M31I9M59I2M16I14M5I6M15I11M80I8M3I40M2D39M4D3M2I45M2I18M1D17M7I31M1I5M1I8M15I22M3I34M2D40M2D41M7D8M
125	2583	0.308	4.515E-60	1	925	929	64	812	813	225M1D4M2D21M11I33M20I11M4I7M9D1M27I13M25I14M28I16M2I3M8I38M3I21M13I63M13I127M1I10M1D14M11I17M19I19M3I75M1I4M
1	2576	0.289	6.603E-60	1	928	929	42	786	787	223M107I8M7I26M52I6M15I20M17I39M1I25M1I25M1D13M2D38M1D5M1D49M2I16M2D15M1I8M7I45M14I58M3I32M1D4M2D9M7D6M11D23M16D8M
2	2567	0.296	1.076E-59	1	924	929	47	780	781	64M1I54M1I169M27I5M80I8M1I7M1I14M11I21M52I27M5I35M1D43M3D49M1D11M1D6M4D59M5D25M37I25M3I4M1I32M3D11M5D12M3D16M4D7M
36	2563	0.291	1.337E-59	1	928	929	42	819	829	117M1I105M8D1M104I10M1I28M4I18M24I13M1I8M10D34M1I10M10I8M2I25M1D20M2I39M2D37M1D5M1D49M2I16M1D13M1I12M2I22M6I5M3D10M7D14M9I28M25I35M4D3M2I36M2D5M7D5M
14	2533	0.314	6.819E-59	1	924	929	122	885	886	61M7I4M18I7M3I72M1D53M5D5M6I26M4I22M8I27M17I19M3I15M28I25M17I35M5I9M2D46M6I75M1D5M1D128M1I11M25I14M22I95M
21	2430	0.340	1.831E-56	1	771	929	41	702	745	171M1D52M3D10M33I32M1I29M29I63M22I60M23I20M2I76M1D5M1D72M1I10M4D1M5I38M3I13M
121	2249	0.307	3.394E-52	1	790	929	32	618	619	224M104I2M10D11M20I17M8I9M10I25M3I17M46I4M15I4M3D17M8I3M1D25M1D11M2D43M2D51M2I16M2D14M2I9M3I22M5I3M2D37M
12	2196	0.302	6.033E-51	1	811	929	39	674	675	223M5D7M2I36M9I14M58I5M47I12M10I6M14I35M10I21M15I21M2I27M1I7M2D35M1D7M1I3M2I45M2I18M1D13M2I36M9I56M
9	2002	0.257	2.266E-46	1	928	929	44	621	639	63M1D165M51I58M96I12M71I3M111I45M2I18M1D13M2I4M5I25M2I20M15I25M9I4M2D27M2D32M2D41M6D9M
11	1942	0.306	5.891E-45	33	775	929	42	580	596	201M6D16M9I14M67I11M52I10M10I7M15I25M44I13M7I10M4I25M1D10M2D41M1D5M1D49M2I16M2D14M2I8M3I26M3I14M1D10M
19	1488	0.173	2.992E-34	10	923	929	61	730	735	40M1I13M1I42M1D11M5D4M8D20M1I3M3D27M2D52M104I8M98I75M11I22M7I12M2D6M2D66M2D79M4D68M7I20M17I17M7I5M19I17M1D9M1I24M
90	1159	0.149	1.715E-26	12	920	929	47	692	697	52M1I40M5D17M1I21M1I24M16I5M3D41M99I8M96I6M7D70M11I13M1I2M12I38M3I5M2D8M1I5M3D18M6D3M2I31M1I3M5D7M3I19M2D17M14I22M3I8M6I12M9I22M19I14M1D8M1I4M1I10M1D12M1D11M1D14M1D18M
129	1115	0.150	1.870E-25	31	919	929	28	650	656	4M2I3M2D8M1D16M1I40M3D4M2D13M1I18M1I27M16I6M3D35M2D16M74I4M8I9M99I16M4I11M25I20M3I15M1D18M6I28M2I5M1I7M2D6M1D8M1D7M3D14M1D32M1I2M5D9M3I16M2D16M8I3M6I16M3I29M4I35M18I8M3I2M1I7M1D17M8I9M1D10M1D22M
4	1016	0.167	4.039E-23	12	923	929	48	687	688	29M1D3M1I19M1I37M3D4M2D19M1I19M1I22M4D10M12I37M1D7M28I32M8I21M11I2M14I19M22I6M7I8M6I11M16I13M34I5M22I19M7I2M2I5M5I25M3I14M3D2M1D8M2I11M5D12M3D31M2D6M2D3M3I18M2D12M9I4M1D10M4I11M82I15M1I1M1I9M3I3M2I13M3D24M3D23M
99	776	0.242	1.844E-17	12	308	929	59	361	450	52M1I38M3D3M1D14M1I23M1I40M10I32M16D53M1I28M
17	644	0.156	2.390E-14	0	856	929	34	909	985	10M1I9M3I11M1I4M1D26M1I36M2D5M1D15M2I6M11D17M1I18M12D8M8D3M7D7M4I30M20D2M3I44M6D7M9D22M15D33M7I45M4D20M2D35M7I24M10D34M20D15M3D28M5I10M2I14M4I10M17I4M3I15M1I6M3D23M55I5M3I29M3D26M1I40M1D29M2D11M
93	471	0.144	2.871E-10	16	658	929	52	802	803	36M1I12M1I38M3D3M4D15M2I4M1I13M2D29M4I6M2I6M20D31M9D29M1I37M3D20M1D30M94D91M12D31M9D23M7D31M2I15M1D14M5I17M17I6M18I23M1I9M2I17M
 72	6983	1.00	0.000E+00	0	957	958	0	957	958	958M
127	6085	0.905	0.000E+00	0	957	958	43	1012	1013	446M11D82M1D430M
80	5646	0.877	0.000E+00	42	957	958	1	930	931	404M11D106M2D291M1D115M
68	5584	0.820	0.000E+00	4	957	958	9	900	901	7M10I10M2I301M1D89M55I74M3D291M1D115M
118	5581	0.785	0.000E+00	0	957	958	0	977	978	445M11D111M1D208M2D46M1D8M1D20M4D120M
84	5506	0.853	0.000E+00	47	957	958	0	928	929	398M11D109M7D404M
38	5202	0.678	0.000E+00	0	957	958	0	967	969	333M1D75M1D7M2I29M7D49M1I8M1I20M1I26M1D21M1D177M1D59M6D10M2I13M2I7M1D115M
24	5171	0.674	0.000E+00	0	957	958	0	968	970	333M1D16M2I57M1D38M7D41M1I37M1I30M1D17M1D177M1D58M1D19M1D16M1D115M
73	5148	0.726	0.000E+00	23	957	958	2	932	933	423M2D39M2I5M3I48M5I25M1D212M1I23M2D24M1D13M1D112M
106	5144	0.677	0.000E+00	0	957	958	0	968	970	333M1D16M2I56M1D39M7D41M1I37M1I30M1D17M1D177M1D58M1D19M1D16M1D115M
112	5141	0.664	0.000E+00	0	957	958	0	969	971	333M1D76M1D36M7D38M2I40M1I30M1D17M1D177M1D77M3D131M
107	5135	0.665	0.000E+00	0	957	958	0	967	969	337M1D12M2I53M1D42M7D49M1I29M1I27M1D20M1D177M1D58M1D25M1D125M
5	5135	0.676	0.000E+00	0	957	958	0	968	970	333M1D16M2I56M1D39M7D41M1I37M1I30M1D17M1D177M1D58M1D19M1D16M1D115M
67	5126	0.667	0.000E+00	5	957	958	6	963	964	404M1D36M5D45M1I13M1I20M1I30M1D17M1D173M1D64M4I18M2D123M1D3M
30	5124	0.675	0.000E+00	0	957	958	0	970	972	333M1D75M1D38M7D46M1I11M1I20M1I30M1D17M2D177M1D58M1D19M1D16M1D115M
34	5119	0.673	0.000E+00	0	957	958	0	968	970	333M1D16M2I55M1D40M7D41M1I37M1I30M1D17M1D177M1D58M1D19M1D16M1D115M
53	5113	0.672	0.000E+00	0	957	958	0	962	964	333M1D75M1D38M7D49M1I8M1I8M1I30M6I21M1D179M1D61M1D16M3D7M2I15M1D107M
39	5111	0.677	0.000E+00	0	957	958	0	963	965	336M1D72M1D37M7D28M6D8M7I16M1I10M4I6M1I30M1D17M1D177M1D58M1D150M
86	5111	0.674	0.000E+00	0	957	958	0	968	970	333M1D16M2I56M1D39M7D41M1I37M1I30M1D17M1D177M1D60M1D17M1D16M1D115M
64	5101	0.672	0.000E+00	0	957	958	0	966	968	333M1D113M7D37M2I36M3I32M1D17M1D177M1D59M1D18M1D15M1D116M
29	5096	0.677	0.000E+00	0	957	958	0	968	970	337M1D12M2I56M1D39M7D41M1I37M1I30M1D17M1D177M1D58M1D19M1D16M1D115M
33	5096	0.674	0.000E+00	0	957	958	0	967	970	333M1D16M2I57M1D38M7D41M1I37M1I30M1D17M1D177M1D61M1D21M1D11M1D110M1I4M
26	5095	0.676	0.000E+00	0	955	958	0	966	970	333M1D16M2I56M1D39M7D41M1I37M1I30M1D17M1D177M1D58M1D19M1D16M1D113M
27	5092	0.674	0.000E+00	0	957	958	0	968	970	333M1D16M2I56M1D39M7D41M1I37M1I30M1D17M1D177M1D58M1D23M1D12M1D115M
105	5091	0.673	0.000E+00	0	957	958	0	961	963	333M1D75M1D23M1I14M7D46M1I11M1I20M1I25M1D20M1D179M1D74M3I4M2I9M1D116M
25	5088	0.672	0.000E+00	0	957	958	0	968	970	333M1D16M2I56M1D39M7D41M1I37M1I30M1D17M1D177M1D58M1D21M1D14M1D115M
119	5076	0.661	0.000E+00	0	957	958	0	966	968	333M1D60M2I13M1D37M7D50M1I8M1I20M1I30M1D17M1D177M1D61M17D15M15I117M
28	5076	0.673	0.000E+00	0	957	958	0	969	971	333M1D16M2I17M1D39M1D39M7D41M1I37M1I30M1D17M1D177M1D58M1D19M1D16M1D115M
75	5072	0.673	0.000E+00	0	957	958	0	968	970	333M1D75M1D38M7D49M1I8M1I8M1I11M1I30M1D15M1D179M1D58M1D19M1D16M1D115M
61	5052	0.651	0.000E+00	0	957	958	0	931	933	333M1D113M7D11M26I27M14I32M1D17M1D177M1D59M1D21M1D12M1D116M
85	5045	0.674	0.000E+00	0	957	958	0	968	970	333M1D16M2I56M1D39M7D49M1I29M1I30M1D17M1D177M1D58M1D19M1D16M1D115M
62	5038	0.666	0.000E+00	0	957	958	0	929	931	337M1D70M26I54M1I16M1I10M4I6M1I30M1D17M1D177M1D60M11I7M12D130M
31	5038	0.672	0.000E+00	0	957	958	0	968	970	337M1D12M2I56M1D39M7D41M1I37M1I30M1D17M1D177M1D58M1D19M1D16M1D115M
111	5035	0.674	0.000E+00	0	957	958	0	936	938	337M1D84M25I49M1I29M1I30M1D15M1D179M1D64M3D20M2I7M1D115M
6	5033	0.671	0.000E+00	0	957	958	0	968	970	333M1D16M2I56M1D39M7D41M1I37M1I30M1D17M1D177M1D58M1D19M1D16M1D115M
131	4999	0.640	0.000E+00	0	957	958	0	894	896	333M1D113M7D34M79I14M1D177M1D59M1D33M5D116M
22	4982	0.646	0.000E+00	0	957	958	0	956	958	349M2I52M1D18M7I18M7D10M2I29M1I18M1I20M1I28M1D17M1D177M1D77M1D16M1D115M
108	4930	0.648	0.000E+00	0	957	958	0	926	928	386M1I30M27I43M1I15M1I23M1I45M1D177M1D77M1D19M1D20M4I88M
94	4917	0.645	0.000E+00	0	957	958	0	922	924	386M1I31M26I49M4I7M1I22M1I13M1I31M1D177M1D64M1I21M2I120M
74	4839	0.678	0.000E+00	7	926	958	1	902	926	338M1I80M1I19M11D34M21I53M1D196M1I31M1I25M3D5M8I106M
115	4823	0.612	0.000E+00	0	957	958	0	981	982	294M3D33M1D37M1D31M1D14M1D15M5D32M3I20M1D20M3D57M1D18M2D177M1D36M1D21M2D21M1D27M3D102M
102	4794	0.612	0.000E+00	0	957	958	0	963	964	409M1D36M5D23M6I16M1I22M1I42M1D17M1D177M1D59M1D23M2D13M1D110M1D3M
16	4712	0.611	0.000E+00	5	956	958	39	977	978	303M1I31M2I11M1I38M1D26M2I23M6D20M2I74M7I20M6I257M2D14M1D15M1D9M3I87M
130	4688	0.599	0.000E+00	0	957	958	0	982	983	291M3D40M1D36M1D25M1D17M1D27M9D36M3I16M1D8M3D61M1D11M1D3M1D176M1D37M1D46M1D10M1D13M1D102M
15	4679	0.593	0.000E+00	0	956	958	38	982	983	3M2I303M1I20M2I14M2I45M1D17M2I18M6D100M4I31M9I245M1D9M1D16M1D114M
104	4636	0.637	0.000E+00	0	957	958	0	936	938	44M32I257M1D16M2I57M1D38M7D41M1I37M1I30M1D17M1D177M1D58M1D21M1D13M1D116M
59	4545	0.569	0.000E+00	0	957	958	0	978	982	7M1D287M3D33M1D40M1D28M1D13M1D20M9D50M1D9M3D33M1D25M6D10M3D232M1D23M8I15M4I15M1D106M
32	4539	0.661	0.000E+00	42	957	958	1	927	929	291M1D16M2I56M1D39M7D41M1I37M1I30M1D17M1D177M1D58M1D19M1D16M1D115M
109	4393	0.533	4.238E-101	0	956	958	0	914	915	281M1D57M1I28M1D65M1I32M9I19M2I43M2I3M2I17M11I175M1D39M1D20M14I22M1D23M5I86M
56	4393	0.530	4.238E-101	0	957	958	0	926	931	266M10D3M9I44M2I22M1I19M1D66M1I31M6I3M1I35M7I11M5I13M1D205M1D35M1D20M1I4M11I43M1I93M
113	4374	0.534	1.170E-100	0	957	958	0	914	915	272M5D5M4I55M7I23M1D66M1I31M11I29M8I16M1I13M4I204M1D37M1D14M8I10M5I6M3I10M1D23M5I83M5D4M
23	4374	0.522	1.170E-100	0	957	958	0	934	935	279M1D14M1I46M3I13M4I35M1I47M2I10M1D11M8I48M1I55M4I167M1D37M1D23M5I29M1D13M1D102M
41	4367	0.526	1.700E-100	0	957	958	0	923	924	266M10D3M9I15M3I37M1I15M1I16M1D41M1I11M3I28M1I16M4I10M3I12M3I27M6I218M1D37M1D16M2I6M11I8M2I34M1I87M4D4M
42	4366	0.535	1.793E-100	0	957	958	0	932	933	279M1D13M2I46M8I13M1D34M1I46M2I10M1I11M6I47M1I47M2I8M3I169M1D38M1D22M4I22M1I7M1D9M1D106M
57	4364	0.539	1.996E-100	0	953	958	0	921	931	278M1D26M1I62M1D98M9I52M1I21M11I18M1I172M1D37M1D18M12I7M1I129M
3	4362	0.521	2.221E-100	0	957	958	0	881	882	266M10D3M9I52M1I9M17I9M1D74M2I10M25I20M4I37M8I18M10I176M1D37M1D20M7I8M6I15M1D23M1I91M
78	4362	0.530	2.221E-100	0	957	958	0	939	940	280M1D19M1I38M1I10M1I11M1D34M1I10M1D16M2D26M2I14M10I20M1I3M5I245M1D39M1D11M8I6M1D21M2D10M1D9M1D106M
52	4359	0.521	2.607E-100	0	957	958	0	903	913	266M10D3M9I51M3I14M2I19M1D40M3I30M2I22M6I36M27I10M3I26M1D178M1D37M1D21M13I22M1D9M1I105M
43	4357	0.526	2.901E-100	0	957	958	0	926	931	266M10D3M9I71M1I17M1D16M1I80M10I22M3I41M7I203M1D37M1D21M10I17M1D5M3I9M1I105M
44	4353	0.529	3.592E-100	0	957	958	0	881	886	266M5D9M4I50M3I10M15I9M1D74M2I23M6I9M2I47M39I182M1D37M1D20M7I8M6I15M1D23M1I91M
51	4353	0.531	3.592E-100	0	957	958	0	926	932	266M5D11M4I57M3I26M1D40M3I32M1D23M9I60M1I16M8I15M1D176M1D37M1D14M10I24M3I5M1D9M1I105M
54	4352	0.526	3.789E-100	0	957	958	0	918	923	281M1D56M1D30M1D18M2I45M1I19M26I51M2I219M1D37M1D20M10I18M3I120M
77	4352	0.523	3.789E-100	0	957	958	0	922	925	277M1D49M1D71M1I24M3I22M2I19M4I11M1I12M3I58M15I176M1D37M1D22M15I21M1D22M1I88M5D4M
60	4335	0.538	9.397E-100	11	957	958	9	990	994	20M10D7M3D253M3D42M1I31M1D24M1D18M5I18M3D23M12D25M1D20M3D35M1D46M6D208M1D34M1I19M4I18M1D95M
69	4334	0.518	9.913E-100	0	957	958	0	919	924	267M8D5M7I59M3I5M8I13M1D24M2I14M3I25M2D31M8I25M8I65M1D178M1D37M1D17M5I8M8I133M
76	4324	0.528	1.691E-99	0	957	958	0	920	925	266M5D11M4I64M2I20M1D28M1I11M3I25M2D30M9I22M3I29M5I32M7I178M1D37M1D12M8I3M4I52M1I91M
49	4323	0.518	1.784E-99	0	957	958	0	857	862	266M10D3M9I52M1I9M17I9M1D46M19I29M15I54M39I182M1D37M1D20M7I8M6I15M1D23M1I91M
45	4307	0.521	4.195E-99	0	957	958	0	922	927	266M5D11M4I86M1D18M2I20M3I30M1D24M14I35M1I26M7I203M1D37M1D20M10I18M3I120M
48	4305	0.527	4.668E-99	0	957	958	0	898	899	267M10D6M9I12M2I44M3I16M1I31M4I11M6I24M5I18M15I43M6I32M4I6M1I184M1D37M1D14M3I7M13I19M1D115M
71	4295	0.526	7.965E-99	4	954	958	16	926	934	263M2I1M8D6M5I86M1D18M2I45M1I17M1I13M6I3M3I16M1I37M7I11M11I17M1D174M1D37M1D20M10I18M3I117M
35	4291	0.522	9.862E-99	0	957	958	0	928	929	266M12D1M11I89M1D16M1I38M3I18M1I22M9I21M6I32M6I34M1D176M1D37M1D18M12I137M4D4M
116	4286	0.520	1.288E-98	0	955	958	0	889	893	267M10D2M9I62M3I3M5I33M4I44M1I31M6I3M3I30M26I5M4I35M1D174M1D37M1D18M13I12M3I10M1D17M4I25M1D67M
83	4284	0.524	1.434E-98	5	953	958	29	942	947	2M1D258M11D6M10I18M1I39M3I16M2I36M1D10M6I24M3D23M19I65M2D207M1D37M1D22M16I18M1D22M1D89M
66	4276	0.513	2.198E-98	0	957	958	0	922	923	82M1D198M1D13M1I43M14I10M1I29M1I54M1D19M10I19M3D31M1D29M5I12M4I3M5I165M1D39M1D22M5I29M1D9M1D106M
13	4271	0.515	2.871E-98	0	957	958	0	889	894	266M10D3M9I60M2I6M4I16M1D40M6I36M43I66M4I189M1D37M1D21M12I44M1I93M
65	4269	0.551	3.195E-98	7	950	958	2	868	879	289M2D26M1D38M1D48M5I16M1I3M22I23M1D20M3D15M2D39M1D19M2D214M33I19M6I4M23I81M
110	4264	0.647	4.174E-98	90	957	958	0	878	880	243M1D16M2I56M1D39M7D41M1I37M1I30M1D17M1D177M1D68M1D9M1D16M1D115M
50	4247	0.519	1.035E-97	0	955	958	0	901	906	266M10D3M9I60M1I28M1D15M2I23M3I22M1I18M26I7M4I49M2D15M10I188M1D37M1D20M10I13M3I123M
82	4239	0.522	1.587E-97	5	953	958	30	942	947	2M1D260M10D6M9I15M1D42M3I4M2I19M1D29M1D10M6I24M3D23M19I43M2I227M1D37M1D17M12I24M3I22M1D89M
46	4224	0.516	3.537E-97	0	954	958	0	917	926	266M5D11M4I59M3I24M1D40M3I4M7I27M1I11M14I60M1I16M8I15M1D176M1D37M1D24M17I100M12D27M
58	4172	0.514	5.693E-96	0	957	958	0	884	889	266M10D3M9I89M1D18M2I20M3I23M14I7M20I18M1I37M7I12M10I191M1D37M1D10M1I12M19I129M
47	4169	0.509	6.683E-96	0	953	958	0	810	820	267M11D2M10I61M3I6M1I14M1D19M1I24M23I21M26I18M5I5M53I191M1D37M1D17M5I8M8I25M22I82M
70	4163	0.507	9.208E-96	0	957	958	0	853	858	266M10D3M9I28M14D2M7I3M32I17M1D18M2I20M3I5M16I25M35I6M1I6M5I4M1I26M7I203M1D37M1D20M10I18M3I120M
55	4012	0.504	2.938E-92	0	957	958	0	888	893	112M1I168M1D79M1D10M2I37M3I36M3I12M2I10M5I4M4I18M5I162M1I48M1I27M1D10M18I11M7I14M16I11M2I30M1I52M1I35M
81	3969	0.623	2.923E-91	39	877	958	7	880	885	294M1D75M1D7M2I28M7D22M1I27M1I8M1I22M1I28M1D17M1D177M1D66M2D17M2D13M25D32M
79	3879	0.506	3.583E-89	52	957	958	0	888	889	228M1D19M1I38M1I10M1I11M1D34M1I38M3D28M12I19M2D16M4I54M1I10M2I168M1D37M2D3M1I14M7I23M2D10M1D9M1D106M
117	3674	0.396	2.047E-84	0	957	958	0	994	1003	5M2D264M10D4M9I23M3I16M5D16M2I25M9I43M2D4M1I21M1D11M2D10M7I37M2D20M2D16M3D25M1I91M1D87M1D34M2D16M10D21M5D25M2D8M19D104M
92	3628	0.373	2.391E-83	5	957	958	1	1083	1084	263M4D73M1D5M7D26M1I56M1I20M17D8M4D10M6I51M1D24M17D17M14D96M2D89M1D46M32D37M6D12M31D25M1D87M
128	3625	0.391	2.807E-83	2	950	958	0	866	876	3M3D262M8I5M11D22M13I5M4I2M4I8M10I18M11I20M3I18M18I11M31I48M2I17M2I12M9D8M1I87M1I6M2D87M1D35M2D4M1I10M1D71M2I79M
103	3577	0.478	3.648E-82	26	957	958	0	885	886	49M4I12M1D6M8I166M5I17M1D12M1D23M1I25M12I26M2I52M7D28M9D6M4I28M20I7M7I31M1I81M2D96M1D31M1D24M3I27M1I19M1I97M
101	3474	0.366	8.956E-80	5	951	958	20	929	936	261M1D6M7I16M12I22M3I35M7I2M2D30M1I41M2I11M14I66M6I36M4D3M1D58M2D103M8D3M4D37M1D22M5I21M1I15M4I19M2D78M
122	3463	0.364	1.612E-79	7	933	958	6	949	1001	258M2D28M6I13M5I5M5I13M4I16M24D9M8I25M1I11M5I13M2I27M13I22M2I22M3I7M1I23M6I19M4I80M1D84M1D37M2D15M27D23M17D27M6D21M2D64M
8	3420	0.352	1.604E-78	0	957	958	0	1013	1016	5M2D262M13D8M1D66M1D21M16D81M1I21M9I23M1I37M4D110M2I15M4D84M1I5M2D37M1D11M12D46M1D27M12D77M1D8M
18	3348	0.316	7.514E-77	5	956	958	1	1247	1248	264M5D71M5D48M1D50M5D5M1D5M1D18M8I23M2D68M49D14M8D68M1I14M1D88M1D49M99D6M28D14M19D23M3D13M54D18M22D84M
91	3262	0.349	7.438E-75	5	957	958	9	785	788	100M1D160M14D5M10I6M62I16M11I23M2I18M10I18M4I6M37I16M7I27M25I12M2I64M2I7M1D8M1D81M5I38M1I21M2I9M6I32M5I4M7I3M1I29M2D21M4D30M
126	3262	0.348	7.438E-75	6	952	958	10	806	808	96M2I162M10I3M9D20M7I47M1I12M9I23M1I37M10I5M10I11M107I131M1I39M1I27M4I4M1D23M3I61M8D36M1I2M1I40M
114	3228	0.358	4.575E-74	5	951	958	5	923	929	215M1D45M1I6M4I19M2I82M2D12M2D73M10I34M4I13M1D18M1D24M3I9M7I56M2D87M5I16M4D37M1D12M6D21M4I32M8I88M
100	3195	0.324	2.668E-73	0	957	958	0	799	806	3M1I268M10I11M4I5M7I28M10I23M15I34M69I18M22I8M9I13M1I18M1D3M2I81M2D89M3D31M3D26M20I45M1I49M1D20M3D14M
98	3169	0.328	1.070E-72	5	957	958	13	773	776	100M1D162M60I13D13M8I13M14I27M1I15M19I18M25I15M7I22M46I11M2I63M2I14M1D1M1D74M1I6M3I3M2I35M1I10M13I25M7I31M3I32M2D22M4D27M
7	3142	0.333	4.529E-72	5	957	958	8	821	857	98M1D176M21I6M21I18M5I19M26I45M6I17M14I29M26I33M11I4M2I39M2D42M3D46M2I19M1D13M5I39M1I44M12I24M1D41M2D38M3D11M
97	3105	0.332	3.270E-71	1	957	958	22	783	786	104M1D161M15D1M61I12M8I20M19I11M2I11M63I40M12I8M8I13M5I14M4I3M2I62M3I14M1D1M1D81M5I38M1I13M2D16M22I6M3I64M1D16M2D30M
96	3083	0.324	1.059E-70	5	957	958	38	942	948	30M5I227M13D35M4I12M1I21M14I14M7I28M8I12M10I34M27D8M10I13M2D56M7I4M4I7M1D7M1D63M4I14M2D47M1I72M1D53M21I18M1I74M2D7M
120	3066	0.343	2.628E-70	5	957	958	7	757	764	97M2I162M10D10M2I14M8I10M2I17M28I12M13I11M15I14M11I20M1D9M2D21M15I3M34I9M30I6M4I33M2D46M2D47M2I20M1D18M1D25M4I9M1I10M7I14M2I13M39I2M1I35M1I45M
40	3063	0.329	3.084E-70	0	949	958	1	743	776	104M1D165M26I9M27I6D11M31I4M16I18M15I24M1I8M31I19M28I5M1I10M19I7M3I39M2D38M3D3M1I46M2I21M1D11M3I4M3I24M1I10M1I49M6I22M7I40M2D37M
10	3061	0.335	3.432E-70	5	957	958	26	781	784	100M1D160M15D12M71I20M33I15M35I10M30I18M6I5M4I17M5I9M1I25M2I62M2I16M2D81M5I38M1I21M13I45M11I31M2D21M2D28M
124	3060	0.349	3.621E-70	5	947	958	1	707	713	259M10D6M11D2M33I10M1I4M81I9M25I4M12I24M2I7M13I2M38I5M6I13M8I11M2I40M1D22M1I18M2D114M1I22M9I6M11I16M17I54M1D6M1I28M
89	3052	0.338	5.552E-70	5	949	958	7	744	777	99M1D163M25I19M20I12M34I4M12I11M18I28M1I8M31I21M29I13M6I5M14I2M2I39M2D38M3D3M1I46M2I21M1D11M6I29M2I58M6I22M7I40M2D37M
0	3042	0.346	9.472E-70	5	957	958	13	753	754	100M1D160M20D4M13I4M62I19M8I28M38I5M41I19M13I10M1I9M33I5M1I3M2I62M3I14M1D1M1D77M1D4M3I3M2I35M1I12M3D2M6I11M9I9M5I17M1D10M2I3M3I30M2D21M2D26M2D4M
20	3026	0.329	2.227E-69	5	949	958	7	738	772	274M7D8M52I3M31I9M6I5M1I23M22I15M2I6M12I10M13I11M62I9M3I39M2D36M3D5M1I46M2I21M1D8M2I6M4I25M1I10M1I40M11I22M2I46M2D40M
63	3008	0.340	5.827E-69	5	957	958	7	755	778	96M1D170M17I10M27I18M31I1M15I20M38I14M27I24M19I16M4I9M7I11M3I39M2D39M3D3M1I46M2I20M1D11M3I6M3I22M2I20M5I6M7I18M3I23M2I45M4D3M2I40M3D5M
88	3007	0.326	6.146E-69	5	957	958	7	748	770	273M48I16M31I9M6I5M1I27M5I12M19I5M12I10M13I7M36I2M26I12M2I39M2D42M2D46M2I21M1D11M5I5M1I23M1I10M1I40M11I22M2I49M2D39M4D6M
37	2977	0.319	3.053E-68	4	957	958	2	808	829	11M2D144M1I105M16D16M45I11M48I24M10I13M31I6M9D7M5D6M1I71M5I4M9I5M1D2M5I37M2D42M2D49M2I16M1D13M1I11M1I21M4I6M1D12M8I8M12I10M3I20M1I50M2D42M1I4M
87	2976	0.327	3.221E-68	5	949	958	7	736	770	95M1D180M6D10M83I4M13I20M38I13M33I24M33I29M2I39M2D42M2D47M2I20M1D11M5I4M1I25M2I21M4I5M8I17M3I23M2I44M2D43M
36	2952	0.321	1.161E-67	2	957	958	0	807	829	12M2D145M1I105M16D16M45I12M37I6M24I23M4I7M24I4M9D12M15I64M3D22M2I39M2D42M2D49M2I16M1D13M1I11M1I21M4I6M1D12M8I8M12I10M3I20M1I47M4D3M2I33M2I10M
95	2937	0.324	2.588E-67	5	957	958	1	714	720	97M2I163M15I9D9M16I23M29I8M9I5M15I26M6I21M4I19M107I4M2I32M2D45M2D50M2I16M1D20M1D28M4I3M1I13M18I33M21I5M1I35M1I38M1I6M
2	2932	0.330	3.380E-67	4	956	958	9	780	781	102M1I54M1I112M4I15M32I9M13I22M22I39M22I4M32I14M37I16M4I11M1D7M5I36M1D43M3D52M1D8M1D8M4D18M1D37M5D13M29I11M4I22M2I9M3I30M3D13M5D12M3D16M2D9M
1	2913	0.310	9.329E-67	0	957	958	0	775	787	267M3D4M29I7M79I16M9I5M15I17M42I6M5I18M4I33M12I12M1I26M1D13M2D40M1D3M1D46M2I18M2D15M2I5M5I50M9I10M3I7M1I40M1I32M1D4M2D5M7D10M8D2M3D18M6D10M
125	2879	0.310	5.738E-66	3	948	958	25	806	813	268M3D21M11I20M52I14M5I12M14D8M31I5M26I36M2I25M2D31M14I62M13I91M1D28M1I17M1D7M6I28M4I10M14I6M6I72M
14	2851	0.331	2.562E-65	5	954	958	85	885	886	104M25I4M4I2M1D70M1D53M5D8M6I24M4I20M2I9M5I22M9I22M12I8M5I25M29I59M11I33M2I81M2D83M1D44M1I11M7I8M1I7M4I7M33I5M1D81M
21	2796	0.348	4.839E-64	5	810	958	4	722	745	209M1D51M7D10M6I10M20I29M6I17M13I16M4I14M20I13M7I14M22I44M2I23M5I20M2I81M2D72M1I50M3I15M14D7M
123	2778	0.425	1.266E-63	44	764	958	0	713	715	226M2I20M2I60M3D17M4I47M2D47M3D4M2D35M11I8M3I44M1D155M1D19M3D17M
121	2540	0.332	4.218E-58	11	823	958	1	618	619	257M15D5M8I10M5I10M35I3M15I9M16I9M22I11M39I24M41I9M21I15M4I4M2I22M1D11M2D43M2D48M2I19M2D14M7I8M3D17M3I45M
12	2474	0.329	1.434E-56	5	846	958	2	674	675	260M7D12M46I14M38I4M5I14M5I20M10I17M40I9M16I65M2I28M1I6M2D29M1I15M1I48M2I17M1D12M5I16M4D17M9I12M1I13M1I31M
9	2323	0.286	4.576E-53	5	952	958	7	609	639	96M1D172M25I7M26I6M17I11M14I8M11I9M51I16M98I3M4I5M76I50M2I20M1D11M4I5M2I24M2I19M1I7M11I22M5I62M2D46M
11	2174	0.307	1.312E-49	0	824	958	0	595	596	42M32I200M4D2M37I6M15I6M42I38M2I17M1I12M1I7M73I12M24I4M1D4M5I25M1D10M2D46M2D49M2I17M2D21M4I21M3I45M
19	1751	0.218	8.581E-40	5	945	958	12	722	735	26M1D18M2D44M1I9M1I44M1D11M5D4M8D19M1I4M3D27M2D53M15D5M106I8M18I14M5I26M37I11M11I8M26I12M21I5M4I12M2D6M2D47M1I13M1D7M2D80M5D38M4I5M2I16M16I42M6I6M19I16M1D11M1I14M
90	1267	0.159	1.461E-28	0	951	958	0	693	697	4M1I2M1D24M1I15M5I53M1I39M5D18M1I21M1I29M12I3M1I36M105I2M56I2M33I9M19D12M12I42M6I25M12I33M2I5M1I3M2D10M1D22M5D38M1I3M5D9M3I16M2D19M13I16M3I27M8I34M22I9M1I4M1I10M1D10M1D12M1D15M1D19M
4	1255	0.168	2.773E-28	0	952	958	0	687	688	3M2I5M1D41M4I47M1I40M3D4M2D16M1I22M1I22M4D10M12I36M3D9M1I14M34I15M4I11M6I12M19I16M1D2M22I6M44I4M26I7M14I8M7I29M4I12M3D15M1I1M1D8M3I14M3D2M1D8M2I11M5D8M2I3M5D30M2D6M2D3M3I16M2D16M2I3M5I10M4I11M18I14M63I11M3I2M2I14M3D25M3D11M1D10M
129	1207	0.159	3.604E-27	10	945	958	0	646	656	2M1D2M1I16M1I11M35I3M2D4M1D17M1I40M3D7M2D13M1I18M1I33M13I36M1D5M3D2M72I12M106I3M5D9M22I15M21I57M3D27M2I5M1I7M2D6M1D8M1D14M3D8M1D31M1I2M5D9M3I16M2D16M7I3M6I16M4I7M4I5M3I4M13I25M4I29M3D1M1I7M4I3M2I3M2I14M1D6M1D13M1D15M
99	914	0.255	2.268E-20	5	352	958	17	361	450	7M1D2M1I16M1I15M5I50M1I40M3D4M1D14M1I23M1I24M2D12M12I31M17D7M1I47M2I23M2I6M
17	780	0.165	2.918E-17	9	877	958	3	898	985	21M2I26M3I14M1I4M1D26M1I38M2D3M1D21M9D19M1I18M12D8M8D3M7D7M4I30M20D2M3I29M2D54M8D27M4D20M7D6M2D27M4D31M3D11M5I29M6D27M4D35M22D10M1D4M4I25M6I8M9I2M8I28M2D23M55I15M8D26M7I19M3D64M
93	651	0.150	2.874E-14	11	599	958	13	763	803	34M7I41M1I12M1I38M3D5M4D13M2I4M1I14M2D28M4I6M2I6M20D31M9D29M3I42M5D38M126D26M1I10M13D26M3D19M2D44M4D28M4I49M2I11M1I6M
 