44	6568	1.00	0.000E+00	0	885	886	0	885	886	886M
3	6266	0.969	0.000E+00	0	881	886	0	881	882	882M
49	6117	0.942	0.000E+00	0	885	886	0	861	862	424M24I438M
52	5839	0.868	0.000E+00	0	883	886	0	912	913	338M13D81M3I65M1D22M11D369M7D6M
51	5679	0.807	0.000E+00	0	883	886	0	931	932	327M2D6M2D5M11D123M4D6M1D12M1D10M13D20M11D370M3D5M
56	5655	0.808	0.000E+00	0	885	886	0	930	931	333M2D5M13D91M1D32M4D6M1D24M13D18M11D377M
54	5625	0.807	0.000E+00	0	885	886	0	922	923	327M2D6M2D5M15D35M2I87M2I15M1D11M10D21M11D375M
13	5596	0.809	0.000E+00	0	885	886	0	893	894	327M2D6M2D3M8D64M3I24M9I26M2I25M7D19M3D378M
76	5584	0.798	0.000E+00	0	885	886	0	924	925	327M2D6M2D5M12D28M1I59M1D35M4D6M1D12M1D10M6D20M11D377M
71	5561	0.800	0.000E+00	4	885	886	16	933	934	323M2D6M2D5M14D35M2I87M2I15M1D11M10D19M11D377M
45	5533	0.798	0.000E+00	0	885	886	0	926	927	327M2D6M2D5M14D35M2I72M5D15M2I15M1D11M10D19M11D377M
50	5531	0.787	0.000E+00	0	883	886	0	905	906	327M2D6M2D5M13D37M2I43M3I46M1I39M11D375M
43	5517	0.792	0.000E+00	0	885	886	0	930	931	327M2D6M2D5M13D39M1I48M1D35M4D6M1D12M1D6M11D24M11D377M
46	5465	0.778	0.000E+00	0	883	886	0	925	926	327M2D6M2D5M11D82M16I11M2D14M4D6M1D12M1D10M13D19M11D233M4I107M12D27M3D5M
41	5457	0.756	0.000E+00	0	881	886	0	923	924	292M3I32M2D10M14D66M1I58M4D5M1D13M21D23M3D237M3I135M4D4M
69	5441	0.787	0.000E+00	0	885	886	0	923	924	327M2D6M5D43M2I47M1D15M1D20M5D7M1D12M1D12M13D17M11D378M
109	5426	0.783	0.000E+00	0	880	886	0	914	915	327M2D3M2D8M13D89M1D35M5D5M1D12M1D10M6D20M8D246M1I37M4I84M
35	5423	0.782	0.000E+00	0	885	886	0	928	929	327M2D4M3D7M13D35M1I52M2I34M2D18M1D9M13D19M11D229M2D7M1I141M
57	5394	0.773	0.000E+00	0	877	886	0	921	931	304M1I23M4D10M14D74M1D13M1D38M4D4M1D12M1D10M10D20M9D369M
70	5375	0.764	0.000E+00	0	885	886	0	857	858	307M15D6M22I38M2I48M5I14M3I14M6I35M5I381M
113	5338	0.769	0.000E+00	0	877	886	0	905	915	327M2D6M2D4M7D88M1D43M1D11M1D20M10D10M11D228M3I49M4I85M
77	5323	0.761	0.000E+00	0	884	886	0	920	925	327M2D6M2D6M14D31M1I79M1D10M4D8M1D12M1D4M3D25M11D231M2I143M
116	5281	0.764	0.000E+00	0	885	886	0	892	893	331M4D7M5D34M4I51M1D40M1I16M3D5M4D17M3D231M3I34M1D15M4I20M1D66M3I4M
58	5212	0.763	0.000E+00	0	885	886	0	888	889	327M2D6M2D5M14D35M2I34M5D50M6I35M5I226M1D3M8I144M
48	5160	0.736	0.000E+00	0	881	886	0	898	899	303M2I23M1D11M12D31M4I28M4D29M3I29M1D16M1D26M9D236M4I3M1D39M1D95M
83	5106	0.738	0.000E+00	7	881	886	32	946	947	296M2I5M1D17M2D6M10D37M1D32M4D23M1D35M4D8M1D11M1D10M8D17M10D235M2D8M5I34M2D94M
82	5066	0.726	0.000E+00	5	881	886	30	946	947	2M1D299M1D21M2D5M11D38M1D32M4D23M1D35M4D7M1D12M1D5M14D253M2D6M5I40M2D94M
47	4955	0.724	0.000E+00	0	877	886	0	810	820	328M2D5M2D5M10D39M1I31M8I9M30I4M3I8M3I14M15I7M1D259M22I87M
78	4916	0.684	0.000E+00	0	881	886	0	939	940	294M1I34M4D8M9D4M3D30M1I23M1I7M4D40M1I16M4D8M1D11M1D12M20D29M6D217M6D14M2D37M2D94M
42	4859	0.677	0.000E+00	0	881	886	0	932	933	294M2I33M1D19M9D20M1I32M3D42M1I16M4D8M1D13M14D13M1D12M12D235M3D8M1D8M4D31M2D94M
23	4829	0.673	0.000E+00	0	881	886	0	934	935	294M1I34M1D13M9D26M1I26M1I7M4D40M1I16M4D7M21D8M3D7M7D32M2I225M6D16M2D31M2D94M
55	4796	0.699	0.000E+00	0	885	886	0	892	893	112M1I214M2D5M2D6M14D16M2I93M1D20M3I8M1D9M26D15M2D103M1I49M1I44M32I112M1I39M
66	4759	0.656	0.000E+00	0	881	886	0	922	923	82M1D212M1I42M2D31M1I26M1I6M4D41M1I16M4D8M4D17M8D15M10D4M1D9M1D223M4D21M4D31M2D94M
130	4742	0.625	0.000E+00	0	881	886	0	982	983	280M1I16M3D30M2D13M17D34M1D21M10D5M1D10M6D17M1D36M6D4M19D12M6D20M1D11M13D240M9D7M5D31M2D94M
30	4463	0.523	7.686E-102	0	882	886	0	971	972	268M2I10M1D53M2D7M17D10M1I49M5D4M6D17M4D6M1D11M31D71M10D214M1I12M15D54M1D93M
111	4450	0.544	1.530E-101	0	882	886	0	937	938	268M2I10M1D53M19D17M1I39M5D27M18D5M1D40M1I8M4D22M1I15M2I212M1I17M3D4M4D8M7D25M1D105M
39	4444	0.530	2.103E-101	0	882	886	0	964	965	268M2I10M1D56M2D4M17D10M1I44M8D12M8D31M18D15M3D18M3D31M1D7M11D214M1I29M14D130M
112	4436	0.521	3.213E-101	0	882	886	0	970	971	268M2I10M1D53M2D6M15D11M1D45M20D7M11D8M3D14M7D21M9D29M4D35M2D213M1I13M14D25M1D18M1D104M
33	4416	0.522	9.268E-101	0	882	886	0	969	970	268M2I10M1D53M2D7M15D10M1I44M8D12M8D41M5D56M25D7M11D212M1I12M9D9M6D29M1D109M
118	4412	0.532	1.146E-100	0	881	886	0	977	978	281M1I69M17D63M18D13M1D31M8D8M2I41M36D172M2D3M3I13M2D23M1I12M15D33M3D17M1D96M
61	4401	0.536	2.052E-100	0	882	886	0	932	933	268M2I10M1D47M1D7M1D6M17D10M1I59M15D38M3D41M2D18M2I214M1I17M15D47M1D95M
79	4387	0.661	4.307E-100	53	881	886	1	888	889	241M1I34M4D8M9D10M3D21M1I33M3D41M1I16M4D8M1D11M1D11M21D30M6D217M6D14M2D45M2D86M
67	4383	0.531	5.324E-100	5	882	886	6	963	964	276M1I49M1D10M9D8M7D53M15D24M1I11M37D37M3D6M4D26M4I212M1I12M1I21M11D22M1D103M
38	4381	0.519	5.919E-100	0	882	886	0	968	969	268M2I10M1D53M2D7M15D10M1D45M9D32M5D7M34D57M5D17M1D215M1I12M3D7M12D43M1D97M
85	4376	0.528	7.714E-100	0	882	886	0	969	970	268M2I10M1D53M2D6M15D11M1I44M8D12M8D27M3D4M19D9M10D44M1D22M8D210M1I24M15D29M1D106M
108	4373	0.527	9.043E-100	0	882	886	0	927	928	281M1I49M1D9M15D10M1D27M1I20M1D16M4D3M10D60M1D32M4D214M1I12M14D51M3I93M
28	4371	0.530	1.005E-99	0	882	886	0	970	971	268M2I10M1D53M2D7M15D55M8D12M8D27M3D6M19D26M7D12M3D13M1D17M8D215M1I24M15D29M1D106M
119	4368	0.517	1.179E-99	0	882	886	0	967	968	268M2I10M1D53M2D8M6D10M10D19M2I23M8D12M8D27M31D57M1D17M8D215M1I29M14D24M1D106M
6	4367	0.527	1.243E-99	0	882	886	0	969	970	268M2I10M1D53M2D7M15D10M1I54M16D43M5D56M25D9M11D210M1I24M15D28M1D107M
127	4366	0.534	1.310E-99	0	881	886	43	1012	1013	266M5I9M4D52M3D10M4D9M10D40M3D22M15D14M1D29M2D46M1I7M41D175M1I37M1I16M10D17M3D10M1I27M1D87M
27	4360	0.529	1.800E-99	0	882	886	0	969	970	268M2I10M1D53M2D7M15D10M1I44M8D7M8D32M3D4M19D28M7D18M3D7M1D19M8D213M1I25M1I5M16D35M1D93M
62	4356	0.538	2.225E-99	0	882	886	0	930	931	268M2I10M1D53M19D17M1I70M16D19M3D14M1I27M1I25M1D215M1I32M14D127M
31	4354	0.516	2.474E-99	0	882	886	0	969	970	268M2I10M1D55M4D24M12D36M8D12M8D41M5D56M25D9M11D210M1I24M15D29M1D106M
72	4353	0.526	2.609E-99	0	881	886	0	957	958	281M1I48M3D9M15D11M1I63M2D31M11D13M1D32M2D17M33D178M1I37M1I12M13D31M1I23M1D91M
94	4351	0.524	2.900E-99	0	882	886	0	923	924	268M2I10M1D53M1D7M15D10M1D27M1I43M13D89M4D212M1I13M14D51M4I92M
86	4347	0.514	3.585E-99	0	882	886	0	969	970	268M2I10M1D46M1I32M17D36M8D12M8D41M5D55M25D8M11D212M1I12M15D41M1D106M
29	4338	0.521	5.775E-99	0	882	886	0	969	970	268M2I10M1D55M4D23M12D37M8D12M8D27M3D4M19D28M7D32M4D10M8D215M1I24M15D29M1D106M
131	4335	0.540	6.769E-99	0	882	886	0	895	896	268M2I10M1D47M1D7M1D6M17D10M1I44M9I8M2I46M17I5M10D17M2I7M1I3M1I210M1I12M1I17M2D14M17D28M1D87M
64	4335	0.501	6.769E-99	0	882	886	0	967	968	281M1I45M1D32M17D54M15D25M13D23M13D49M12D213M1I12M15D60M1D87M
115	4334	0.547	7.138E-99	0	881	886	0	981	982	281M1I12M3D32M19D54M1D16M10D18M3D13M1D17M1D16M5D9M1D13M25D28M13D233M6D5M10D39M3D95M
24	4332	0.517	7.936E-99	0	882	886	0	969	970	268M2I10M1D46M1I32M17D36M8D12M8D27M25D14M5D12M2D31M1D19M8D213M1I14M9D7M6D32M1D106M
105	4326	0.529	1.090E-98	0	882	886	0	962	963	268M2I9M1D52M4D6M15D13M1I44M8D12M7D42M15D11M9D14M4D38M12D211M1I24M8D26M1D109M
25	4319	0.528	1.580E-98	0	882	886	0	969	970	268M2I10M1D53M2D7M15D10M1I44M8D12M8D27M3D4M19D28M7D18M3D7M1D17M8D215M1I24M15D29M1D106M
106	4319	0.517	1.580E-98	0	882	886	0	969	970	268M2I10M1D53M2D25M14D47M16D29M22D32M1I21M11D3M1D22M8D210M1I12M15D41M1D106M
5	4318	0.517	1.666E-98	0	882	886	0	969	970	268M2I10M1D51M4D27M12D37M8D12M8D38M5D59M25D9M11D210M1I24M15D29M1D106M
75	4313	0.514	2.171E-98	0	882	886	0	969	970	268M2I10M1D53M2D7M1I18M17D36M8D12M8D42M20D6M1D18M6D29M14D9M2I210M1I12M8D18M7D34M1D95M
53	4310	0.513	2.545E-98	0	882	886	0	963	964	268M2I10M1D53M2D8M6D14M10D40M8D20M8D25M12D25M10D48M11D210M1I12M15D53M1D94M
34	4301	0.513	4.100E-98	0	882	886	0	969	970	268M2I10M1D46M1I32M17D36M8D12M8D41M5D57M8D5M28D213M1I12M15D41M1D106M
26	4293	0.521	6.264E-98	0	882	886	0	969	970	268M2I10M1D51M4D27M12D37M8D12M8D27M3D6M19D26M7D18M3D7M1D19M8D213M1I24M15D29M1D106M
107	4291	0.509	6.964E-98	0	882	886	0	968	969	268M2I10M1D53M2D7M15D10M1I47M8D9M8D31M22D30M7D43M12D212M1I13M5D15M2D4M7D34M1D93M
59	4279	0.535	1.315E-97	0	876	886	0	973	982	6M1D275M1I12M3D34M5D9M14D32M1D37M17D29M1D27M1D27M4D21M50D175M1I98M1D11M1D82M
15	4275	0.536	1.625E-97	2	875	886	38	977	983	279M1I25M1I18M6D23M7D33M1D9M8D19M3D17M1D18M8D24M3D12M12D33M5D170M1I38M1I12M11D5M4D42M1D93M
22	4258	0.510	4.000E-97	0	882	886	0	957	958	268M2I12M1D50M1D8M2D11M12D44M4D37M37D8M3D34M1D24M2D225M1I12M14D43M1D104M
16	4249	0.543	6.444E-97	5	875	886	39	972	978	276M1I25M1I14M2D15M11D9M1D36M1D9M8D19M3D17M1D12M4D23M2D6M1D45M19D171M1I38M1I12M15D61M1I78M
73	4192	0.532	1.320E-95	23	881	886	2	932	933	258M1I51M18D17M1I65M1D11M12D14M18D38M1I33M12D173M1I35M2I11M16D61M1D86M
68	4189	0.534	1.547E-95	1	881	886	6	900	901	10M10I7M2I251M1I50M4D8M15D10M1I40M3I33M1I32M1I10M4D40M2I170M1I39M1I16M13D51M1D91M
65	4104	0.518	1.397E-93	7	884	886	2	878	879	274M1I19M2D25M19D84M21D70M6D8M6D15M3I178M1I37M50I113M
102	4098	0.486	1.919E-93	0	882	886	0	963	964	281M1I49M1D9M9D19M7D45M11D3M4D19M1I16M1I30M5D23M2D9M29D216M1I13M14D16M3D6M1I21M1D103M
60	4061	0.496	1.363E-92	5	884	886	1	993	994	10M2D16M8D6M5D244M1I15M3D43M17D37M1D28M17D20M1D33M9D16M6D14M3D11M27D15M7D170M1I53M7D60M2D87M
74	4010	0.520	2.031E-91	7	870	886	1	924	926	274M1I50M1D10M5D16M10D32M14D9M3D41M13D29M6D41M3D176M2I31M2I15M3D8M6D14M1I10M1I12M1D75M2D14M
80	3944	0.515	6.702E-90	42	881	886	1	930	931	239M1I50M3D8M6D23M8D28M3D22M15D14M1D28M2D46M23D6M18D176M1I39M1I11M13D56M1D91M
104	3938	0.494	9.209E-90	0	882	886	0	937	938	44M32I192M2I10M1D53M2D7M15D10M1I44M8D12M8D41M5D57M8D3M28D211M2D4M3I10M3D17M12D25M1D105M
84	3900	0.517	6.894E-89	47	881	886	0	928	929	234M1I54M1D4M8D11M8D43M7D8M11D25M1D30M2D45M2I6M48D175M1I37M1I17M8D14M5D12M1I23M1D91M
32	3885	0.509	1.526E-88	42	882	886	1	928	929	226M2I10M1D53M2D8M6D22M8D32M8D12M8D30M22D29M7D18M3D7M1D17M8D211M2D4M3I22M15D28M1D107M
117	3762	0.392	1.031E-85	0	885	886	2	998	1003	266M6D33M23D21M2D35M9D54M3D7M2D51M1D18M12D27M2D86M1D126M1D13M5D38M9D6M29D16M6D89M
128	3723	0.417	8.141E-85	0	880	886	0	875	876	5M1D261M5I10M7D19M20I46M1I11M3I32M2D71M9D15M11I80M1I7M2D162M10D22M2D91M3D8M
92	3652	0.384	3.501E-83	5	878	886	1	1083	1084	275M3D28M22D12M3D11M2D86M6D9M28D27M2D7M16D12M2D11M21D29M17D85M2D126M1I8M36D29M2D6M25D13M18D19M2D77M3D3M
122	3540	0.365	1.321E-80	7	885	886	6	972	1001	272M1D43M6D9M27D4M3D29M1D28M2I36M7I39M1D38M4I79M1D116M1D23M21D12M32D19M11D26M1D70M5I18M
110	3527	0.492	2.630E-80	90	882	886	0	879	880	191M1I51M2D6M15D11M1I44M8D12M8D27M3D4M19D28M7D16M3D9M1D10M10D9M2I207M2D4M3I22M15D42M1D93M
103	3463	0.456	7.806E-79	26	880	886	0	885	886	49M3I5M3I5M3I5M2I164M6I22M2D35M3D23M1D22M2I80M32D27M1D112M2D141M6D33M2D109M1D4M
101	3404	0.375	1.778E-77	0	875	886	16	929	936	2M1I262M7I27M3I13M2I31M1I10M3D13M10D33M11D30M2D79M5D8M3D61M2D99M11D55M1D43M2D18M2D78M
8	3399	0.361	2.317E-77	4	882	886	6	1015	1016	263M4D5M9D58M3D26M21D27M2D33M1D7M5D7M4D12M15D15M3D11M9D16M17D30M4I81M2D137M15D20M5D40M18D80M2D7M
18	3360	0.334	1.829E-76	5	875	886	1	1242	1248	265M4D23M2D56M2D32M3D19M25D7M36D6M6D4M16D15M1D26M3D36M25D20M11D67M1I15M1D123M1I16M4D12M227D10M1D37M6D80M
126	3352	0.358	2.794E-76	6	877	886	10	807	808	96M2I162M5D9M7I28M16I12M11I43M7I27M11I13M40I5M1D17M5D135M1I37M2I27M4I22M1D41M11D15M6D38M2I42M
81	3336	0.492	6.520E-76	39	795	886	7	820	885	229M2I10M1D53M2D7M17D10M1I57M14D26M24D39M3D37M12D213M1I17M12I43M
91	3286	0.373	9.217E-75	4	883	886	8	787	788	101M1D161M6D3M3D8M6I12M37I32M4I6M12I57M3I11M25I12M11I10M2I63M2I8M1D8M1D82M1D8M7I29M2I24M3I39M2I2M2I3M1I33M2D17M4D32M
100	3284	0.367	1.025E-74	4	884	886	3	803	806	263M9I5M2I13M17I17M10I33M8I76M8I7M14I6M12I9M2I1M1I79M1D2M1D86M3I3M5D34M2D13M2D20M10I75M1D34M4D9M
98	3275	0.357	1.651E-74	1	883	886	9	775	776	105M1D160M7D14M1I6M59I75M8I20M41I25M2I63M2I14M1D2M1D74M1I6M1I3M5I36M2I33M5I26M4I6M1I32M2D22M4D29M
114	3223	0.381	2.594E-73	5	875	886	5	923	929	215M1D45M7I10M1D39M3D18M9D49M6D24M1D12M2D23M2I26M16D34M10D9M1D59M2D87M5I16M3D63M1I17M2D32M6D78M
124	3196	0.375	1.084E-72	5	872	886	1	708	713	259M19D9M32I24M38I7M12I10M8D12M75I27M3I2M2I40M1D24M1I16M2D78M2I6M1D30M2I31M15I18M9I48M1D6M1I29M
97	3160	0.352	7.302E-72	1	885	886	22	785	786	105M1D160M3D8M4D13M59I22M6I22M3I50M34I13M9I74M3I14M1D2M1D84M6I35M2I12M4D13M11I24M2I12M1I36M1D16M2D23M2I9M
7	3133	0.374	3.052E-71	0	885	886	2	826	857	5M1D98M1D162M1I33M15I20M4I12M1I15M2I12M1I12M1I26M6I24M21I9M1I19M12I3M2I39M2D43M3D46M2I17M1D12M2I35M4I7M2I75M2D32M2D43M4D10M
120	3130	0.367	3.578E-71	0	885	886	2	761	764	104M2I166M3D2M10I9M35I9M10I37M1D16M1D49M33I5M3D28M4I33M2D39M1D7M1D47M2I18M1D50M4I5M2I31M35I8M1I32M1I52M
95	3099	0.367	1.849E-70	5	885	886	1	718	720	97M2I168M3D2M10I9M35I9M12I17M7I9M14I19M6I13M44I25M2I13M2I32M2D44M2D51M2I16M1D50M4I4M2I14M19I11M7I24M1I32M1I38M1I13M
0	3094	0.362	2.409E-70	0	883	886	8	753	754	106M1D159M15D9M9I4M59I20M20I29M23I13M15I9M8I12M5I9M1I5M2I64M3I12M1D2M1D77M1D4M1I3M5I36M2I11M9D19M7I8M6I20M4I30M2D21M2D32M
10	3093	0.348	2.540E-70	0	883	886	21	783	784	106M1D160M8D14M3I4M59I20M14I18M6I15M16I33M10I30M5I2M2I63M2I14M3D1M1I84M6I37M2I32M5I32M6I31M2D21M2D30M
1	3089	0.339	3.140E-70	0	885	886	0	779	787	276M4D23M7I10M18I42M56I15M8I8M42I10M1I26M1D13M2D40M1D3M1D49M2I16M2D14M1I22M4I11M4I79M1I32M1D4M2D5M7D10M8D2M3D18M6D14M
40	3084	0.367	4.092E-70	0	885	886	1	759	776	104M1D162M7I3M10I9M6D7M29I2M4D5M16I12M18I26M4I6M2I7M5I9M2I3M32I16M10I9M2I39M2D37M3D4M1I47M2I18M1D10M2I7M5I25M3I47M3I13M1D17M2D40M2D39M4D10M
89	3083	0.350	4.315E-70	3	885	886	5	762	777	101M1D162M7I10M46I7M17I57M4I6M2I7M5I9M2I3M32I21M10I4M2I39M2D37M3D4M1I49M2I16M1D13M3I3M4I26M3I120M2D39M6D10M
96	3076	0.328	6.252E-70	5	880	886	38	942	948	30M5I225M3D7M9D50M1I26M2I18M4I55M38D10M4D31M4I45M1D63M4I14M2D49M1I32M1I73M1D18M9I18M1I74M3D6M
87	3044	0.347	3.406E-69	1	885	886	3	753	770	100M1D166M12D13M4I7M5I24M25I40M12I7M80I9M15I7M2I39M2D42M2D47M2I17M1D11M2I7M5I21M3I51M3I13M1I52M2D43M5D10M
20	3043	0.351	3.591E-69	4	885	886	6	754	772	265M3I10M9D15M38I32M27I4M20I3M9I11M3I4M32I9M3I12M4I7M2I39M2D36M3D5M1I47M2I17M1D11M2I6M5I26M3I52M1D29M1I35M2D42M4D10M
88	3033	0.344	6.100E-69	3	885	886	5	752	770	262M4I54M2I11M27I12M11I21M31I9M31I4M26I7M2I39M2D37M3D4M1I49M2I12M1D19M7I27M3I52M1D27M1I40M2D34M1D7M3D8M
63	3030	0.349	7.150E-69	3	884	886	5	775	778	98M1D166M2I30M1D24M21I33M49I16M31I4M6I8M13I11M2I39M2D43M2D46M2I17M1D16M7I23M3I51M3I29M1I36M2D43M20D9M
2	3028	0.355	7.950E-69	1	879	886	6	780	781	105M1I54M1I104M5I21M36I52M4I14M7I9M1I12M2I7M3I12M38I11M4I8M5I38M1D41M3D49M1D11M1D6M4D65M4D17M16I24M5I8M4I32M3D11M5D12M3D19M3D5M
37	3001	0.334	3.323E-68	2	885	886	0	813	829	13M2D144M1I107M10D6M11I12M11I8M5I28M4I5M18I8M25D20M5I22M3I10M10I4M8I9M11I14M3I10M4I40M2D40M1D2M1D49M2I16M1D13M1I11M2I23M4I18M4D3M14I13M1I67M2D51M
14	2963	0.357	2.488E-67	3	878	886	83	885	886	106M25I4M4I2M1D70M1D66M2I8M2I8M7I16M2I40M2I27M4I35M2D28M2D132M1D5M1D83M1D4M1I39M2I36M31I85M
125	2952	0.322	4.455E-67	5	879	886	27	812	813	263M2D25M9I44M17D13M1D42M16I12M10I8M31I31M11I60M7I3M6I128M2I22M5D11M14I13M4I7M3I72M1I7M
36	2917	0.330	2.845E-66	2	885	886	0	819	829	12M2D145M1I107M10D6M11I12M11I8M5I28M4I5M18I9M27D28M22I25M6I11M13I22M5I40M2D40M1D2M1D49M2I16M1D13M1I11M2I23M4I18M5D2M15I13M1I64M4D4M2I42M6D6M
21	2756	0.378	1.439E-62	0	740	886	0	701	745	2M1I211M1D76M10I26M10I22M10I14M2I28M2I5M5D50M5I18M1D23M2I81M2D72M1I10M3D3M4I27M4I22M
123	2716	0.445	1.198E-61	44	700	886	0	713	715	222M5D13M2D13M12D75M3D16M2D8M4D36M23D28M3D16M4D29M2I9M2I153M1D21M2D14M
121	2546	0.343	9.763E-58	11	757	886	1	618	619	256M10D12M4I13M35I11M17I7M40I4M27I12M24I5M8D12M10D14M10I1M2D4M1I22M1D11M2D44M2D50M2I16M2D14M2I9M3I23M4I16M3D22M
12	2541	0.343	1.272E-57	4	788	886	1	674	675	267M1D18M2I12M5I8M1I10M17I16M24I24M9I43M25I17M6I7M2I28M1I6M2D35M1D7M1I4M2I45M2I17M1D13M5I5M1I31M6I11M7I45M
9	2334	0.307	7.362E-53	3	884	886	5	630	639	98M1D168M17I4M42I19M14I13M4I11M36I3M146I4M15D6M13I44M2I17M1D14M5I4M2I25M3I48M5I20M1D43M2D43M13D9M
11	2224	0.342	2.499E-50	0	746	886	0	580	596	42M32I200M5D18M43I12M8I14M1I10M17I14M12I4M8I7M45I29M1I25M1D10M2D41M1D5M1D49M2I16M2D14M2I8M3I24M4I27M
19	1886	0.223	1.493E-42	5	880	886	12	732	735	26M1D18M2D44M1I9M1I44M1D11M5D6M8D18M3D5M1I25M2D53M10D13M48I17M1I51M47I7M55I5M7I13M2D6M2D47M1I13M1D5M2D82M4D37M15I11M1D20M1I28M6I4M14I23M1D8M1I17M1I10M
90	1380	0.175	6.538E-31	0	875	886	0	693	697	33M1I14M5I52M1I37M3D7M2D13M1I21M1I21M1D6M13I4M1I36M26D12M28I14M36I25M4I16M81I21M8I4M9I31M3I3M2D10M1D22M5D38M1I3M5D7M3I18M2D19M14I29M12I8M10I41M1D7M1I4M1I10M1D12M1D10M1D15M1D19M
4	1352	0.181	2.882E-30	9	876	886	8	687	688	40M4I52M1I37M3D6M2D14M1I22M1I20M1D3M3D9M12I38M2I11M47I15M5I8M5I28M9I10M8I17M2I24M13I24M8I6M3I1M2I6M5I28M3I11M3D2M1D8M2I11M5D8M3I8M6D25M4D8M3I16M2D14M9I6M3I22M2I7M23I5M41I4M3I7M1D2M6I13M3D25M3D11M1D10M
129	1221	0.171	2.975E-27	10	869	886	0	646	656	23M1I9M35I3M2D4M1D20M1I37M3D7M2D13M1I18M1I24M1D6M13I4M1I36M3D13M62I5M17D1M32I33M70I29M4I8M4D27M1I8M2I4M2D6M1D8M1D10M3D11M1D35M4D9M3I16M2D18M7I9M11I22M1D19M14I35M4D1M1I7M9I3M1D16M1D6M1D13M1D15M
99	970	0.178	1.771E-21	5	600	886	17	449	450	28M1I11M5I52M1I40M3D4M1D14M1I23M1I36M10I36M5D4M10D6M53I10M1I52M97I13M8I6M4I2M5I27M3I9M3D4M1D21M4D8M
17	791	0.154	2.325E-17	9	875	886	3	763	985	22M2I25M3I14M1I4M1D25M1I39M2D3M1D21M9D19M1I18M12D7M1D16M10D29M2I9M14D54M5D27M15D44M1I61M10D13M5D45M1I19M14I6M21I25M3I4M67I9M4I3M29I6M7I74M24I5M10I30M
93	604	0.145	4.663E-13	11	513	886	13	625	803	34M7I41M1I12M1I38M3D3M4D15M2I4M1I13M2D29M4I6M2I6M20D31M2I8M2D109M104D35M2I51M3I43M
 97	6271	1.00	0.000E+00	0	785	786	0	785	786	786M
0	4986	0.784	0.000E+00	13	785	786	0	753	754	291M1I57M24I24M1D13M1D170M1D102M2D42M1D49M
98	4986	0.760	0.000E+00	13	785	786	0	775	776	286M1I43M6D28M1D27M4I9M3I16M1D67M1D92M1I74M1I35M1D37M1D24M2D25M
10	4903	0.745	0.000E+00	0	785	786	0	783	784	301M1I8M1I54M2D18M2I26M1I85M1D169M1I70M1D49M
91	4308	0.624	4.720E-96	18	785	786	0	787	788	2M1D280M2D6M6I16M3D15M5D28M3D11M7D15M1D32M2I67M1D153M1D44M1D42M1D20M2D29M
124	3433	0.456	2.257E-76	25	778	786	0	712	713	103M1I163M9D20M2I14M5I10M6I10M8D4M14I11M1D12M22I54M1D22M2D99M5D54M11I16M1I18M2I45M1I8M2I24M
7	3372	0.405	5.316E-75	18	785	786	0	826	857	280M5I9M8D38M2D22M8D19M19D18M5D65M2D23M3D15M1D50M2I20M1D86M5D23M5D8M2D36M1D18M2I20M6D9M
87	3363	0.429	8.472E-75	24	785	786	5	752	770	267M8D5M4I10M3I33M7I10M1I15M3I5M1I9M12I16M4I45M2D23M3D65M2I17M2D2M1I11M1I31M2I6M1D10M3I20M5D25M2D8M2D36M1D17M2I21M6D9M
63	3362	0.421	8.923E-75	17	782	786	0	756	778	3M2I268M12I9M5I19M4D29M1I33M2I10M1I20M2I41M2D23M3D65M2I16M2D3M1I9M2I4M1D20M3I9M2D14M3I24M5D29M4D36M1D17M2I21M5D6M
100	3323	0.408	6.724E-74	22	785	786	0	802	806	105M1I167M8I22M3D20M5D22M4D67M17D63M3D99M7D4M1D30M3D3M1D37M1I30M3D34M1I12M1D4M2I23M4D9M
120	3316	0.418	9.662E-74	18	783	786	0	757	764	6M1I100M3I159M3I6M2I112M2D5M18D5M7D15M2I37M2D23M3D65M2I20M1D14M6D31M4I13M4I13M5I6M17I43M2I17M2I29M
128	3305	0.381	1.708E-73	24	776	786	4	866	876	101M1I163M5D5M3I27M22D17M24D50M9D5M7D22M18D79M3D11M1I90M6D32M2D16M2I2M6D6M9D15M1D29M8D34M1I16M2I23M
1	3304	0.429	1.799E-73	24	785	786	3	778	787	103M1I160M10I12M7D7M1I12M1I42M1I13M2D24M21I6M1D22M1D13M2D24M3D65M1I2M1I16M2D14M2D11M1I21M2I15M3I32M9D19M3D36M2D5M7D11M9D25M7D9M
40	3282	0.389	5.620E-73	22	785	786	2	759	776	266M18I12M7D8M5D57M1I26M16I48M2D23M3D65M2I17M2D2M1I13M1I24M3I6M2D57M1D12M9D37M1D16M2I22M6D9M
20	3261	0.402	1.668E-72	20	785	786	0	754	772	5M1D102M1I160M22I13M6D10M8D5M4I38M1I10M2I22M13I46M2D23M3D65M2I17M2D2M1I11M1I26M3I6M2D38M2D14M1I16M9D37M1D16M2I22M6D9M
70	3249	0.362	3.104E-72	21	774	786	0	844	858	106M1I160M4I11M3I21M33D50M6D16M21D6M13D14M8D22M2D62M3D14M1I2M1I84M6D32M2D16M7D52M3D36M1I16M2I21M
52	3246	0.343	3.626E-72	21	785	786	0	911	913	106M1I160M2I58M4D17M4D5M43D14M28D13M28D26M10D13M11D61M3D14M1I2M1I84M6D35M2D13M2I17M9D26M2I7M5D34M1I16M2I23M6D9M
89	3244	0.395	4.022E-72	24	785	786	5	760	777	264M18I29M3D29M1I28M4I20M3I54M2D23M3D65M2I17M2D2M1I13M1I27M1I31M3D12M1I18M1I11M9D37M1D16M2I22M6D9M
95	3243	0.425	4.236E-72	25	785	786	0	718	720	99M3I164M4I99M24I16M3D40M2D23M3D65M2I18M2D1M1I15M6D28M4I15M7I10M4I7M5I20M1I34M2I17M2I23M1D8M
48	3242	0.352	4.461E-72	21	783	786	0	898	899	106M1I160M4I11M9D15M43D11M15D23M9D52M4D28M45D3M2D62M3D14M1I2M1I84M6D31M2D26M2D6M2D39M4D34M1I17M2I29M
88	3240	0.408	4.948E-72	24	785	786	5	752	770	103M1I159M14I21M1D7M2D9M4I45M3I25M12I47M2D23M3D65M2I17M2D2M1I8M2I5M1D23M3I6M2D38M2D14M1I16M9D36M1D17M2I22M6D9M
47	3240	0.383	4.948E-72	21	774	786	0	805	820	106M1I160M3I17M1D45M1D7M5D20M12D35M13D9M9D4M19D8M2D61M3D14M1I2M1I84M6D33M2D48M5I4M7I39M1I16M2I21M
49	3221	0.355	1.324E-71	21	785	786	0	861	862	106M1I160M2I54M4D13M13D26M17D22M39D25M7D5M2D62M3D14M1I2M1I84M6D35M2D14M7D51M3D36M1I16M2I25M2D7M
3	3221	0.349	1.324E-71	21	781	786	0	881	882	106M1I160M2I54M25D26M13D14M31D17M28D21M5D11M2D2M2D62M3D14M1I2M1I84M6D35M2D13M7D45M1I6M4D36M1I16M2I23M2D5M
41	3221	0.344	1.324E-71	21	781	786	0	923	924	105M1I161M4I14M25D11M36D7M8D18M27D26M28D32M15D16M6D17M2D2M2D62M3D14M3I1M1D84M6D35M2D14M1D48M2D5M4D34M1I16M2I20M6D8M
13	3219	0.360	1.468E-71	21	785	786	0	893	894	106M1I160M2I40M10D14M39D34M1D10M15D6M11D7M19D18M5D11M12D5M2D63M3D13M1I2M1I84M6D35M2D11M4D17M3D37M3D36M1I17M2I24M2D7M
56	3218	0.338	1.546E-71	21	785	786	0	930	931	106M1I160M2I22M2D27M3D7M12D24M36D14M5D6M13D12M3D6M67D12M3D13M5D2M2D62M3D14M1I2M1I84M6D33M2D16M4D14M3D37M3D36M1I16M2I23M2D9M
69	3217	0.347	1.628E-71	21	780	786	0	923	924	106M1I160M4I45M10D18M16D12M11D7M6D7M7D10M82D17M4D12M3D16M7D61M3D14M1I2M1I84M6D35M2D14M7D29M3D58M1I16M2I23M7D4M
116	3213	0.346	2.003E-71	21	776	786	0	884	893	106M1I160M4I11M4D36M3D30M38D21M10D21M15D20M46D5M7D61M3D14M1I2M1I84M1I6M7D28M2D23M4D19M1I22M1D17M1D19M1I17M2I22M
117	3213	0.347	2.003E-71	17	785	786	0	996	1003	6M2I102M1I160M2I21M14D14M13D12M14D12M1D18M3D11M63D32M4D14M13D10M2D2M39D61M3D14M1I87M6D32M3D20M9D17M3D16M4D12M25D4M18D35M1I17M2I31M
61	3209	0.345	2.464E-71	21	774	786	0	922	933	106M1I160M9I10M41D6M32D8M22D24M1I6M18D33M11D10M8D12M1D9M9D20M7D62M3D7M1I8M1I84M6D34M1D16M12D10M6D41M8D35M1I16M2I21M
131	3203	0.351	3.362E-71	21	774	786	0	885	896	106M1I160M9I12M1D7M63D51M1D20M11D32M25D17M7D61M3D8M1I8M1I84M6D34M1D15M17D8M4D43M8D36M1I16M2I21M
113	3201	0.355	3.729E-71	21	774	786	0	900	915	106M1I160M4I14M28D15M24D8M38D9M2D7M6D32M34D4M1D40M1I14M11D61M3D14M1I2M1I84M6D33M2D14M3I32M2D20M4D34M1I16M2I21M
62	3199	0.340	4.136E-71	21	784	786	0	930	931	106M1I166M9I6M1D7M27D5M36D8M25D24M1D16M35D38M7D9M9D20M7D62M3D10M1I5M1I84M6D34M1D13M23D48M1D41M1I16M2I31M
50	3197	0.359	4.587E-71	21	774	786	0	894	906	106M1I160M4I14M28D11M45D23M23D5M6D23M11D10M3D32M4D5M8D20M2D62M3D14M1I2M1I84M6D33M2D13M7D47M2I7M5D34M1I16M2I21M
54	3193	0.344	5.643E-71	21	785	786	0	922	923	106M1I160M4I14M28D11M39D8M8D30M8D7M16D15M8D7M24D24M12D27M2D62M3D14M1I2M1I84M6D33M2D13M7D54M3D36M1I16M2I26M2D6M
46	3193	0.342	5.643E-71	21	774	786	0	911	926	106M1I160M4I14M12D41M21D6M21D25M1D13M13D7M28D19M21D13M20D5M2D62M3D14M1I2M1I84M6D35M2D28M3D39M3D34M1I17M10D22M
35	3184	0.340	8.993E-71	21	780	786	0	928	929	106M1I205M8D19M8D15M36D10M1D13M79D40M12D5M2D62M3D14M1I2M1I84M6D33M2D16M4D4M4D40M2I7M5D34M1I16M2I23M7D4M
76	3181	0.344	1.050E-70	21	780	786	0	924	925	106M1I160M4I15M28D10M36D12M8D11M24D8M6D29M4D24M5D11M3D12M4D9M27D2M2D62M3D14M3I1M1D84M6D33M2D13M7D54M3D36M1I16M2I23M7D4M
43	3179	0.346	1.165E-70	21	785	786	0	930	931	106M1I160M4I11M3I57M24D6M35D22M38D10M18D11M3D11M16D7M20D5M2D63M3D13M1I2M1I84M6D33M2D19M4D14M3D12M3D58M1I16M2I26M2D6M
45	3177	0.345	1.292E-70	24	785	786	3	926	927	103M1I160M3I9M4I26M3D8M7D10M29D5M19D24M6D13M26D6M22D24M18D10M20D5M2D62M3D14M1I2M1I84M6D33M2D15M2I12M9D28M2D10M1D36M1I16M2I26M2D6M
67	3177	0.322	1.292E-70	18	784	786	0	963	964	5M2I102M1I167M8I13M62D13M14D11M7D37M72D7M4D20M7D17M9D17M7D59M3D14M1I2M1I81M6D38M1D12M3I1M7D15M13D35M4D35M1I16M2I31M
111	3172	0.324	1.674E-70	26	784	786	5	937	938	101M1I160M9I12M1D9M94D58M31D25M26D34M2D62M3D8M1I8M1I84M6D34M1D13M11D21M6D33M8D35M1I16M2I31M
37	3171	0.378	1.763E-70	25	783	786	2	810	829	11M2D91M1I53M1I120M1D27M1D14M4I22M26D20M3D43M19D42M2D24M3D64M2I18M2D1M1I11M1I4M5D7M1I21M2I39M3I27M2D30M1D22M2I16M1D14M
8	3171	0.333	1.763E-70	24	785	786	5	1015	1016	103M1I159M6D17M8D14M11D26M7D26M16D10M3D2M1D10M1D4M141D38M1I68M2D2M1D94M6D32M2D21M16D15M7D11M16D16M3D7M6D33M1I18M2I20M1D11M
44	3170	0.350	1.857E-70	21	785	786	0	885	886	106M1I160M3I8M4I16M5D25M25D26M13D14M31D17M28D29M2D6M7D61M3D14M1I2M1I84M6D35M2D13M7D45M1I8M4D34M1I16M2I23M2D9M
112	3167	0.327	2.169E-70	23	784	786	2	970	971	104M1I160M9I12M1D7M63D13M14D19M7D30M52D33M4D10M38D15M7D61M3D8M1I8M1I84M6D34M1D13M10D53M16D36M1I16M2I31M
94	3166	0.346	2.284E-70	24	781	786	3	920	924	103M1I160M9I12M12D13M51D26M1D17M3D12M10D7M27D17M22D5M5D14M7D18M7D59M3D8M1I8M1I84M6D30M1D18M5D6M4D6M1D17M2D24M8D35M1I16M2I28M
82	3164	0.343	2.533E-70	22	779	786	28	942	947	5M1I99M1I160M2I41M1D17M8D22M44D31M60D11M3D13M18D5M10D5M2D62M3D14M1I2M1I84M6D31M2D26M1D17M2D28M6D34M1I16M2I26M
58	3162	0.351	2.810E-70	21	785	786	0	888	889	106M1I160M4I11M3I24M3D8M7D10M48D30M1D6M48D24M4D10M3D18M7D61M3D14M1I2M1I84M6D33M2D69M3D34M1I17M2I25M2D6M
51	3159	0.341	3.282E-70	21	774	786	0	917	932	106M1I160M4I14M12D41M21D6M21D24M6D13M83D28M3D18M7D61M3D14M1I2M1I84M6D35M2D27M7D38M3D36M1I16M2I21M
108	3158	0.332	3.457E-70	21	784	786	0	927	928	106M1I160M9I12M1D7M27D5M35D16M7D22M49D17M13D31M2D8M3D19M9D2M2D61M3D8M1I8M1I84M6D36M1D13M9D11M1D14M4D26M7D36M1I16M2I31M
36	3157	0.380	3.640E-70	23	783	786	0	810	829	12M2D88M1I57M1I120M1D27M1D14M4I22M26D20M3D44M19D41M2D24M3D64M2I18M2D1M1I9M2I9M5D25M2I14M2D6M2I18M3I26M2D32M1D20M2I16M1D14M
27	3156	0.330	3.834E-70	21	784	786	0	969	970	104M1I162M9I12M1D7M27D5M34D8M14D14M14D5M41D10M23D11M3D22M7D15M5D10M9D21M7D60M3D8M1I8M1I84M6D34M1D14M2I26M12D24M16D36M1I16M2I31M
16	3155	0.328	4.038E-70	0	774	786	13	969	978	127M1I160M14I10M6D12M4D20M11D10M17D4M20D15M2D37M20D12M51D14M38D62M3D14M1I1M1I81M5D38M1D12M2I9M10D10M7D11M5D23M4D34M1I17M2I20M
64	3153	0.329	4.478E-70	21	784	786	0	967	968	106M1I160M9I10M41D6M32D8M22D27M37D10M25D26M9D23M1D9M9D21M7D61M3D7M1I8M1I84M6D34M1D15M17D7M1D44M8D36M1I16M2I31M
71	3152	0.344	4.716E-70	28	774	786	19	920	934	99M1I160M4I10M3I25M3D8M7D10M48D30M1D6M31D12M17D24M18D10M11D5M11D62M3D14M1I2M1I84M6D33M2D13M7D54M3D36M1I17M2I20M
106	3150	0.336	5.231E-70	26	784	786	5	969	970	99M1I162M9I12M1D7M27D5M34D8M14D14M14D9M21D35M15D16M14D18M38D15M7D62M3D7M1I8M1I84M6D34M1D14M5D11M13D13M1D3M2D25M5D36M1I16M2I31M
119	3149	0.324	5.509E-70	23	784	786	2	967	968	104M1I160M9I12M1D7M27D5M36D8M14D11M5D38M8D17M47D35M44D5M2D63M3D10M1I5M1I84M6D34M1D13M3I1M6D9M14D41M8D35M1I16M2I31M
115	3146	0.328	6.435E-70	21	782	786	0	981	982	105M1I161M14I1M31D18M22D8M34D9M23D16M21D21M13D11M6D10M15D27M21D15M13D60M3D13M1I2M1I84M6D32M2D17M5D14M18D39M6D34M1I16M2I20M1D9M
22	3145	0.329	6.777E-70	21	784	786	0	957	958	106M1I160M9I14M1D5M8D57M74D14M39D17M18D9M5D7M22D16M7D61M3D8M1I8M1I84M6D34M1D13M5D4M11D6M7D26M2D53M1I18M2I29M
28	3143	0.336	7.517E-70	26	784	786	5	970	971	99M1I162M9I12M1D7M27D5M34D21M31D35M65D14M7D15M5D10M9D20M7D62M3D7M1I8M1I84M6D34M1D14M5D9M4D11M9D4M1D3M2D25M5D36M1I16M2I31M
31	3141	0.326	8.337E-70	21	784	786	0	969	970	104M1I162M9I10M41D6M30D8M22D24M61D24M3D22M7D15M5D10M9D14M5D6M2D61M3D8M1I8M1I84M6D34M1D12M5D12M4D10M9D33M8D35M1I16M2I31M
72	3138	0.334	9.738E-70	21	780	786	0	957	958	105M1I167M9I4M1D9M62D20M19D11M2D11M63D40M12D8M8D13M5D17M6D62M3D7M1I8M1I81M5D38M1D12M9D54M14D35M1I16M2I20M3D7M
85	3136	0.343	1.080E-69	26	784	786	5	969	970	100M1I161M9I12M1D7M27D5M34D15M16D5M14D33M4D16M30D13M14D18M38D16M7D60M3D8M1I8M1I84M6D34M1D14M5D10M4D10M5D3M1D10M3D20M8D35M1I15M2D2M4I28M
15	3136	0.323	1.080E-69	0	774	786	15	974	983	127M1I162M7I36M3D11M1D20M40D13M8D11M65D17M6D11M30D20M10D62M3D14M1I1M1I84M5D35M1D12M2I14M24D16M1D23M3D34M1I16M2I21M
30	3135	0.325	1.138E-69	21	784	786	0	971	972	106M1I160M9I12M1D7M27D5M36D8M25D41M4D16M50D41M36D6M6D3M2D61M3D8M1I8M1I84M6D36M1D11M11D18M7D36M8D35M1I16M2I31M
109	3134	0.342	1.198E-69	21	774	786	0	906	915	106M1I160M3I8M4I15M7D16M8D10M44D33M6D19M21D16M34D24M30D61M3D14M1I2M1I84M6D35M2D14M2I19M5D32M2D34M1I16M2I21M
39	3134	0.332	1.198E-69	26	784	786	5	964	965	101M1I166M9I6M73D12M16D49M4D17M41D11M3D23M38D15M7D62M3D10M1I5M1I84M6D34M1D13M3I4M13D5M7D13M1D3M6D61M1I16M2I31M
25	3134	0.332	1.198E-69	26	784	786	5	969	970	99M1I162M9I12M1D7M27D5M34D8M23D32M7D16M65D14M7D15M5D10M9D20M7D61M3D8M1I8M1I84M6D34M1D14M5D10M4D10M9D5M3D27M5D36M1I15M2D2M4I28M
127	3131	0.317	1.399E-69	0	783	786	22	1012	1013	126M1I167M8I14M62D23M90D9M5D59M7D11M19D12M4D6M2D62M3D13M1I2M1I81M5D38M1D22M8D11M1D33M14D35M1I16M2I30M
83	3130	0.334	1.474E-69	9	779	786	18	942	947	6M1I5M5I2M1D99M1I160M2I43M9D11M19D40M18D10M98D38M1D3M2D62M3D14M1I2M1I84M6D31M2D18M2I14M6D25M2D10M3D36M1I16M2I26M
6	3130	0.337	1.474E-69	26	784	786	5	969	970	99M1I162M9I12M1D7M27D5M34D8M14D14M14D5M64D21M3D22M7D15M5D10M9D21M7D61M3D7M1I8M1I84M6D34M1D14M5D10M4D10M9D4M1D3M2D25M5D36M1I16M2I31M
77	3129	0.341	1.552E-69	21	782	786	0	924	925	106M1I166M7I16M9D15M68D9M48D26M8D32M6D21M3D13M5D2M2D62M3D14M1I2M1I84M6D30M2D18M5D30M1I23M4D34M1I16M2I21M8D8M
33	3126	0.338	1.813E-69	21	784	786	0	969	970	104M1I162M9I12M1D7M27D5M34D18M30D38M44D35M20D8M22D16M7D61M3D8M1I8M1I84M6D34M1D13M5D7M4D14M5D3M1D8M3D22M8D35M1I16M2I31M
38	3125	0.324	1.909E-69	21	784	786	0	968	969	106M1I160M9I12M1D7M27D5M36D15M8D26M20D15M65D8M10D22M1D9M9D20M7D62M3D7M1I8M1I84M6D34M1D13M5D23M1I30M22D35M1I16M2I31M
105	3124	0.325	2.011E-69	26	784	786	5	962	963	101M1I160M9I10M41D5M32D9M16D31M23D32M30D10M26D17M1D25M16D61M3D8M1I8M1I84M6D34M1D15M11D52M8D35M1I16M2I31M
126	3123	0.362	2.118E-69	17	779	786	0	807	808	106M2I2M1I159M2I72M1D74M24D63M3D13M1I2M1I49M1I27M2D7M2D30M2I17M1D21M15D31M12D31M3I19M2I25M
75	3117	0.329	2.889E-69	21	781	786	0	966	970	106M1I160M9I12M1D7M27D5M38D5M23D44M9D21M42D33M29D12M16D61M3D8M1I8M1I84M6D36M1D11M5D25M10D13M2D15M9D36M1I16M2I28M
78	3116	0.332	3.043E-69	21	783	786	0	939	940	105M1I161M9I12M2D9M2D48M2D15M48D15M4D7M29D29M74D66M3D13M1I2M1I81M6D36M2D19M15D50M5D34M1I17M2I29M
130	3115	0.328	3.205E-69	21	776	786	0	975	983	105M1I167M8I16M7D11M74D8M36D21M5D47M34D9M13D24M28D59M3D14M1I2M1I84M6D32M2D16M1I2M9D10M13D40M5D35M1I16M2I23M
86	3113	0.339	3.554E-69	26	784	786	5	969	970	99M1I162M9I12M1D7M27D5M34D8M14D14M14D5M64D28M3D15M7D16M5D9M9D20M7D61M3D8M1I8M1I84M6D34M1D14M5D10M4D10M9D4M1D3M2D25M5D36M1I16M2I31M
107	3110	0.327	4.152E-69	26	782	786	5	968	969	101M1I160M9I12M1D7M27D5M26D8M22D10M16D12M39D13M26D27M11D19M1D25M16D63M3D7M1I8M1I84M6D34M1D13M5D33M7D22M13D34M1I16M2I23M2D6M
42	3102	0.341	6.283E-69	21	779	786	0	928	933	106M1I160M9I9M2D10M3D28M2D9M33D27M7D16M4D7M29D29M74D66M3D13M1I2M1I81M4D2M2D36M2D26M8D4M7D21M2D14M3D36M1I16M2I26M
59	3100	0.325	6.969E-69	21	774	786	0	969	982	8M1D98M1I159M16I2M83D16M62D11M8D15M7D18M27D49M3D11M18D11M7D61M3D14M1I2M1I83M4D4M1D31M2D27M2D7M5D33M5D35M1I16M4I6M2D13M
96	3098	0.366	7.729E-69	24	785	786	36	942	948	30M2I2M3I66M1I173M2D17M4D31M7D4M28D34M85D26M11D19M8D4M3D60M1I68M1I32M5D33M2D19M3I14M1D34M3D35M1I16M2I31M
29	3098	0.337	7.729E-69	26	784	786	5	969	970	99M1I162M9I12M1D7M27D5M34D8M23D32M7D16M65D14M7D29M14D10M5D5M2D62M3D8M1I8M1I84M6D34M1D14M5D10M4D10M5D2M5D5M2D25M5D36M1I16M2I31M
26	3096	0.333	8.573E-69	26	781	786	5	966	970	99M1I162M9I10M41D6M30D8M22D27M38D10M23D11M3D22M7D15M5D10M9D20M7D61M3D8M1I8M1I84M6D34M1D14M5D10M4D10M9D4M1D3M2D25M5D36M1I16M2I28M
66	3095	0.338	9.028E-69	21	783	786	0	922	923	82M1D24M1I160M7I22M63D7M1D17M19D11M9D11M9D6M29D47M11D81M3D14M1I2M1I81M6D37M2D26M15D41M5D35M1I16M2I30M
53	3093	0.330	1.001E-68	26	784	786	5	963	964	101M1I160M9I10M53D11M11D18M17D25M13D15M49D24M10D33M13D5M13D59M3D8M1I8M1I84M6D34M1D13M5D10M4D11M9D33M8D35M1I16M2I31M
34	3091	0.340	1.111E-68	26	784	786	5	969	970	99M1I162M9I12M1D7M27D5M34D15M20D9M10D5M39D7M23D19M3D15M7D16M5D9M9D20M7D61M3D8M1I8M1I84M6D34M1D14M5D10M4D10M9D5M3D29M5D34M1I16M2I31M
23	3090	0.328	1.170E-68	21	779	786	0	930	935	106M1I160M9I12M2D33M11D12M16D14M11D10M8D16M4D9M29D29M75D66M3D13M1I2M1I81M4D2M2D35M2D29M15D38M5D35M1I16M2I26M
57	3086	0.337	1.439E-68	21	774	786	0	916	931	106M1I166M9I3M2D11M61D12M15D11M25D5M6D19M12D31M28D23M1D18M7D61M3D14M1I2M1I84M6D33M2D17M4D42M1D10M5D34M1I16M2I21M
24	3084	0.339	1.596E-68	21	784	786	0	969	970	104M1I162M9I12M1D7M27D5M34D15M17D13M4D20M9D8M44D35M20D8M22D10M5D5M2D63M3D7M1I8M1I84M6D34M1D14M5D9M4D11M5D3M1D10M3D20M8D35M1I16M2I31M
5	3079	0.338	2.068E-68	21	784	786	0	969	970	104M1I162M9I12M1D7M27D5M34D15M22D7M6D5M41D10M23D11M3D22M7D15M5D10M9D14M5D6M2D62M3D7M1I8M1I84M6D34M1D14M5D10M4D10M9D33M8D35M1I16M2I31M
74	3051	0.331	8.815E-68	28	772	786	1	924	926	99M1I160M9I9M71D15M22D24M31D12M11D8M15D55M13D14M2D2M2D61M3D14M1I2M1I84M4D47M6D29M3D25M9D33M1I39M
118	3048	0.328	1.030E-67	23	783	786	2	977	978	104M1I160M9I12M1D7M62D20M37D4M53D8M5D18M16D41M6D11M4D12M4D6M2D62M3D13M1I2M1I84M5D15M2D20M1D12M5D11M17D15M3D28M4D35M1I16M2I30M
122	3046	0.327	1.142E-67	28	782	786	6	972	1001	99M1I160M82D14M3D5M3D45M5D26M27D41M7D17M3D61M3D17M1I84M6D28M1D7M2D11M4D14M1D13M23D5M42D24M5D31M1I37M2I11M
101	3035	0.317	2.019E-67	14	774	786	12	926	936	6M4I102M1I160M16I5M2D29M9D18M2D4M63D26M30D33M4D19M31D61M4D16M1I84M17D36M2D26M3D8M1D13M5D19M6D35M1I15M2I21M
102	3032	0.321	2.358E-67	21	784	786	0	963	964	106M1I167M8I13M27D5M35D15M21D41M7D7M38D28M20D15M22D9M7D62M3D7M1I8M1I84M6D34M1D16M9D18M14D33M4D35M1I16M2I31M
125	3024	0.349	3.568E-67	25	780	786	26	812	813	102M1I172M5I22M11D21M24D15M9D36M8D96M3I8M9I84M6D46M7I16M1I31M2D37M1I8M2I33M
73	3003	0.337	1.059E-66	42	783	786	0	932	933	85M1I166M8I14M9D16M3D34M3D13M47D10M63D12M1D11M26D7M11D12M5D5M2D62M3D13M3I1M1D84M5D49M23D53M4D34M1I16M2I30M
92	2977	0.302	4.070E-66	25	774	786	0	1074	1084	102M1I158M3I11M52D26M14D21M15D24M6D40M18D26M124D60M3D99M6D38M1D13M17D6M4D4M5D15M44D5M1D8M4D15M18D32M1I19M4I2M2D17M
68	2976	0.335	4.286E-66	38	783	786	9	900	901	5M3D6M2I75M1I167M8I16M9D7M72D24M3D16M24D44M3D23M15D66M3D13M1I2M1I81M5D38M1D12M10D6M2I13M3D19M6D14M7D35M1I16M2I30M
65	2967	0.341	6.831E-66	28	785	786	2	878	879	99M1I166M9I4M1D8M11D11M23D3M46D11M7D17M7D5M24D17M6D14M14D26M17D17M7D61M3D14M1I2M1I81M5D35M10I3M10I15M18I48M1I17M2I22M1D9M
18	2921	0.284	7.397E-65	25	776	786	0	1241	1248	98M1I164M4I18M1D12M1D14M43D14M4D31M2D3M30D10M23D4M98D20M26D20M14D60M2D16M1I84M6D34M1D14M59D5M79D33M81D15M29D33M1I19M2I22M
14	2918	0.340	8.640E-65	0	780	786	50	885	886	15M1D9M8D104M26I7M3I72M1D52M2I14M3D9M8D4M18D22M4D7M6D13M28D52M18D19M6D67M3D101M6D56M1I13M1D5M22I4M1D34M1I19M2I26M
2	2909	0.355	1.377E-64	18	776	786	3	772	781	5M1I102M2I55M1I110M7I60M3D42M5D26M2I40M1D26M3D18M1D48M1D10M1D10M4D15M6D37M6D10M9I25M1I12M5I34M2D13M5D14M1D19M
55	2905	0.332	1.694E-64	21	785	786	0	890	893	104M2I161M4I11M1D11M3D20M8D14M29D22M15D14M17D20M41D13M30D18M7D63M3D13M1I2M1I10M1I48M1I26M2D12M16I9M2D8M5I26M1I23M4D34M1I10M1I5M2I32M
60	2905	0.297	1.694E-64	25	784	786	0	993	994	12M2D15M10D7M3D68M1I159M16I2M8D19M4D22M17D7M38D25M2D16M43D17M7D6M3D19M88D62M3D13M1I2M1I85M5D34M2D14M3D29M5D24M11D34M1I16M4I6M2D15M2D8M
21	2858	0.366	1.932E-63	24	669	786	2	724	745	103M1I108M1D55M6I7M20D49M13D26M11D2M3D18M18D34M10D64M3D90M1I10M5D35M2I13M6I3M8D10M1D3M
114	2820	0.319	1.382E-62	25	774	786	4	920	929	101M1I115M1D45M14I1M5D24M25D10M3D17M1D5M12D8M9D9M41D19M18D22M3D21M41D61M5D14M1I1M1I66M5I7M2I2M11D33M2D13M2D57M15D36M1I16M2I20M
80	2818	0.321	1.533E-62	63	783	786	1	930	931	63M1I163M102D48M42D10M5D58M15D13M12D11M4D6M2D62M3D13M1I2M1I81M5D38M1D12M10D19M10D35M4D35M1I16M2I30M
32	2809	0.322	2.444E-62	63	784	786	1	928	929	62M1I162M4I11M48D18M9D18M30D38M65D14M7D15M5D10M9D20M7D61M3D8M1I8M1I84M6D35M1D13M5D10M4D10M9D33M8D35M1I15M2D2M4I28M
12	2785	0.417	8.469E-62	25	699	786	1	674	675	98M1I163M5I8M1I12M3I15M3I87M17D12M9D30M1I6M2D26M1I67M2I18M1D47M4I11M7I22M2I23M
84	2739	0.317	9.171E-61	68	783	786	0	928	929	58M1I161M9I10M1D9M62D20M68D4M22D8M5D58M15D13M17D17M6D62M3D13M1I2M1I81M5D37M1D15M3D14M17D14M3D59M1I16M2I30M
104	2723	0.313	2.100E-60	26	774	786	5	927	938	38M32I29M1I162M9I12M1D7M27D5M34D18M30D38M44D35M20D8M22D16M7D62M3D7M1I8M1I84M6D35M1D13M5D9M4D28M1D15M16D36M1I16M2I21M
121	2714	0.439	3.347E-60	31	672	786	0	618	619	92M1I166M2D15M3I10M1I21M16I22M11D7M2I8M5D8M20I6M7I2M7D22M1D11M2D26M3D65M1I2M1I15M2D23M1D25M2I15M3I24M
79	2700	0.324	6.912E-60	73	783	786	0	888	889	53M1I161M9I12M2D9M2D26M4D18M24D11M4D7M18D16M4D7M79D11M1D22M24D62M3D13M1I2M1I81M6D34M2D32M15D15M1D24M4D34M1I17M2I29M
103	2656	0.318	6.748E-59	47	780	786	0	885	886	49M4I10M5I5M5I4M2D158M14I4M6D22M3D38M1D29M8D33M41D9M90D61M3D16M1I1M1D81M5D6M1D27M2D15M1D19M9D37M8D36M1I16M2I22M3D4M
9	2565	0.357	7.514E-57	24	785	786	5	622	639	267M24I16M39I6M3I12M31I15M71I2M17D3M1I48M2I17M2D2M1I11M1I29M1I19M3I28M5D15M2D9M2D37M1D17M2I21M6D9M
81	2472	0.320	9.280E-55	60	699	786	7	815	885	67M1I160M9I12M1D7M63D23M30D23M22D21M19D24M32D13M9D16M7D61M3D8M1I8M1I84M6D35M1D12M5I2M7I40M
110	2466	0.301	1.266E-54	111	783	786	0	879	880	14M1I162M9I12M1D7M27D5M34D18M30D38M65D14M7D16M5D9M9D20M7D62M3D7M1I8M1I84M6D35M1D13M5D10M4D27M1D15M16D36M1I17M2I15M1D14M
11	2437	0.406	5.685E-54	20	664	786	0	589	596	4M1I38M32I32M1I167M2I21M1I11M12I33M8I27M7I15M5D5M1I22M1D10M2D31M3D61M2I17M2D15M3I7M4D16M4I9M2D30M
123	2175	0.345	4.440E-48	65	609	786	0	711	715	62M1I160M2I13M92D32M8D6M7D10M18D6M25D63M3D16M7D61M3D14M1I2M1I66M1D17M8D12M
19	2073	0.237	8.740E-46	23	780	786	9	730	735	30M1D18M2D41M1I9M2I46M1D11M5D6M8D18M1I3M3D27M2D8M3I8M3D35M1D26M3I4M1I58M6I7M33I7M2I12M2D6M2D44M2D13M1I9M2D80M10D33M3I5M6I7M1D37M1I13M14I14M1I8M1D8M3I17M1I8M
90	1526	0.185	1.754E-33	21	770	786	0	693	697	32M1I10M5I57M2I40M5D17M1I21M1I29M13I40M18D16M12I36M3I12M3I27M36I39M3I7M2D6M1D8M4D18M2D33M1I3M5D10M3I17M2D17M8I38M5I17M6I45M1D23M1D10M6D19M
4	1499	0.212	7.102E-33	23	774	786	0	680	688	8M1D39M4I52M2I38M3D3M2D16M1I22M1I20M1D3M3D9M12I34M12I13M2I50M3D59M2D20M3D5M1D10M1I4M1D11M3I9M3D4M1D19M5D5M1I3M2I3M5D17M1I5M1D6M4D11M3I14M4D2M2I11M3I4M7I23M23I9M32I6M2D5M4D12M7I32M1I16M
129	1368	0.184	6.276E-30	32	774	786	1	649	656	20M1I11M35I3M2D4M1D20M2I40M5D17M1I18M1I33M13I39M24D29M10I14M19I27M39I13M4D28M1I5M2I7M2D6M1D13M6D11M3I5M3D31M4D10M3I17M2D13M2I4M12I10M2D12M2D2M2D7M9I15M1I18M4D13M2D2M7I9M1D23M1D10M1I22M
99	1186	0.233	7.782E-26	9	518	786	2	448	450	15M2I26M1I13M5I55M2I38M3D3M1D14M1I23M1I36M2I3M8I33M2D25M3I49M4I20M44I39M3I9M3D4M1D9M3D20M
17	721	0.191	2.236E-15	30	451	786	3	473	985	21M2I21M3I19M1I4M1D21M2I46M3D21M9D18M1I17M12D9M3D5M1I11M9D28M5I17M10D14M1D19M5D18M4D30M2D11M5D57M
93	662	0.165	4.747E-14	32	402	786	13	392	803	32M3D5M10I35M1I11M2I39M3D5M4D11M3I19M2D28M10D5M8D11M4I28M5I10M2D28M2D79M
 