45	6866	1.00	0.000E+00	0	926	927	0	926	927	927M
54	6430	0.987	0.000E+00	0	926	927	0	922	923	344M1D119M5I459M
71	6287	0.964	0.000E+00	1	926	927	13	933	934	462M5I459M
50	6067	0.896	0.000E+00	0	925	927	0	905	906	348M1I87M25I23M7D438M1I3M
58	6024	0.940	0.000E+00	0	926	927	0	888	889	426M31I316M7I147M
51	5959	0.877	0.000E+00	0	926	927	0	931	932	346M3I42M2D81M2D39M3D414M1D2M
43	5946	0.860	0.000E+00	0	926	927	0	930	931	344M1I46M1D51M1D23M2D42M1D420M
70	5940	0.906	0.000E+00	0	926	927	0	857	858	315M26I3M1D95M44I444M
46	5795	0.844	0.000E+00	0	926	927	0	925	926	346M3I42M2D45M16I12M3I11M7D33M3D264M4I114M12D32M1D2M
76	5790	0.856	0.000E+00	0	926	927	0	924	925	344M2I46M1D50M1D21M5I16M7D22M4I417M
56	5777	0.844	0.000E+00	0	926	927	0	930	931	323M2I25M1I40M2D53M1D19M2D35M1I15M3D413M
35	5710	0.839	0.000E+00	0	926	927	0	928	929	333M1D11M1I46M1D51M2I19M5I13M4D28M3D275M1D143M
69	5706	0.829	0.000E+00	0	926	927	0	923	924	340M11I90M1D15M4I22M8D31M3D414M
41	5679	0.816	0.000E+00	0	926	927	0	923	924	292M3I40M1I8M1I46M2D28M1I43M2D43M1D5M1D270M3I143M
13	5655	0.815	0.000E+00	0	926	927	0	893	894	345M6I40M2D24M3I30M9I6M5I30M1I10M3I22M8I385M
113	5654	0.798	0.000E+00	0	926	927	0	914	915	344M3I6M4I33M2D51M1D22M5I13M3D298M3I48M4I88M1D5M
109	5630	0.835	0.000E+00	0	920	927	0	913	915	344M1I45M2D52M1D21M5I16M8D22M4I32M3I252M1I35M4I84M
52	5607	0.812	0.000E+00	0	926	927	0	907	913	327M2I4M2I9M1I46M2D44M3I25M5I18M2D12M1I6M9I413M
3	5591	0.802	0.000E+00	0	922	927	0	881	882	327M2I6M2I5M14I35M2D72M5I18M2D12M1I11M10I19M11I373M
57	5581	0.817	0.000E+00	0	926	927	0	929	931	303M1I85M2D39M1D13M1D22M5I16M7D66M2I375M
44	5575	0.799	0.000E+00	0	926	927	0	885	886	327M2I6M2I5M14I35M2D72M5I18M2D12M1I11M10I19M11I377M
49	5494	0.791	0.000E+00	0	926	927	0	861	862	327M2I6M2I5M14I35M2D48M29I18M2D12M1I11M10I19M11I377M
77	5474	0.790	0.000E+00	0	925	927	0	920	925	388M1D68M5I11M1D15M7D19M7I273M2I138M
116	5449	0.774	0.000E+00	0	924	927	0	892	893	355M9I20M2I58M1D17M4D2M9I14M1D14M12I266M3I34M1D15M4I24M1D61M1I5M
48	5270	0.760	0.000E+00	0	922	927	0	898	899	302M2I40M1I5M4I30M2I32M4D19M1I12M2I15M5I15M3D18M4I6M2I10M5I9M1I237M3I46M1D95M
83	5253	0.764	0.000E+00	2	922	927	26	946	947	5M1D295M2I6M1D36M6I36M3D30M4D23M1D26M2D39M2D8M1D12M5I10M1I246M3I38M2D94M
82	5230	0.752	0.000E+00	5	922	927	30	946	947	2M1D299M1D41M5I38M3D28M4D23M1D26M2D64M5I5M1I9M1I227M3I47M2D94M
47	5182	0.733	0.000E+00	0	926	927	0	818	820	345M4I46M1D21M5I7M9I2M29I17M39I27M1I258M22I95M
78	5014	0.701	0.000E+00	0	922	927	0	939	940	294M1I49M2I38M1D27M1I7M4D22M1D72M5D265M4D20M4D31M2D94M
42	4994	0.698	0.000E+00	0	922	927	0	932	933	294M2I48M2I5M6I27M1D22M3D69M1D32M3D46M2D224M6D15M2D37M2D94M
55	4916	0.742	0.000E+00	0	926	927	0	892	893	112M1I259M2I15M2D74M5D3M3I5M3I12M4I30M1D12M2D14M4D99M1I49M1I44M32I112M1I39M
23	4877	0.689	0.000E+00	0	922	927	0	934	935	294M1I50M8I42M1D16M1I7M4D22M2I41M3D25M1D12M2D33M1D4M2D220M6D20M2D31M2D94M
130	4852	0.622	0.000E+00	0	922	927	0	982	983	278M1I18M3D46M1D47M3D19M7D7M4D10M6D15M1D26M5I23M14D33M8D8M3D256M14D37M2D94M
66	4722	0.653	0.000E+00	0	922	927	0	922	923	82M1D212M1I47M16I30M1D23M1I6M4D32M2I32M3D68M1D225M6D15M2D37M2D94M
115	4531	0.559	4.349E-104	0	922	927	0	981	982	281M1I18M3D43M1D41M3D28M10D18M3D12M1D45M4D7M5D14M1D31M3D14M7D229M6D6M5D9M5D31M3D95M
31	4463	0.520	1.629E-102	0	926	927	0	969	970	281M1I73M1I12M1I23M2D19M11D34M5D37M7D45M3D6M6D231M1I17M8D10M7D26M1D101M3I5M
61	4461	0.527	1.813E-102	0	922	927	0	931	933	281M1I71M1D15M1I23M2D15M9I13M2I25M3D38M1D270M1I24M15D40M1D94M
59	4460	0.540	1.912E-102	0	925	927	0	981	982	6M1D268M1I20M3D39M1D51M3D37M17D68M1I13M7D29M4D2M4D10M18D6M1I174M1I98M1D11M1D90M
79	4452	0.682	2.929E-102	52	922	927	0	888	889	242M1I49M2I38M1D34M3D23M1D7M3I33M3D28M10D43M4I219M4D20M4D39M2D86M
29	4444	0.516	4.488E-102	0	926	927	0	969	970	281M1I73M1I12M1I23M2D76M14D26M9D35M9D235M1I24M15D29M1D101M3I5M
24	4428	0.522	1.053E-101	0	926	927	0	969	970	281M1I73M1I12M1I23M2D14M5D16M6D30M1D7M13D19M2I47M3D6M6D231M1I12M14D12M1D29M1D100M3I6M
25	4422	0.518	1.450E-101	0	926	927	0	969	970	281M1I73M1I12M1I23M2D19M11D37M1I13M14D10M1I54M3D6M6D231M1I11M14D13M1D29M1D101M3I5M
85	4421	0.515	1.530E-101	0	926	927	0	969	970	281M1I73M1I12M1I15M2D89M14D11M9D43M3D6M6D231M1I24M15D29M1D101M3I5M
86	4416	0.518	1.997E-101	0	926	927	0	969	970	281M1I73M1I12M1I23M2D19M11D34M5D37M7D45M3D6M6D231M1I12M14D12M1D29M1D101M3I5M
105	4414	0.526	2.222E-101	0	926	927	0	962	963	281M1I73M1D13M1I23M2D19M8D18M2D16M5D22M1I23M7D60M9D213M1I24M8D37M2D12M1I80M2I2M1I3M
118	4406	0.526	3.404E-101	0	922	927	0	977	978	281M1I81M1I23M2D43M18D13M3I33M7D14M5D25M1D9M8D195M1I20M2D21M1I12M15D33M3D9M1D104M
62	4401	0.526	4.444E-101	0	924	927	0	930	931	281M1I61M1D25M1I15M3D11M1I41M16D26M6I16M7I3M7I29M3I230M1I29M14D125M1I5M
53	4400	0.520	4.688E-101	0	926	927	0	963	964	281M1I71M1D15M1I15M2D27M11D37M1I13M10D31M2D43M2D228M1I16M5D11M10D24M1D103M3I5M
5	4400	0.522	4.688E-101	0	926	927	0	969	970	281M1I73M1I12M1I23M2D19M11D41M1D7M13D19M2I47M3D6M6D231M1I11M14D13M1D29M1D101M3I5M
111	4388	0.528	8.889E-101	0	926	927	0	937	938	281M1I110M2D14M5D60M1D34M1I14M3I13M3I230M1I24M14D30M1D100M3I5M
75	4388	0.511	8.889E-101	0	922	927	0	968	970	281M1I110M2D19M11D37M1I15M8D29M4D7M1I27M9D236M1I13M5D15M3D2M6D7M1D27M1D94M
39	4387	0.516	9.376E-101	0	924	927	0	964	965	281M1I61M1D25M1I23M2D19M1D28M1D28M21D24M1I33M5D239M1I29M14D27M1D17M1I80M1I5M
30	4387	0.515	9.376E-101	0	924	927	0	971	972	281M1I71M1D15M1I23M2D79M14D23M8D30M3D9M6D21M1D210M1I24M15D29M1D101M1I5M
33	4386	0.522	9.889E-101	0	926	927	0	969	970	281M1I73M1I12M1I23M2D19M11D41M1D15M2D27M9D33M3D6M6D231M1I12M7D7M1D8M7D23M1D103M3I6M
34	4385	0.522	1.043E-100	0	922	927	0	968	970	281M1I73M1I12M1I23M2D14M5D16M6D23M5D37M7D45M3D6M6D231M1I12M14D12M1D29M1D105M
26	4381	0.522	1.291E-100	0	921	927	0	967	970	281M1I73M1I12M1I15M2D27M8D12M8D27M3D7M6D21M2I47M3D6M6D231M1I24M15D29M1D104M
38	4379	0.519	1.436E-100	0	926	927	0	968	969	281M1I71M1D15M1I15M2D27M9D37M1I13M10D30M2D35M9D237M1I12M7D7M8D35M1D100M3I5M
106	4379	0.524	1.436E-100	0	922	927	0	968	970	281M1I73M1I12M1I23M2D14M5D16M6D26M1I10M15D19M2I38M9D241M1I17M14D12M1D29M1D105M
112	4367	0.513	2.724E-100	0	926	927	0	970	971	281M1I71M1D15M1I23M2D34M2D17M3D10M1D15M8D24M8D21M9D250M1I25M14D13M1D18M1D99M3I5M
119	4365	0.510	3.030E-100	0	924	927	0	967	968	281M1I61M1D25M1I97M18D27M4D20M7D14M2D237M1I29M14D24M1D101M1I5M
107	4365	0.512	3.030E-100	0	924	927	0	968	969	281M1I70M1I15M1I18M2D81M23D59M3D6M6D231M1I13M5D16M10D119M1I11M
16	4362	0.546	3.556E-100	5	921	927	39	977	978	276M1I28M1I24M2I18M1I12M1I15M1I13M4D13M1D14M10D27M1I17M2I17M4I34M7D19M2D179M1I38M1I25M15D48M1I83M
64	4359	0.509	4.173E-100	0	926	927	0	967	968	281M1I71M1D15M1I23M2D19M10D37M1I12M10D9M1I20M8D36M2D237M1I24M15D44M2D5M1I80M3I5M
15	4358	0.535	4.401E-100	5	922	927	41	982	983	269M1I35M1I44M2I6M3I18M1I13M4D13M1D14M10D27M9I8M8D20M4I32M1D30M8D170M1I38M1I12M11D5M4D41M2I15M3D78M1I4M
6	4343	0.527	9.794E-100	0	918	927	0	964	970	281M1I73M1I12M1I23M2D15M5D12M11D63M7D45M3D6M6D231M1I24M15D28M1D102M
27	4338	0.524	1.279E-99	0	926	927	0	969	970	281M1I73M1I12M1I23M2D19M11D37M1I13M10D12M3D53M3D6M6D231M1I25M1I5M16D22M1D101M3I5M
72	4334	0.528	1.583E-99	0	922	927	0	957	958	281M1I86M1I27M2D35M1D18M1D11M14D39M1D24M7D203M1I37M1I20M10D21M2D12M1D105M
28	4330	0.520	1.959E-99	0	926	927	0	970	971	281M1I73M1I36M2D54M5D7M1D15M8D26M9D33M3D6M6D231M1I11M14D13M1D29M1D101M3I5M
67	4312	0.532	5.115E-99	5	924	927	6	963	964	276M1I86M1I15M1I11M3D40M2I30M15D24M7D21M5D13M3D17M1D221M1I26M1I7M8D8M3D14M1D98M1I5M
131	4289	0.522	1.744E-98	0	922	927	0	894	896	281M1I71M1D15M1I23M2D15M9I13M2I16M32I11M8I13M6I11M10D236M1I23M2D21M16D22M1D92M
127	4274	0.517	3.880E-98	4	922	927	47	1012	1013	277M1I86M1I27M2D34M18D13M3I46M12D6M2D25M7D203M1I37M1I12M14D16M1I14M1I23M1D91M
108	4269	0.510	5.065E-98	0	926	927	0	927	928	281M1I86M1I15M1D35M4I17M9I2M9D36M5I42M4D230M1I14M14D42M2I15M1I80M3I5M
94	4240	0.504	2.378E-97	0	922	927	0	922	924	281M1I86M1I15M1D53M13D51M7I31M14I223M1I15M14D42M3I14M1I84M
22	4234	0.508	3.274E-97	0	923	927	0	957	958	281M1I77M3I30M2D19M2I36M1I16M16D63M4D5M5D230M1I20M1D7M13D23M1D109M
102	4213	0.501	1.003E-96	0	918	927	0	958	964	281M1I86M1I15M1I11M3D24M1D26M3I26M9D17M8D8M1I7M9D3M1D252M1I13M14D16M3D6M1I21M1D98M
60	4173	0.505	8.468E-96	5	925	927	1	993	994	10M2D16M8D6M5D237M1I30M3D31M1I48M3D36M17D66M1D40M20D28M7D169M1I56M7D44M1D13M1D88M
73	4134	0.522	6.775E-95	23	922	927	2	932	933	258M1I86M1I26M2D37M1D16M3I18M10D24M5D5M4D224M1I40M2I11M16D51M2D12M1I83M
68	4102	0.516	3.732E-94	1	922	927	6	900	901	10M10I7M2I251M1I60M1D26M1I18M2D20M3I24M22I11M2I82M1I174M1I37M1I24M7D4M6D39M1D91M
74	4091	0.526	6.710E-94	7	891	927	1	902	926	274M1I47M1I38M1I25M2D34M4D41M12D64M2I192M2I31M2I22M2D5M3D23M2D11M1D69M
65	4072	0.526	1.848E-93	5	926	927	0	878	879	276M1I19M2D30M1D60M2D23M3I12M6I10M9D11M3D36M6D21M4I207M1I38M50I106M1I7M
32	3962	0.510	6.517E-91	42	926	927	1	928	929	239M1I73M1I12M1I23M2D15M5D46M7D7M13D18M2I47M3D6M6D227M2D3M3I23M15D28M1D102M3I5M
104	3917	0.492	7.180E-90	0	922	927	0	936	938	44M32I205M1I73M1I12M1I23M2D19M11D41M1D15M2D27M9D33M3D6M6D227M2D3M3I11M14D17M1D25M1D104M
80	3899	0.518	1.875E-89	42	922	927	1	930	931	239M1I86M1I15M1D12M1D13M3D20M15D14M3I29M6D12M1D6M5D23M2I12M4D21M8D175M1I37M1I24M8D7M5D36M1D91M
84	3862	0.505	1.348E-88	47	922	927	0	928	929	234M1I86M1I27M2D11M2D3M8D15M8D69M9D22M2I12M5D5M12D191M1I37M1I24M8D7M5D127M
117	3778	0.396	1.189E-86	0	926	927	2	998	1003	266M3D11M3I24M25D31M2D16M1I13M14I53M1D33M2I57M7D26M1D89M1D126M1D12M5D45M45D16M1I88M
128	3734	0.412	1.242E-85	1	924	927	2	875	876	266M6D7M2D2M6I19M20I22M7I20M13I46M8I19M10I6M3I47M10D6M14I88M1I8M2D153M5D21M6D10M1D102M
92	3649	0.382	1.155E-83	5	918	927	1	1082	1084	275M3D19M23D15M3D6M2D50M6I10M1D13M27D23M8D50M10D39M7D30M3D97M2D126M1I8M36D29M2D6M25D13M17D13M3D82M3D3M
122	3552	0.359	2.036E-81	7	926	927	6	970	1001	263M3I38M7I8M24I24M15D4M5D7M5D148M3I19M4I2M1D77M1D117M1D21M10D7M5D26M6D6M3D16M41D68M2D12M9I7M
110	3524	0.473	9.060E-81	90	926	927	0	879	880	191M1I73M1I12M1I23M2D19M11D37M1I12M10D7M3D59M3D6M6D227M2D3M3I25M3I44M19D81M3I5M
8	3430	0.374	1.361E-78	0	926	927	2	1015	1016	267M2D61M8D6M2D8M9D31M2I39M1D31M19D53M3D18M7D39M1I84M2D137M13D20M7D32M1D8M17D76M1D5M2I7M
103	3420	0.436	2.320E-78	26	922	927	0	885	886	49M3I5M3I5M3I5M2I164M9I4M2D4M1D11M2D48M14I76M7I44M25D29M5I13M3I18M2I83M2D141M6D33M2D114M
101	3403	0.359	5.744E-78	5	922	927	20	935	936	260M8I5M1D18M4I70M7I150M2I21M5D5M5I64M2D99M11D92M2D25M3D83M
18	3382	0.331	1.760E-77	5	916	927	1	1242	1248	272M4D16M2D27M1D43M9D20M2D11M2D32M8D42M12D26M10D6M6D38M22D17M15D67M1I15M1D125M1I23M4D3M86D3M120D2M21D5M1D37M6D80M
126	3356	0.352	7.041E-77	6	917	927	10	806	808	96M2I162M2D12M4I25M13I9M1I12M57I30M24I12M6I15M4I18M10I8M13I16M8D133M1I37M2I27M4I22M1D35M7D6M4D15M6D38M2I41M
81	3341	0.500	1.567E-76	39	836	927	7	820	885	242M1I71M1D15M1I15M3D11M1I15M1D11M8D30M1D5M7D35M2D21M7D14M2D237M1I12M6I5M6I43M
91	3288	0.357	2.644E-75	4	924	927	8	787	788	101M1D162M1D11M4D3M2I7M12I16M9I14M12I14M17I29M1I26M57I25M25I9M2I63M2I8M1D8M1D81M3I3M3I33M2I14M3I50M2I4M2I3M1I33M2D17M4D32M
100	3257	0.345	1.381E-74	4	926	927	3	805	806	263M11I59M22I9M29I32M24I11M20I17M11I41M7I77M1D2M1D85M5I1M7D35M2D23M8I93M1D27M5D11M
98	3241	0.338	3.242E-74	2	924	927	10	775	776	104M1D160M3D9M3D20M7I10M8I9M30I11M7I22M1D8M4I15M93I27M1I9M2I63M2I14M1D2M1D74M1I6M1I3M5I33M2I29M8I29M1I10M1I32M2D22M4D29M
114	3240	0.368	3.419E-74	5	922	927	5	928	929	215M1D45M10I8M4D25M1D40M4D22M8I16M5D23M2D8M1D193M1I1M3D85M5I16M3D49M11D17M1D38M1I5M4I77M1I5M
97	3181	0.339	7.947E-73	2	926	927	23	785	786	104M1D160M3D9M4D26M3I9M7I9M29I5M19I25M1I6M79I30M12I21M2I62M3I14M1D2M1D84M6I33M2I14M4D13M11I25M2I11M1I36M1D16M2D26M2I6M
124	3172	0.365	1.284E-72	5	917	927	1	712	713	259M16D25M11I6M1I17M41I9M3D26M22I9M111I3M7I4M2I40M1D24M1I16M2D82M1I32M2I21M3D8M18I5M1I19M8I42M1D6M1I33M
10	3146	0.336	5.137E-72	0	924	927	21	783	784	106M1D160M3D4M2D25M7I13M1I4M2I11M75I18M13I10M3I4M25I29M25I21M2I63M2I14M3D1M1I84M6I33M2I15M2D9M7I42M6I31M2D21M2D30M
0	3130	0.342	1.206E-71	2	924	927	10	753	754	104M1D169M11D8M20I27M54I25M65I6M39I33M1D4M2I64M3I12M1D2M1D77M1D4M1I3M5I33M2I14M5D10M1I2M4I6M4I33M4I30M2D21M2D32M
120	3124	0.353	1.660E-71	3	926	927	5	761	764	101M2I171M7I8M15I32M42I36M2I14M5I10M6I7M1D17M6D14M6I5M44I6M5I35M2D39M1D7M1D47M2I18M1D50M4I4M2I25M13I10M22I5M1I32M1I52M
95	3099	0.356	6.297E-71	5	925	927	1	719	720	97M2I173M7I25M34I11M5I8M45I19M12I12M45I7M7I13M15I10M2D8M2I31M2D44M2D49M2I18M1D50M4I4M2I13M2I7M16I24M8I5M1I32M1I41M1D10M
7	3079	0.339	1.829E-70	0	926	927	2	825	857	5M1D98M1D162M5I15M3I36M3I17M3I3M11I10M11I41M5I8M3I20M2I7M21I7M6I13M33I8M2I39M2D43M3D46M2I17M1D14M6I40M2I75M2D32M2D38M3D15M
89	3075	0.335	2.264E-70	3	926	927	5	760	777	101M1D161M8I14M65I11M2I8M11I42M7I10M56I27M17I13M2I39M2D37M3D4M1I49M2I16M1D14M7I28M3I52M1D31M1I36M2D40M4D9M
87	3053	0.334	7.318E-70	1	926	927	3	753	770	100M1D167M9D9M1I13M9I21M6I18M44I6M20I13M25I13M74I16M2I39M2D42M2D47M2I17M1D16M7I27M3I48M5I26M1D37M2D42M5D11M
40	3052	0.342	7.719E-70	3	926	927	4	759	776	101M1D162M64I12M30I1M3D35M8I10M2I6M6I6M5I10M46I27M8I14M2I39M2D37M3D4M1I47M2I18M1D10M2I7M5I22M3I123M2D34M1D7M3D8M
63	3047	0.340	1.008E-69	2	926	927	4	767	778	99M1D167M6I14M47I3M19I6M2I7M14I20M26I15M14I6M1I14M15I7M3I4M5I21M10I9M2I39M2D43M2D46M2I17M1D16M7I24M3I51M5I19M1D44M2D42M11D11M
96	3041	0.318	1.388E-69	5	925	927	38	942	948	30M5I225M5D14M1D63M2I24M14I25M1I11M3I14M7I5M6I10M33D27M1I41M3I23M1D63M4I14M2D49M1I32M1I7M4D13M4I32M1D48M9I5M1I77M1I6M
88	3028	0.333	2.776E-69	3	926	927	5	752	770	262M4I14M76I3M1D8M36I3M27I11M8I15M19I11M2I13M2I39M2I39M2D37M3D4M1I49M2I12M1D17M3I4M4I22M3I55M1D28M1I39M2D39M4D10M
20	3028	0.333	2.776E-69	4	926	927	6	754	772	261M7I14M84I9M48I20M8I23M21I16M2I34M1I4M2I39M2D36M3D5M1I47M2I17M1D11M2I6M5I23M3I55M1D29M1I35M2D42M4D10M
1	3018	0.329	4.731E-69	0	926	927	0	779	787	265M5I14M36I6M37I6M33I17M6I6M7I9M11I5M13I20M5I13M2I12M12I14M2I27M1D13M2D40M1D3M1D49M2I16M2D14M2I11M2I2M1I20M4I79M1I32M1D4M2D9M7D6M8D2M3D18M6D14M
2	3006	0.338	8.970E-69	2	922	927	7	779	781	104M1I54M1I110M1I13M36I13M50I17M26I5M26I63M1I29M6I38M1D41M3D49M1D11M1D6M4D58M1D7M3D19M29I10M4D48M3D11M5D12M3D26M
125	2969	0.329	6.451E-68	0	912	927	20	805	813	2M2D265M2D27M13I13M15I15M6I14M7D11M2I8M11I17M37I24M12I31M5I27M6I61M13I130M2I22M7I10M2I28M7I70M
37	2968	0.328	6.805E-68	4	926	927	2	815	829	11M2D144M1I107M6D10M7I7M5I33M2I6M10I8M6I10M8D8M7D1M17I12M23I11M28I36M1I10M3I7M16I12M2I39M2D40M1D2M1D49M2I16M1D13M1I11M2I23M4I18M4D8M14I8M1I67M2D38M2D13M
14	2948	0.360	1.977E-67	0	918	927	80	884	886	109M25I5M3I72M1D65M2I9M1I24M3I4M1I48M11I24M1D11M9I9M3I7M4I8M4I3M8I19M5I53M4I3M2I76M1D5M1D126M2I20M28I18M3I83M
36	2901	0.330	2.423E-66	2	926	927	0	816	829	12M2D145M1I107M6D10M7I7M5I33M2I6M10I8M6I9M8D9M7D1M17I12M23I11M28I20M9I12M8I3M2I5M1I25M2I39M2D40M1D2M1D49M2I16M1D13M1I11M2I23M4I19M4D7M14I8M1I64M4D4M2I32M1D13M2D3M
21	2743	0.364	1.105E-62	3	779	927	2	702	745	211M1D76M10I28M11I28M25I6M2I28M2I4M1I17M7I28M2I41M14I12M2I81M2D72M1I10M4D2M5I27M4I17M3D3M
123	2705	0.428	8.381E-62	44	741	927	0	713	715	222M11I42M3I10M1I7M1I16M3D13M8I49M1D27M8D14M20D14M5D225M1D21M2D14M
12	2529	0.331	9.978E-58	4	829	927	1	674	675	263M3I20M2I48M4I13M23I25M61I18M18I25M18I11M2I28M1I6M2D35M1D7M1I4M2I45M2I17M1D13M5I5M1I33M6I9M7I45M
121	2515	0.328	2.105E-57	11	798	927	1	618	619	255M6D31M36I5M99I28M27I5M8D7M3I19M11I10M8I1M2D4M1I22M1D11M2D44M2D50M2I16M2D14M2I9M3I22M4I17M3D22M
9	2372	0.298	4.313E-54	2	926	927	4	621	639	99M1D168M17I3M180I22M23I19M14I11M12D1M5I3M26I3M45I45M2I17M1D14M2I4M5I25M3I48M5I24M1D39M2D44M3D9M
11	2204	0.322	3.352E-50	0	787	927	0	580	596	40M27I2M5I201M5D16M8I25M5I11M130I8M30I15M7I29M3D2M1D22M1D10M2D41M1D5M1D49M2I16M2D14M2I9M3I22M4I28M
19	1943	0.229	3.711E-44	5	921	927	12	732	735	26M1D18M2D44M1I9M1I44M1D11M5D6M8D18M3D5M1I25M2D51M5D11M4D14M39I2M26I6M26I10M9I10M24I6M3I11M28I8M40I18M3I13M2D6M2D47M1I13M1D5M2D80M3D2M1D37M1I4M4I26M5I6M6I10M2I6M3I12M14I23M1D8M1I17M1I10M
90	1378	0.167	4.504E-31	0	914	927	0	691	697	33M1I13M5I53M1I39M5D18M1I21M1I29M12I3M1I35M16D10M97I11M6I14M5I11M40I16M43I34M6I35M1I3M2I3M2D10M1D22M5D38M1I3M5D7M3I18M2D16M8I8M3I14M4I10M21I49M1D7M1I4M1I10M1D12M1D11M1D14M1D17M
4	1289	0.167	5.183E-29	5	916	927	4	685	688	43M4I53M1I38M3D5M2D14M1I22M1I20M1D3M3D9M12I38M5I8M12I3M10I9M17I42M10I27M11I8M2I15M65I16M11I16M2I6M5I25M3I14M3D2M1D8M2I7M2D1M6D4M3I4M1D5M2D31M4D8M3I16M2D14M9I6M3I16M2I13M66I7M1I9M1D2M6I13M3D25M3D20M
129	1193	0.170	8.665E-27	10	914	927	0	650	656	23M1I9M35I3M2D4M1D20M1I39M3D5M2D13M1I18M1I24M1D6M13I4M1I36M3D4M33I15M53I7M16I9D34M12I7M22I11M57I17M3D4M7I26M2I5M1I7M2D6M1D8M1D7M3D14M1D35M4D9M3I16M2D16M8I7M3I16M4I8M3I23M7I37M2I2M1I7M9I3M1D16M1D6M1D13M1D19M
99	956	0.185	2.668E-21	5	641	927	17	449	450	28M1I11M5I55M1I38M3D3M1D14M1I23M1I31M2I8M8I32M9D17M16I10M13I18M11I18M24I16M106I11M33I37M3I9M3D4M1D6M2D11M2D12M
17	812	0.154	5.766E-18	9	850	927	3	892	985	22M2I25M3I14M1I4M1D25M1I39M2D3M1D21M9D19M1I18M12D7M1D16M10D31M2I12M11D5M7D11M21D36M8D23M2D20M7I48M2D44M10D29M3D29M11D7M3D5M30D16M3I26M6I12M15I3M3I12M1D11M3D3M14D15M60I27M5I12M5I78M
93	666	0.145	1.386E-14	11	668	927	13	802	803	32M3D7M10I33M1I12M1I38M3D3M4D15M2I4M1I13M2D29M4I6M2I6M20D31M2I9M4D6M2D46M4D6M1D11M1D32M66D6M40D6M1D13M1D38M2I53M3D7M16D12M15D67M4I4M5I10M17I23M1I9M2I17M
 35	6842	1.00	0.000E+00	0	928	929	0	928	929	929M
43	5976	0.885	0.000E+00	0	928	929	0	930	931	333M1I110M3D38M3D23M2I282M1I139M
51	5933	0.867	0.000E+00	0	926	929	0	928	932	332M1I12M2I49M1D47M2D39M3D307M1I137M
76	5906	0.857	0.000E+00	0	928	929	0	924	925	336M1I9M1I97M3D38M3D23M7I271M2I5M1D139M
54	5823	0.845	0.000E+00	0	928	929	0	922	923	333M1I11M2D47M1I50M2D32M4I28M3I279M1I139M
69	5817	0.848	0.000E+00	0	928	929	0	923	924	333M1I7M10I43M1I47M3D13M1D25M4D309M1I139M
56	5802	0.834	0.000E+00	0	928	929	0	930	931	323M2I8M1I62M1D47M3D41M3D13M1I295M1I135M
71	5791	0.850	0.000E+00	4	928	929	16	933	934	329M1I11M1D47M1I50M2D32M4I28M3I279M1I139M
50	5778	0.838	0.000E+00	0	926	929	0	905	906	333M1I57M1I46M16I7M2I19M3D25M3I279M1I137M
46	5742	0.830	0.000E+00	0	926	929	0	922	926	332M1I12M2I49M1D44M14I8M2D20M3D298M5I110M12D32M
45	5715	0.839	0.000E+00	0	928	929	0	926	927	333M1I11M1D47M1I50M2D19M5D13M4I28M3I279M1I139M
109	5652	0.831	0.000E+00	0	922	929	0	913	915	332M1I63M1D48M3D36M4D26M7I31M3I244M1I7M1I35M4I84M
52	5630	0.806	0.000E+00	0	927	929	0	905	913	327M2I6M3I54M1D50M1I37M2I15M1I4M6I5M6I274M1I129M1I4M
57	5623	0.821	0.000E+00	0	928	929	0	930	931	300M1I31M1I16M1D47M1D33M1D15M3D36M3D30M3I37M2I241M1I128M1D7M
41	5615	0.795	0.000E+00	0	928	929	0	923	924	292M3I38M2I57M1D30M1I20M2D36M3D31M1I268M3I14M1I132M
13	5612	0.805	0.000E+00	0	928	929	0	893	894	332M1I13M5I45M1D19M3I28M7I19M4I21M1I11M6I22M8I251M1I132M
113	5600	0.811	0.000E+00	0	928	929	0	914	915	333M1I11M2I6M4I38M1D49M3D33M1I32M3I271M4I44M4I90M1D3M
3	5555	0.782	0.000E+00	0	928	929	0	880	882	327M2I4M3I7M13I35M1D52M2D37M2I15M1I8M13I20M11I230M1I140M5I3M
70	5495	0.779	0.000E+00	0	928	929	0	857	858	307M14D1M39I45M1I48M41I25M3I279M1I139M
49	5483	0.772	0.000E+00	0	928	929	0	861	862	327M2I4M3I7M13I35M1D46M11I4M11I17M2I15M1I8M13I20M11I233M1I145M
44	5469	0.783	0.000E+00	0	928	929	0	885	886	327M2I4M3I7M13I35M1D52M2D37M2I15M1I8M13I20M11I229M2I7M1D141M
58	5459	0.816	0.000E+00	0	928	929	0	888	889	333M1I11M1D47M1I33M24I25M4I28M3I264M7I8M1I139M
77	5435	0.765	0.000E+00	0	928	929	0	922	925	335M1I9M4D19M3I70M2D28M1D17M3D23M10I267M3I140M1D4M
116	5398	0.784	0.000E+00	0	925	929	0	892	893	332M1I18M8I27M3I54M3D39M3I13M15I271M4I29M1D15M4I20M1D70M
83	5331	0.763	0.000E+00	0	925	929	25	946	947	299M2I11M1D21M1I16M5I34M1D7M1D19M4D36M3D31M3D24M2D10M2I9M5I13M1I239M4I42M2D90M1I4M
48	5310	0.746	0.000E+00	0	922	929	0	896	899	297M2I32M1I19M4I35M3I22M4D35M1I31M1I25M9I10M4I12M2I243M4I38M1D93M
82	5239	0.749	0.000E+00	3	925	929	28	946	947	4M1D299M1D30M1I14M4I29M1D12M1D19M4D35M3D32M3D32M3I10M5I13M1I7M1I234M4I39M2D90M1I4M
47	5200	0.751	0.000E+00	0	926	929	0	816	820	334M1I12M3I72M12I7M24I14M46I27M1I236M1I22M22I93M
42	4991	0.691	0.000E+00	0	925	929	0	932	933	268M2I5M3I3M5D13M2I41M1I12M7I59M3D24M2D18M1I23M3D47M1D8M4D19M3I231M5D10M2D31M2D92M1I2M
78	4891	0.685	0.000E+00	0	922	929	0	937	940	294M1I37M1I13M1I64M3D29M2D19M1I23M3D74M2D225M5D18M2D31M2D92M
55	4859	0.735	0.000E+00	0	928	929	0	892	893	112M1I220M1I11M1D27M2I22M1D47M2D44M4I18M3I12M1D13M6D112M1I49M1I44M32I12M1I100M1I39M
23	4849	0.677	0.000E+00	0	925	929	0	934	935	268M5I8M5D13M1I37M1I17M7I61M3D18M2D20M1I23M3D30M2I18M3D8M1D20M1D242M7D31M2D92M1I2M
130	4794	0.617	0.000E+00	0	922	929	0	980	983	275M1I21M3D48M2D9M1I35M2D17M7D17M10D19M3D49M10D25M6D30M2D247M13D37M2D92M
66	4732	0.644	0.000E+00	0	926	929	0	922	923	82M1D212M1I42M1I14M15I54M3D19M2D18M1I23M3D24M2I292M7D31M2D92M2I2M
79	4455	0.667	2.502E-102	52	926	929	0	888	889	215M5I9M5D13M1I37M1I13M1I64M3D29M2D16M1I25M3D75M3D224M5D19M2D31M2D92M2I2M
33	4420	0.512	1.617E-101	0	928	929	0	967	970	277M1I50M1I39M1I16M1D42M16D16M2D43M8D44M6D235M1I16M7D14M7D21M1D103M5I4M
115	4402	0.560	4.223E-101	0	924	929	0	981	982	277M1I16M3D54M1D37M1D12M1D16M10D18M3D12M3D16M1D26M4D7M5D27M5D8M1D25M2D231M6D7M4D9M5D31M3D95M
30	4381	0.510	1.294E-100	0	928	929	0	969	972	277M1I67M1D23M1I16M1D65M3D19M15D18M7D10M3D23M3D35M1D210M1I25M9D4M5D38M1D87M5I4M
118	4378	0.534	1.518E-100	0	928	929	0	977	978	265M7I8M6D88M1I16M1D46M18D19M3D53M7D4M8D216M2D4M3I14M2D21M1I14M8D6M6D26M3D9M1D100M4I4M
59	4378	0.542	1.518E-100	0	927	929	0	981	982	6M1D259M12I2M11D15M3D55M1D42M2D22M17D32M3D21M8D25M5D11M1D15M11D20M3D190M1I54M1I44M1D11M1D90M
111	4359	0.526	4.182E-100	0	928	929	0	935	938	265M7I8M6D65M1D23M1I16M1D23M3I20M4I81M5D17M1D232M1I14M13D41M1D99M5I4M
67	4359	0.531	4.182E-100	2	928	929	3	963	964	270M5I5M4D86M1I21M1D21M11D16M5D63M7D19M5D24M1D232M1I18M1I14M10D33M1D89M3I5M
28	4351	0.519	6.407E-100	0	922	929	0	967	971	277M1I50M1I56M1D66M3D20M15D22M8D3M4D15M2D254M1I25M4D5M10D24M1D103M
6	4347	0.522	7.930E-100	0	920	929	0	964	970	277M1I50M1I39M1I16M1D23M3D12M13D23M2D38M8D15M4D14M2D255M1I25M14D28M1D102M
85	4346	0.514	8.364E-100	0	928	929	0	967	970	277M1I50M1I39M1I21M1D66M3D15M15D22M8D3M4D30M2D239M1I25M14D29M1D100M5I4M
61	4338	0.522	1.281E-99	0	925	929	0	932	933	277M1I50M1I19M2D20M1I16M1D59M6I32M1D11M1D12M3I257M1I13M14D52M1D95M
86	4338	0.506	1.281E-99	0	928	929	0	967	970	266M12I2M11D48M1I39M1I16M1D37M16D21M2D47M12D17M2D258M1I15M7D10M7D29M1D100M5I4M
38	4335	0.513	1.504E-99	0	928	929	0	966	969	265M7I8M6D65M1D23M1I18M1D24M9D29M1D18M13D39M3D19M2D19M1D230M1I18M1D10M13D27M1D100M5I3M
39	4332	0.512	1.764E-99	0	928	929	0	962	965	265M7I8M6D65M1D23M1I16M1D86M18D19M7D45M2D230M1I22M1I7M14D125M5I3M
112	4332	0.505	1.764E-99	0	928	929	0	968	971	266M12I2M11D65M1D23M1I17M1D53M3D32M15D21M7D5M3D17M3D248M1I27M8D5M4D13M2D14M1D98M5I4M
31	4329	0.521	2.071E-99	0	922	929	0	966	970	277M1I50M1I39M1I16M1D18M17D14M1I25M2D47M8D6M4D14M2D255M1I13M8D17M6D24M1D103M
105	4328	0.534	2.184E-99	0	927	929	0	962	963	277M1I50M1I19M2D20M1I16M1D26M11D11M4D21M2D45M3D5M4D3M4D37M2D232M1I28M7D23M1D105M2I4M
27	4328	0.514	2.184E-99	0	922	929	0	966	970	277M1I50M1I39M1I16M1D26M11D7M5D31M1D6M11D13M2D42M2D255M1I13M8D19M6D35M1D90M
29	4319	0.522	3.529E-99	0	922	929	0	966	970	277M1I50M1I39M1I16M1D22M17D10M1I25M2D47M6D44M8D231M1I25M14D29M1D103M
127	4319	0.526	3.529E-99	0	928	929	43	1012	1013	266M5I11M4D86M1I16M1D46M18D12M1I8M4D94M15D181M1I37M1I18M12D26M1I27M1D83M4I4M
53	4312	0.519	5.126E-99	0	928	929	0	961	964	266M5I12M4D44M1D41M1I16M1D26M11D29M1D22M6D28M5D21M1D254M1I19M4D11M10D36M1D88M5I4M
119	4311	0.504	5.407E-99	0	928	929	0	965	968	265M7I8M6D107M1I20M1D23M2D36M15D23M7D13M6D262M1I22M1I7M14D24M1D100M5I4M
24	4309	0.513	6.015E-99	0	928	929	0	967	970	277M1I50M1I39M1I16M1D37M1D19M2D21M15D24M8D44M6D235M1I17M4D13M10D24M1D100M5I4M
34	4307	0.516	6.692E-99	0	921	929	0	965	970	265M7I8M6D48M1I39M1I16M1D22M17D10M1I25M2D47M12D17M2D258M1I25M14D29M1D102M
25	4301	0.515	9.215E-99	0	922	929	0	966	970	277M1I50M1I39M1I16M1D71M3D15M15D19M8D6M4D14M2D255M1I25M14D29M1D103M
62	4298	0.518	1.081E-98	0	928	929	0	928	931	265M7I8M6D65M1D23M1I16M1D25M14I29M16D29M11I42M2D230M1I22M1I7M14D124M5I4M
26	4296	0.518	1.203E-98	0	925	929	0	969	970	277M1I50M1I39M1I16M1D26M11D8M5D24M2D47M8D6M4D14M2D255M1I25M14D29M1D106M
72	4294	0.519	1.338E-98	0	928	929	0	957	958	266M12I1M11D89M1I16M1D78M13D21M6D32M6D34M1I176M1I37M1I18M12D137M4I4M
16	4294	0.529	1.338E-98	2	922	929	36	976	978	264M10I4M9D31M1I25M3I28M1I25M2D13M3D16M5D4M3D29M1D91M1D178M1I39M1I31M14D43M1I82M
64	4284	0.503	2.281E-98	0	928	929	0	965	968	277M1I50M1I19M2D20M1I16M1D56M11D21M6D30M8D22M3D251M1I13M14D54M1D87M5I4M
131	4278	0.517	3.141E-98	0	925	929	0	895	896	277M1I50M1I19M2D20M1I16M1D23M28I9M5I6M7I25M10I23M10D17M7I220M1I45M17D22M1D93M
75	4278	0.511	3.141E-98	0	925	929	0	969	970	277M1I108M1D22M7D44M11D38M7D20M5D255M1I14M3D3M4D13M7D35M1D95M
106	4267	0.518	5.647E-98	0	921	929	0	965	970	277M1I50M1I39M1I16M1D46M3D36M15D30M6D21M8D242M1I30M14D29M1D102M
5	4266	0.522	5.957E-98	0	922	929	0	966	970	277M1I50M1I39M1I16M1D26M11D15M5D17M2D47M8D6M4D14M2D255M1I25M14D29M1D103M
15	4265	0.530	6.283E-98	2	923	929	38	982	983	264M1I44M1I25M2I24M3I28M2D13M3D16M6D4M2D36M6D42M3I48M1D169M1I39M1I14M3D14M11D31M2I15M3D82M
94	4262	0.504	7.373E-98	0	925	929	0	923	924	266M12I2M11D88M1I69M14D7M1D33M14I18M2I11M7I232M1I31M13D30M3I13M1I85M
107	4249	0.504	1.475E-97	0	928	929	0	966	969	277M1I50M1I39M1I18M1D24M11D15M5D30M14D51M2D258M1I14M3D3M4D13M7D124M5I4M
22	4246	0.499	1.730E-97	0	928	929	0	955	958	273M5I4M4D55M2I29M1I17M1D16M1D19M3D16M1D19M20D90M3I216M1I13M13D38M1D103M5I4M
108	4243	0.515	2.031E-97	0	928	929	0	925	928	266M5I9M4D88M1I53M1I18M8D25M1D14M1D39M14I232M1I25M13D39M2I8M1I79M5I4M
73	4210	0.533	1.180E-96	22	928	929	1	932	933	251M5I4M4D86M1I16M1D47M6D29M10D94M1D168M1I40M2I28M15D35M2D12M1I79M4I4M
102	4133	0.500	7.161E-95	0	928	929	0	963	964	272M5I3M4D47M4I16M1I23M4D19M1D27M6D4M5D6M5D33M2D38M6D267M1I18M1I11M4D5M12D31M1D90M3I4M
60	4124	0.501	1.157E-94	5	928	929	1	993	994	10M2D16M8D6M5D228M12I2M11D26M3D26M2I17M1D40M2D32M17D25M2D26M9D18M5D40M7D25M5D169M1I54M1I21M7D33M2D85M1I8M
68	4116	0.513	1.773E-94	1	928	929	6	900	901	10M10I10M2I240M5I4M4D46M1I14M4D5M2I18M1I16M1D23M3I31M1I20M7I12M15I52M2I174M1I39M1I14M12D54M1D87M4I4M
65	4033	0.520	1.482E-92	5	927	929	0	878	879	272M1I23M2D51M1D32M5I40M1D13M10D30M1I49M1D203M1I38M51I113M
74	3986	0.537	1.816E-91	7	893	929	1	902	926	270M1I50M2I17M1D21M1I16M1D23M5D37M2D19M14D27M4I40M3I190M2I31M2I21M1D7M3D18M2D16M1D69M
104	3912	0.486	9.392E-90	0	925	929	0	937	938	44M32I201M1I50M1I39M1I16M1D26M11D15M5D17M2D43M8D10M4D11M2D258M1I25M4D5M10D25M1D105M
80	3903	0.521	1.518E-89	42	928	929	1	930	931	235M1I90M1I15M1D24M2D3M17D19M1I19M3D42M6D25M9D19M1D189M1I39M1I14M3D3M9D51M1D87M4I4M
32	3872	0.504	7.926E-89	42	922	929	1	925	929	235M1I50M1I39M1I16M1D56M3D30M15D19M8D6M4D14M2D255M1I12M1D13M13D28M1D104M
84	3840	0.506	4.366E-88	47	928	929	0	928	929	230M1I90M1I16M1D23M10D18M8D24M3D48M6D19M9D19M6D191M1I37M1I32M12D123M4I4M
117	3830	0.406	7.442E-88	3	928	929	5	998	1003	264M1D14M1I11M1I19M4I9M7D51M1I10M1I21M1I22M1D20M1D5M2D43M2D24M12D26M1D89M1D122M1D17M4D43M7D17M37D90M
128	3754	0.411	4.282E-86	5	926	929	6	875	876	263M1D9M1D23M20I10M3I26M7I7M15I28M3I29M1I13M1I21M24I27M10D2M3I6M1D85M1I8M2D164M9D21M2D102M
92	3642	0.380	1.680E-83	5	928	929	1	1083	1084	260M5I10M8D28M26D22M1D5M17D62M5D21M8D44M5D27M1I19M1D12M2D7M7D15M6D96M2D126M1I10M35D28M2D6M25D32M20D80M4I3M
122	3552	0.360	2.039E-81	7	928	929	6	972	1001	261M8I16M22I41M4I15M1I3M21D28M2D19M1D67M1I63M4I79M1D117M1D25M3D12M2D18M15D6M3D16M41D70M5I21M
8	3485	0.374	7.261E-80	4	928	929	6	1013	1016	263M4D9M3D7M2D52M2D12M10D19M9D4M4D17M14D25M1D130M2I97M2D137M16D22M3D31M1D8M17D76M1D5M4I5M
110	3472	0.475	1.452E-79	90	928	929	0	877	880	176M12I2M11D48M1I39M1I16M1D64M3D23M15D18M8D6M4D11M2D258M1I25M14D29M1D101M5I3M
18	3401	0.335	6.401E-78	5	918	929	1	1242	1248	265M3I6M7D14M2D56M7D18M3D37M3D23M26D25M2D6M10D39M3D19M2D16M22D24M8D68M1I14M1D126M1I15M139D7M76D3M15D11M1D37M6D80M
101	3396	0.363	8.357E-78	5	918	929	20	929	936	266M7I21M4I26M6I42M4I114M1I43M4I16M5D66M2D99M11D63M5D31M3I20M2D78M
103	3387	0.437	1.350E-77	26	928	929	0	885	886	49M4I10M5I5M2I167M6I31M2D23M14I51M1I53M2D24M26D15M14I19M1I26M5I85M2D142M4D30M3D112M4I5M
100	3364	0.355	4.603E-77	2	928	929	1	798	806	263M11I61M5I21M44I19M9I13M17I19M15I23M22I13M2I79M1D2M1D85M5I1M7D32M2D24M9I95M1D28M2I8M
126	3344	0.352	1.337E-76	0	919	929	4	806	808	103M2I161M2D12M4I29M15I17M57I48M15I12M16I14M13I9M13I16M8D133M1I37M2I27M4I58M7D6M4D15M6D38M2I41M
81	3319	0.489	5.072E-76	39	838	929	7	820	885	238M1I67M1D23M1I15M1D23M5D13M9D36M1D34M7D18M6D257M1I18M13I42M
91	3305	0.364	1.070E-75	0	928	929	3	787	788	4M1D102M1D169M3D20M12I6M19I44M15I7M3I12M16I5M5I6M30I11M6I24M28I13M2I63M2I8M1D8M1D82M1D8M7I29M2I35M4I26M2I4M2I3M1I33M2D17M4D27M2I5M
114	3259	0.370	1.243E-74	0	918	929	1	923	929	2M1I217M1D45M10I8M4D10M2I27M4I65M1D9M1D18M2D40M1I75M7D85M2D87M5I16M3D53M1I15M1I12M2D32M6D78M
98	3194	0.343	3.980E-73	0	928	929	7	775	776	5M1D101M1D168M1D14M2I22M8I23M2I18M35I9M22I10M3I6M14I12M21I15M38I9M2I63M2I14M1D2M1D74M1I6M1I3M5I33M2I13M4I19M5I22M2I46M2D22M4D24M2I5M
97	3164	0.342	1.971E-72	1	928	929	22	785	786	105M1D206M8I18M8I15M36I10M1I13M79I38M12I7M2I62M3I14M1D2M1D84M6I33M2I16M2D7M10I20M3I58M1D16M2D27M2I5M
0	3155	0.350	3.184E-72	0	928	929	8	753	754	106M1D168M6D16M7I15M8I10M76I15M17I6M9I9M57I34M1D4M2I64M3I12M1D2M1D77M1D4M1I3M5I33M2I16M2D7M3I12M4I33M4I30M2D21M2D27M2I5M
10	3144	0.337	5.724E-72	0	928	929	21	783	784	106M1D161M1D23M106I4M5I10M1I25M16I18M21I32M1I93M2I14M3D1M1I84M6I37M2I12M2D7M3I11M5I32M6I31M2D21M2D25M2I5M
124	3137	0.358	8.314E-72	5	915	929	1	708	713	258M3D4M9D20M33I8M12I5M59I12M34I9M8D6M30I28M27I7M2I40M1D23M1I17M2D82M1I31M2I33M16I8M3I14M6I44M1D6M1I29M
120	3127	0.354	1.417E-71	0	927	929	2	763	764	106M2I168M7I10M15I16M1I21M3I4M5I14M25I11M3I38M2I21M27I12M35I10M3I35M2D39M1D7M1D47M2I18M1D50M4I5M2I11M5I5M25I16M6I7M1I32M1I44M3D7M
7	3106	0.337	4.342E-71	0	928	929	2	822	857	5M1D98M1D162M8I51M3I13M3I10M8I16M1I6M19I45M1I9M51I19M13I16M2I39M2D43M3D46M2I17M1D21M6I33M2I10M6I53M7D39M2D53M
96	3100	0.324	5.979E-71	3	928	929	36	944	948	30M2I2M3I226M4D47M1I17M2D13M1I26M16I33M3I25M38D40M7I10M3I24M12I16M1D63M4I14M2D49M1I32M1I57M7D8M16I38M1I85M
95	3081	0.337	1.647E-70	5	928	929	1	718	720	98M2I171M7I17M56I17M22I14M4I7M3I9M19I33M64I8M9D2M5I31M2D44M2D49M2I18M1D51M6I16M12I36M16I32M1I38M1I13M
89	3048	0.342	9.569E-70	4	928	929	6	765	777	100M1D161M12I30M55I14M7I9M28I11M6I13M40I3M16I19M1D8M4I17M2I39M2D37M3D4M1I49M2I16M1D14M7I28M3I19M1D6M2I94M2D39M9D10M
1	3036	0.329	1.814E-69	0	928	929	0	772	787	265M8I11M1I4M69I11M34I8M15I15M16I16M31I13M1I39M5D27M1D13M2D40M1D3M1D49M2I16M2D14M1I33M8I17M1I62M1I32M1D4M2D9M7D6M8D2M3D21M1I10M
87	3028	0.328	2.780E-69	1	928	929	3	753	770	100M1D168M5D31M34I10M92I3M10I18M3I20M35I16M2I14M2I39M2D42M2D47M2I17M1D16M7I27M3I21M6I46M1D44M2D43M5D10M
63	3014	0.328	5.864E-69	4	928	929	6	766	778	97M1D168M11I22M39I22M62I53M30I15M21I13M2I39M2D43M2D46M2I17M1D16M7I24M3I22M7I47M2D44M2D43M10D10M
37	3013	0.329	6.185E-69	2	928	929	0	808	829	13M2D144M1I105M4D16M5I14M30I28M3I4M5I5M17I8M25D14M19I15M15I11M29I17M1I3M2I19M1I11M2I39M2D40M1D2M1D49M2I16M1D22M2I7M1I18M4I21M3I3M8I14M1I67M2D36M2I2M3I8M
40	3003	0.340	1.054E-68	0	928	929	0	764	776	5M1D99M1D161M12I13M7D8M3D13M72I9M28I15M6I16M5I6M24I1M15I11M1I14M14I9M2I39M2D37M3D4M1I47M2I18M1D14M7I25M3I24M1I99M2D39M9D10M
88	2997	0.334	1.452E-68	3	928	929	5	750	770	262M11I14M65I14M10I14M16I23M17I11M34I7M21I20M1D14M3I39M2D37M3D4M1I49M2I12M1D17M3I4M4I22M3I22M1I101M2D34M1D7M1D8M
20	2997	0.332	1.452E-68	3	928	929	5	752	772	262M11I14M6D1M68I11M4I6M24I8M24I13M5I8M39I12M2I41M3I39M2D36M3D5M1I47M2I17M1D11M2I6M5I23M3I24M1I31M1D31M1I33M2D37M1D7M1D8M
14	2980	0.343	3.594E-68	3	919	929	83	883	886	107M25I3M4I2M1D70M1D53M2I45M4I4M1I48M25I15M4I31M4I32M13I51M2I9M2I76M1D5M1D83M1D4M1I39M2I14M1I22M31I83M
36	2971	0.327	5.807E-68	2	927	929	0	807	829	12M2D145M1I105M4D16M5I14M30I28M3I4M5I5M17I9M25D13M19I9M21I12M21I15M2I7M1I20M3I13M2I39M2D40M1D2M1D49M2I16M1D22M2I7M1I18M4I18M5D3M16I12M1I64M4D4M2I33M2I2M3I7M
125	2957	0.329	1.225E-67	3	914	929	25	805	813	262M3I13M5D12M9I7M17I8M13I24M17I5M17D7M2I19M14I16M16I14M14I39M10I12M6I61M13I130M2I10M1I12M2D10M5I7M6I9M5I10M2I70M
2	2945	0.343	2.323E-67	1	928	929	6	780	781	104M1I55M1I111M5I41M8I6M8I13M7I9M20I8M21I12M1I18M14I13M40I11M12I8M11I38M1D41M3D49M1D11M1D6M4D65M4D9M6I4M24I16M4D48M3D11M5D12M3D19M3I8M
21	2742	0.362	1.167E-62	0	785	929	0	704	745	2M1I211M1D51M4I13M4D10M29I11M3I9M6I26M21I35M4I13M1D7M1I29M8I47M4I12M2I79M3D1M1I72M1I10M4D2M5I26M4I26M
123	2719	0.431	3.978E-62	44	742	929	0	713	715	221M2I10M1I14M4I97M1I15M7D27M1D20M1D7M14D24M2I12M1I206M1D21M2D14M
12	2575	0.326	8.597E-59	4	831	929	1	674	675	271M3I27M3I16M4I4M5I9M67I43M3I16M18I8M27I29M2I28M1I6M2D35M1D7M1I4M2I45M2I17M1D13M5I5M1I31M6I12M8I44M
121	2524	0.314	1.304E-57	11	800	929	1	618	619	265M4D5M2D14M38I20M71I3M7I15M13D13M3D12M77I6M2D4M1I22M1D11M2D44M2D50M2I16M2D14M2I11M3I20M4I25M2D15M
9	2308	0.288	1.310E-52	4	928	929	6	624	639	97M1D168M11I14M142I8M14I13M43I7M52I3M18I3M21I3M15D9M13I44M2I17M1D14M3I4M4I25M3I21M1I26M5I25M2D3M1I35M2D43M6D10M
11	2200	0.321	4.153E-50	0	788	929	0	580	596	42M32I234M3I8M14I5M8I11M56I15M7I8M1I8M66I27M17I22M1D10M2D41M1D5M1D49M2I16M2D14M2I8M3I23M4I28M
19	1913	0.222	1.839E-43	5	928	929	12	732	735	28M1D16M2D44M1I12M1I41M1D11M5D4M8D20M1I3M3D27M2D8M3I8M3D32M5D24M27I5M8I2M26I6M4I6M32I12M23I8M2I20M70I17M3I13M2D6M2D46M1I14M1D5M2D82M4D35M1I15M1I8M9I15M1I30M24I21M1D8M1I6M6I21M
90	1393	0.174	2.025E-31	0	915	929	0	690	697	32M1I14M5I55M1I35M3D7M2D13M1I21M1I21M1D6M13I4M1I36M11D4M5D4M4D6M27I5M44I14M28I16M19I9M78I33M6I33M1I5M2I3M2D10M1D22M5D41M2D2M2D6M3I18M2D16M8I4M3I18M4I9M17I4M5I38M3I9M1D3M2D5M1I10M1D12M1D11M1D14M1D16M
4	1283	0.171	7.142E-29	2	923	929	1	684	688	46M4I55M1I35M3D6M2D17M1I19M1I20M1D8M13I5M4D37M18I17M28I30M71I14M5I40M2I14M1I13M19I15M2I6M5I25M3I14M3D2M1D8M2I7M2D1M6D4M3I4M3I8M6D20M6D3M2I8M3I16M2D15M9I5M3I16M2I13M8I5M57I4M3I7M3I2M2I14M3D25M3D3M6I16M
129	1176	0.165	2.146E-26	10	912	929	0	646	656	20M1I12M35I3M2D4M1D22M1I35M3D7M2D13M1I18M1I33M13I37M27D23M9I15M10I3M29I11M71I11M10I10M40I6M38I8M6I27M1I5M2I7M2D6M1D8M1D7M3D14M1D33M1D2M3D9M3I16M2D16M8I6M3I17M4I8M3I2M1D5M8I41M6I14M7I9M1D16M1D6M1D13M1D15M
99	991	0.268	4.129E-22	2	375	929	14	361	450	29M1I15M5I49M1I41M3D4M1D14M1I23M1I36M10I34M5D23M7I22M3I3M6I46M
17	819	0.174	3.971E-18	9	853	929	3	909	985	22M2I25M3I14M1I4M1D26M1I38M2D3M1D21M9D19M1I18M12D7M3D5M1I11M9D30M2I14M7D2M7D27M12D6M12D43M3D71M2D14M2D27M8D21M10D17M25D31M16D42M13I12M15I3M3I12M1D10M6D23M43I4M9I5M3I8M2D21M1D19M4D47M2D15M2D11M
93	603	0.150	3.990E-13	11	575	929	13	767	803	32M3D7M10I33M1I11M1I39M3D3M4D15M2I4M1I13M2D29M4I6M2I6M20D31M2I17M2D8M30D27M1D11M2D21M102D81M2D13M8D12M1I17M13D18M16D40M3D34M3D13M
 75	7041	1.00	0.000E+00	0	969	970	0	969	970	970M
53	6218	0.881	0.000E+00	0	969	970	0	963	964	523M1D25M7I415M
64	6214	0.879	0.000E+00	0	969	970	0	967	968	418M1I84M1I466M
31	6204	0.868	0.000E+00	0	969	970	0	969	970	349M2I162M1D9M1D448M
26	6200	0.871	0.000E+00	0	969	970	0	969	970	349M2I162M1D9M1D448M
5	6183	0.872	0.000E+00	0	969	970	0	969	970	349M2I162M1D9M1D448M
86	6174	0.870	0.000E+00	0	969	970	0	969	970	349M2I162M1D9M1D448M
29	6156	0.870	0.000E+00	0	969	970	0	969	970	349M2I162M1D9M1D448M
106	6150	0.875	0.000E+00	0	969	970	0	969	970	349M2I162M1D9M1D448M
85	6138	0.872	0.000E+00	0	969	970	0	969	970	349M2I162M1D9M1D448M
38	6129	0.894	0.000E+00	0	969	970	0	968	969	415M2I105M1D448M
25	6129	0.869	0.000E+00	0	969	970	0	969	970	349M2I162M1D9M1D448M
30	6121	0.873	0.000E+00	0	969	970	0	971	972	522M1D60M1D388M
34	6120	0.870	0.000E+00	0	969	970	0	969	970	349M2I162M1D9M1D448M
24	6115	0.862	0.000E+00	0	969	970	0	969	970	349M2I162M1D9M1D448M
105	6104	0.880	0.000E+00	0	969	970	0	962	963	433M1I88M1D298M1I6M6I137M
28	6080	0.868	0.000E+00	0	969	970	0	970	971	349M2I18M1D144M1D9M1D448M
6	6076	0.866	0.000E+00	0	969	970	0	969	970	349M2I162M1D9M1D448M
27	6058	0.868	0.000E+00	0	969	970	0	969	970	349M2I162M1D9M1D448M
33	6057	0.855	0.000E+00	0	969	970	0	969	970	349M2I162M1D9M1D448M
112	6053	0.854	0.000E+00	0	969	970	0	970	971	504M1I8M1D9M1D295M1I34M1D118M
61	6016	0.847	0.000E+00	0	969	970	0	932	933	415M1I73M36I445M
39	6007	0.884	0.000E+00	0	969	970	0	964	965	521M3I312M1I35M1I97M
107	6005	0.844	0.000E+00	0	969	970	0	968	969	349M2I162M1D9M1D331M1I116M
119	5933	0.864	0.000E+00	0	969	970	0	967	968	392M2I128M1D307M7D8I133M
62	5908	0.842	0.000E+00	0	969	970	0	930	931	414M15I7M19I66M3I302M11I1M10D34M1I97M
111	5854	0.837	0.000E+00	0	969	970	0	937	938	419M33I61M1D10M1D297M1I149M
22	5715	0.813	0.000E+00	0	969	970	0	957	958	334M1I16M1I4M1I63M7I37M2I56M1D298M1I149M
131	5679	0.807	0.000E+00	0	969	970	0	895	896	415M1I72M76I287M3D119M
108	5576	0.782	0.000E+00	0	969	970	0	927	928	334M1I53M1I24M35I74M1D23M1D17M2I256M1I49M4I96M
104	5568	0.829	0.000E+00	0	969	970	0	937	938	43M32I274M2I162M1D9M1D448M
67	5565	0.741	0.000E+00	5	969	970	6	963	964	329M1I123M2I63M1D305M5I137M
32	5524	0.862	0.000E+00	42	969	970	1	928	929	307M2I162M1D9M1D448M
94	5478	0.772	0.000E+00	0	969	970	0	923	924	334M1I53M1I26M34I40M3I30M1D37M2I259M1I50M5I94M
102	5277	0.694	0.000E+00	0	969	970	0	963	964	334M1I123M2I19M6I28M1D10M1D316M1D131M
110	5165	0.854	0.000E+00	90	969	970	0	879	880	259M2I162M1D9M1D448M
118	5098	0.671	0.000E+00	0	968	970	0	977	978	338M1I69M1I39M4D50M1D14M1D10M1D9M1D46M1I180M1I13M2D47M1D24M1I11M3D114M
72	5073	0.672	0.000E+00	0	968	970	0	957	958	333M1I75M1I36M7I51M1D8M1D8M1D11M1D30M1I15M1I178M1I60M1I18M1I16M1I115M
127	5012	0.651	0.000E+00	0	968	970	43	1012	1013	334M1I74M1I33M4D61M1D8M1D8M1D11M2D30M1I17M1I178M1I58M1I18M1I35M1I96M
115	4860	0.579	0.000E+00	0	968	970	0	981	982	305M3D59M1D28M1D53M2I19M3I26M4D15M2D12M1D9M1D47M1D217M1D21M1D44M2D109M
81	4809	0.815	0.000E+00	39	882	970	7	883	885	376M2I61M1I43M1D295M2D37M33D29M
73	4783	0.622	0.000E+00	23	968	970	2	932	933	310M1I75M1I37M5I41M1I16M2I10M1D31M5I200M1I31M1I37M1D141M
16	4744	0.585	0.000E+00	0	962	970	34	972	978	304M1I20M1I39M3I23M1D21M3I23M1I25M2I36M1D14M1D6M1D12M7I22M5I6M2I179M1I103M2I102M
130	4685	0.563	0.000E+00	0	968	970	0	982	983	295M3D73M1D28M1D46M2D42M3I31M6D59M3D218M1D22M1I39M1D112M
15	4675	0.574	0.000E+00	0	962	970	36	977	983	303M1I21M1I28M4I33M1D21M3I24M1I62M1D14M1D15M6I34M7I177M1I207M
80	4664	0.650	4.349E-104	42	968	970	1	930	931	291M1I75M1I35M4D59M1D8M1D8M1D11M1D26M1D22M1I178M1I61M1I15M1I132M
68	4661	0.611	4.951E-104	3	968	970	8	900	901	8M10I7M2I381M34I20M3I7M12I3M13I10M1D7M1D11M1D26M2D22M1I179M1I57M1I25M1I125M
59	4627	0.558	3.000E-103	0	969	970	0	979	982	7M1D287M3D74M1D29M1D46M2D44M1D13M1D17M4D8M3D24M6D15M1D192M1I38M1D16M2I8M12I11M1I27M1D98M
74	4584	0.607	2.783E-102	7	957	970	1	924	926	322M1I16M1I62M1I17M1I20M4D42M12I17M2I9M3I36M1I188M2I30M1I26M3I10M3I11M1I30M1I68M2D14M
84	4565	0.632	7.446E-102	47	968	970	0	928	929	286M1I77M1I33M4D59M1D8M1D9M2D44M6D12M1I180M1I67M1I9M3I38M1D92M
56	4403	0.509	3.283E-98	0	969	970	0	930	931	267M9D6M8I59M3I64M19I22M4D64M4I10M4I35M2I226M1D23M15I43M1I91M3D4M
45	4383	0.506	9.250E-98	0	968	970	0	922	927	267M6D8M5I111M2I19M11I34M5I26M2I22M4I7M1D27M9I236M1D16M5I14M9I11M1I23M1I94M
54	4377	0.515	1.262E-97	0	969	970	0	918	923	281M1D87M1D23M2I19M11I34M5I19M3I25M8I6M1D27M9I236M1D16M5I11M10I37M1I91M1I3M
60	4375	0.515	1.400E-97	5	969	970	1	991	994	5M2D21M10D7M3D256M3D39M2I31M1D24M1D18M6I18M4D4M4D63M2D62M1D21M2D4M8D169M1I39M1D16M2I23M1I4M5I25M1D99M
3	4373	0.508	1.553E-97	0	968	970	0	881	882	268M9D5M8I58M19I9M1D41M36I25M14I24M3I18M1D31M5I21M2D210M1D15M3I4M5I11M7I34M1I94M
43	4364	0.511	2.475E-97	0	969	970	0	928	931	265M7D8M6I67M2I20M1D17M1I27M15I53M3I26M1I12M2D27M9I236M1D24M15I40M1I91M1D4M
77	4352	0.523	4.608E-97	0	969	970	0	919	925	277M1D114M1I15M8I18M8I49M1I22M2I8M4I17M9I11M2I227M1D18M6I5M4I7M7I34M1I90M1D5M
76	4349	0.518	5.383E-97	0	969	970	0	920	925	267M5D10M4I86M2I26M1I17M15I84M4I37M12I230M1D12M3I10M5I8M7I34M1I91M1I3M
52	4346	0.509	6.288E-97	0	969	970	0	904	913	267M9D6M8I52M4I31M1I44M19I50M20I6M1I16M5I32M1I232M1D29M15I35M1I95M
42	4340	0.511	8.580E-97	0	968	970	0	932	933	279M1D12M3I16M1D33M6I16M2I28M1I11M2I13M6I23M3I21M3I86M4I19M3I205M1D28M1D6M8I25M1D107M
51	4338	0.528	9.516E-97	0	967	970	0	925	932	281M1D59M1I26M2I38M5I16M6I23M5I50M4I17M7I14M1I10M3D230M1D16M5I11M10I37M1I93M
41	4336	0.515	1.055E-96	0	968	970	0	923	924	265M7D8M6I20M3I36M1I29M1I38M8I9M4I37M5I42M4I47M6I226M1D14M7I6M10I18M1I23M1I90M4D4M
44	4327	0.519	1.682E-96	0	969	970	0	882	886	268M2D10M1I53M2I7M17I9M1D45M8I12M8I42M20I6M1I14M6I33M14I9M2D210M1D12M1D11M16I40M1I95M
116	4321	0.510	2.296E-96	0	969	970	0	892	893	265M7D8M6I53M7I7M1I21M1I9M4I25M5I13M10I47M3I23M7I24M6I6M14I230M1D17M11I10M7I33M4I23M1D70M
113	4314	0.519	3.299E-96	0	964	970	0	905	915	269M7D4M6I53M7I5M1I22M1D46M8I7M7I47M1I25M7I7M3I35M5I230M1D18M3I3M15I40M5I86M
35	4310	0.505	4.058E-96	0	969	970	0	925	929	267M11D4M10I102M1I23M7I45M11I38M7I20M5I255M1D33M14I32M1I95M
109	4308	0.515	4.501E-96	0	968	970	0	914	915	281M1D65M2I20M1D45M8I11M7I45M2I29M1I8M1I17M14I239M1D29M16I34M5I87M1I2M
69	4298	0.520	7.556E-96	0	969	970	0	920	924	277M1D62M1I4M5I15M5I25M2I16M11I32M3I23M4I31M1D11M3I24M2I239M1D14M6D3M11I4M10I37M1I95M
48	4295	0.523	8.826E-96	0	968	970	0	898	899	267M7D8M6I12M2I38M1I10M5I14M1D30M4I17M7I38M8I42M8I7M5I17M7I18M8I216M1D28M18I128M
78	4292	0.517	1.031E-95	0	968	970	0	939	940	280M1D21M1I45M3I18M1D27M1I16M8I45M1I9M5I33M11I30M5D21M1I219M1D17M1I8M6I59M1D83M
50	4288	0.512	1.268E-95	0	969	970	0	904	906	267M7D6M6I64M1D24M2I22M2I14M19I35M1I12M9I20M11I9M1D27M9I236M1D12M7I9M1I9M7I34M1I95M
57	4285	0.518	1.482E-95	0	964	970	0	921	931	278M1D23M1I40M1I25M1D63M14I67M4I8M1D28M14I15M3D214M1D22M8I8M7I35M1I89M
49	4280	0.503	1.920E-95	0	969	970	0	858	862	267M9D6M8I58M19I9M1D41M36I34M18I12M7I8M6I33M14I5M2D214M1D15M1D8M16I40M1I95M
46	4270	0.509	3.222E-95	0	965	970	0	917	926	267M7D6M6I61M1I26M2I43M8I12M8I19M1I17M6I20M11I19M7I14M1I10M3D230M1D16M9I7M10I37M1I64M12D27M
23	4249	0.510	9.563E-95	0	968	970	0	934	935	279M1D22M1I30M1I11M7I42M1I13M9I15M4I42M1I4M3D28M1I58M6I11M2I209M1D33M7I30M1D102M
71	4245	0.504	1.176E-94	4	969	970	16	933	934	263M6D8M5I111M2I19M11I34M5I41M11I9M1D27M9I236M1D16M5I11M10I37M1I91M3D4M
82	4240	0.507	1.524E-94	5	964	970	30	942	947	2M1D260M7D8M6I29M1D16M4I17M2I19M1D24M1D42M11I67M4I25M15I239M1D28M10I14M7I111M
66	4231	0.500	2.429E-94	0	968	970	0	922	923	82M1D198M1D21M1I38M15I11M1I27M1I12M16I44M1D9M1D8M2I47M1D44M10I208M1D35M7I25M1D107M
83	4220	0.512	4.295E-94	0	964	970	25	942	947	4M1I2M1D261M8D6M7I20M1I24M4I28M2I32M1D20M8I7M3I51M3I31M1I8M1I10M2I34M8I216M1D28M18I30M1D94M
13	4217	0.497	5.017E-94	0	969	970	0	890	894	267M9D6M8I41M3D14M1D9M10I52M17I8M30I15M6I71M1I18M5I217M1D12M7I18M7I11M1I24M1I94M
70	4154	0.483	1.311E-92	0	967	970	0	852	858	267M7D6M6I22M1I3M17D7M14I16M27I22M2I14M36I28M12I15M18I7M1D27M9I236M1D16M5I11M10I37M1I93M
47	4153	0.492	1.381E-92	0	964	970	0	810	820	268M9D5M8I59M4I41M1I30M6I7M6I22M43I7M23I13M35I217M1D22M8I8M6I5M6I7M16I6M2I84M
65	4138	0.517	3.003E-92	7	969	970	2	876	879	296M2D60M1D62M2I11M12D19M6I11M9I11M3I45M1I9M4I5M8I8M4I174M1I36M14I11M3I9M48I93M
58	4110	0.493	1.281E-91	0	969	970	0	888	889	267M7D6M6I112M2I14M36I6M8I14M5I36M4I7M1D27M9I236M1D10M1I13M21I34M1I90M3D5M
55	3956	0.484	3.731E-88	0	969	970	0	892	893	112M1I168M1D90M2I42M8I9M8I44M3I22M8I6M1D32M2I122M1I49M1I43M24I4M1I31M21I25M1I53M1I32M3D4M
79	3863	0.492	4.613E-86	53	968	970	1	888	889	227M1D21M1I43M3I15M1D32M1I17M8I28M1I25M8I24M8I54M5D226M1D18M7I64M1D85M
103	3751	0.490	1.526E-83	26	968	970	0	885	886	49M4I8M5I7M2I170M5I15M1D23M1D26M14I42M2I31M1I53M11D47M16I17M15I5M1I82M2D128M1D54M8I113M
92	3745	0.363	2.082E-83	5	965	970	1	1083	1084	262M4D36M22D81M7D27M3D22M8D26M2I28M1D26M2D59M5D94M2D137M53D17M1D34M9D27M4D79M3D4M
117	3736	0.377	3.319E-83	0	969	970	0	995	1003	5M2D264M10D4M9I10M1I13M2I15M5D10M3I32M9I23M1I4M1I12M1I6M3I50M5I26M1I45M9D108M1D132M2D12M11D44M1D17M6D11M6D5M9D86M
128	3618	0.372	1.498E-80	2	969	970	0	875	876	3M3D263M6I5M9D21M8I22M1D16M36I45M8I22M4I16M9I24M2I15M9D1M2I14M38I86M1D127M1D12M2D24M7I31M1D95M1D6M
122	3610	0.345	2.267E-80	7	969	970	6	970	1001	261M2D35M6I26M23I11M17D5M3I5M5D52M10I15M24I22M1D36M1D24M2I19M4I77M1D119M1D9M1D12M4D6M17D18M17D28M10D13M1D74M4I20M
8	3494	0.349	9.225E-78	0	969	970	0	1015	1016	5M2D262M14D68M1D33M8I26M4D37M2D37M3D23M2D21M2D66M3I81M2D122M1D15M12D62M4D14M5D2M1D74M2D11M
101	3444	0.370	1.230E-76	5	961	970	20	928	936	260M6I20M3I23M1I5M2I34M23I45M7I39M10I36M1I34M2I16M1D22M3D57M2D104M11D40M1D14M7I17M4I12M3I34M3D76M
18	3428	0.314	2.816E-76	5	965	970	1	1247	1248	261M5D103M12D17M2D27M1D26M7D28M2D9M5D27M2D53M23D24M3D73M1I12M1D142M202D25M11D4M3D31M6D91M2D7M
126	3278	0.346	6.669E-73	0	964	970	3	807	808	6M1D96M2I165M8D4M9I18M7I26M8I5M14I3M21I39M11I30M7I17M91I7M7D133M1I35M2I33M3I14M1D12M1D42M1I23M1D35M1I2M1I41M
91	3224	0.330	1.093E-71	5	969	970	9	786	788	99M1D163M15D15M31I9M63I14M7I28M6I38M8I32M61I8M2I64M2I10M4D5M2I79M6I37M1I14M10I17M11I38M3I34M2D17M4D31M
114	3221	0.356	1.277E-71	5	961	970	5	922	929	215M1D49M5I18M2I48M1I20M21I69M2D56M1I34M1I8M3I27M4D4M4I60M2D85M5I11M3D43M1D12M6D26M6I12M11I23M2D77M
100	3218	0.324	1.492E-71	0	969	970	0	801	806	3M1I268M10I13M17I33M5I7M50I56M5I7M16I19M19I13M31I14M2I76M1D5M1D81M2D40M3D20M5I21M18I30M1I43M1D23M4D18M
98	3138	0.316	9.407E-70	5	969	970	13	774	776	101M1D160M10D7M3I10M15I31M26I5M37I23M27I11M1I5M24I15M4I20M49I73M2I11M1D5M1D76M3I6M4I35M1I14M5I8M6I43M14I2M1I32M2D22M4D28M
124	3108	0.330	4.450E-69	5	963	970	1	712	713	258M3D2M8D3M12D11M18I31M41I6M102I10M6I9M10I19M51I5M2I40M1D22M1I18M2D82M1I32M1I22M2I7M28I27M10I42M1D6M1I33M
97	3086	0.325	1.391E-68	1	969	970	22	784	786	105M1D160M9D12M1I8M116I31M16I10M23I18M3I11M5I19M2I24M17I6M2I61M3I11M1D5M1D84M6I36M1I11M3D17M8I15M5I18M16I36M1D16M2D31M
7	3063	0.314	4.578E-68	5	969	970	8	822	857	98M1D174M5I19M18I20M15I10M50I15M20I10M11I54M11I25M7I20M2I39M2D43M3D46M2I17M1D21M6I35M1I38M2I5M8I26M4I38M2D38M3D12M
89	3054	0.310	7.296E-68	0	969	970	0	759	777	5M2D99M1D165M16I8M25I15M79I3M3D15M10I5M4I17M19I17M24I16M1I15M7I4M15I3M2I39M2D39M4D3M2I47M2I16M1D13M7I37M2I11M13I11M1I16M2I74M2D37M6D9M
0	3053	0.319	7.684E-68	5	969	970	13	752	754	101M1D161M18D10M127I30M16I9M34I24M33I9M9I17M4D3M2I61M3I11M1D5M1D78M1I6M4I35M1I13M4D7M18I14M5I31M5I30M2D21M2D31M
10	3049	0.311	9.453E-68	5	969	970	26	782	784	101M1D159M15D13M125I20M3I26M16I6M15I31M1I13M15I16M17I6M2I62M2I11M4D5M2I80M6I36M1I16M9I11M6I38M12I33M2D21M2D29M
120	3042	0.327	1.359E-67	0	969	970	0	760	764	4M2D98M2I164M5D17M7I39M58I38M14I14M8I23M3D2M7I9M29I7M32I4M5I6M4I33M2D39M1D7M1D49M2I15M2D2M1I49M5I19M15I9M24I9M12I6M1I35M1I43M2D3M
63	3038	0.312	1.671E-67	5	969	970	7	770	778	96M1D171M149I38M7I14M21I52M9I13M7I5M2I39M2D39M4D2M2I46M2I20M1D11M7I27M2I31M16I10M6I39M2D31M4D3M2I38M17D8M
40	3034	0.312	2.056E-67	0	969	970	0	757	776	5M1D99M1D164M69I9M21I7M7I6M23I4M3D16M10I20M23I19M24I20M3I5M19I13M3I39M2D39M4D3M2I45M2I18M1D13M7I38M2I10M1I35M15I66M2D38M5D8M
88	3031	0.301	2.402E-67	5	969	970	7	752	770	268M10I6M38I14M32I5M7I30M3I15M16I18M37I13M61I9M2I39M2D39M4D3M2I47M2I18M1D8M2I7M5I32M2I12M4I4M10I52M2I45M2D38M7D8M
20	3029	0.301	2.664E-67	0	969	970	0	754	772	5M2D274M7D11M84I12M1I12M7I15M18I28M27I16M72I5M2I39M2D39M4D3M2I45M2I17M1D25M7I24M1I5M1I10M5I16M9I38M2I42M2D41M7D8M
96	3020	0.321	4.246E-67	5	967	970	38	944	948	30M5I225M14D16M9I44M14I18M30I6M5I44M2I30M33D1M3I14M1I40M11I9M4I19M3D5M1D60M4I11M4D5M2I48M1I32M1I38M1D20M12I7M6I32M4I12M3I74M5D6M
87	3016	0.324	5.223E-67	5	969	970	7	750	770	96M1D170M23I6M70I5M6I1M18I3M32I30M1I8M3I7M30I39M9I10M6I7M5I38M2D42M2D47M2I17M1D11M2I11M5I21M2I24M5I13M7I13M1I6M9I18M2D36M2D42M5D8M
95	2981	0.312	3.201E-66	5	969	970	1	715	720	98M2I162M9D1M15I9M16I20M87I16M85I46M2I8M7I5M4D6M2I32M2D44M2D51M2I16M1D51M5I14M34I36M8I2M1I35M1I38M1I7M
37	2974	0.308	4.600E-66	2	969	970	0	810	829	13M2D144M1I105M16D4M22I10M25I8M59I7M15I9M21I12M9I14M24D23M7I18M10I9M1I19M1D20M2I39M2D37M1D5M1D49M2I15M1D14M1I12M2I25M3I16M3D13M16I32M14I38M2D48M
1	2965	0.303	7.332E-66	0	969	970	0	786	787	265M5D28M133I20M5I15M20I31M46I24M1I26M1D13M2D38M1D5M1D49M2I16M2D14M2I9M6I17M2I9M2D15M14I27M2I33M1I30M1D6M2D9M7D6M8D2M3D21M16D8M
2	2914	0.299	1.029E-64	3	965	970	8	780	781	99M1I58M1I112M4I19M137I33M1I9M6I19M1I16M10I32M18I46M1D43M3D49M1D11M1D6M4D62M5D22M37I20M3I9M1I32M3D11M5D12M3D16M4D7M
36	2908	0.310	1.404E-64	2	969	970	0	810	829	12M2D145M1I105M16D4M22I10M25I8M59I7M15I19M3I19M16D3M19I36M1I8M4I42M9I8M5I37M2D37M1D5M1D49M2I16M1D13M1I12M2I25M3I15M5D4M2I8M14I14M2I18M14I35M4D3M2I46M
14	2906	0.314	1.558E-64	5	965	970	85	885	886	104M25I5M3I72M1D53M6D7M7I23M4I24M8I26M30I39M2I12M2I9M5I10M12I61M5I13M16I5M2I76M1D5M1D128M1I25M42I9M6I4M1D81M
125	2894	0.306	2.900E-64	3	958	970	25	805	813	264M1D4M2D21M11I33M22I10M10D63M4I28M20I24M85I58M10I3M3I127M1I10M1D14M17I3M5I1M11I104M
123	2770	0.423	1.786E-61	44	772	970	0	713	715	230M3I11M3I76M8I3M1I40M3D57M7D25M1I16M12I207M1D17M2D19M
21	2736	0.358	1.039E-60	5	810	970	4	700	745	209M1D51M7D10M6I10M31I18M1I7M4I11M29I58M2D25M13I26M1I33M29I10M2I76M1D5M1D72M1I10M1I40M3I14M
121	2492	0.308	3.205E-55	11	830	970	1	617	619	256M15D6M8I17M6I7M1I23M26I14M51I8M35I14M87I21M1I22M1D11M2D43M2D51M2I13M2D17M2I9M3I18M7I8M4D33M
12	2439	0.319	4.989E-54	5	851	970	2	673	675	260M7D13M4I24M107I39M2I6M8I10M26I5M5I33M15I25M2I27M1I7M2D35M1D7M1I3M2I45M2I15M1D16M2I36M9I55M
9	2337	0.273	9.832E-52	5	969	970	7	620	639	96M1D173M135I7M3I23M21I17M3D3M97I10M5I3M5I3M66I45M2I17M1D14M2I4M5I25M2I21M15I20M7I37M2D32M2D42M5D8M
11	2159	0.295	9.928E-48	0	816	970	0	581	596	42M32I200M98I7M27I29M14I11M27I14M28I20M4I32M4I25M1D10M2D41M1D5M1D49M2I17M2D13M2I8M3I21M6I6M3D10M2D10M
19	1741	0.207	2.513E-38	2	968	970	9	734	735	30M1D17M2D44M1I9M1I44M1D11M5D4M8D20M1I3M3D27M2D51M12D8M64I4M40I7M77I9M12I9M2I9M9I5M3I21M18I17M3I5M4I12M2D6M2D47M1I4M1D14M2D80M4D52M1I6M23I46M7I5M19I17M1D8M1I29M
90	1323	0.156	6.359E-29	0	960	970	0	691	697	4M1I2M1D25M1I15M5I49M1I43M5D17M1I21M1I29M12I3M1I34M3D4M26D5M28I42M11I5M50I5M17I20M9I8M117I2M9I26M2I5M1I7M2D6M1I5M3D18M6D3M2I31M1I3M5D7M3I20M2D17M14I25M3I20M10I7M6I4M17I30M1I4M1I10M1D12M1D11M1D14M1D17M
4	1244	0.173	3.807E-27	5	964	970	4	687	688	44M4I49M1I41M3D5M2D14M1I22M1I22M4D10M12I40M17I23M3I9M2I15M10I8M11I5M28I20M20I19M55I11M15I5M11I11M9I47M3I14M3D2M1D8M2I11M5D8M3I5M5D4M1D23M2D7M2D3M3I16M2D15M8I13M4I8M6I6M10I4M66I8M1I1M1I9M3I3M2I15M3D23M3D22M
129	1165	0.167	2.279E-25	10	960	970	0	650	656	3M1D1M1I16M1I11M35I3M2D4M1D17M1I43M3D4M2D13M1I18M1I33M13I36M9D15M85I9M8D5M48I4M8I10M2I9M26I8M11I14M43I13M4I9M6I29M2I5M1I7M2D6M1D6M1D9M3D14M1D32M1I2M5D10M3I17M2D17M14I16M3I27M25I47M1I7M4I4M2I2M2I14M1D6M1D13M1D19M
99	957	0.271	1.089E-20	5	349	970	17	361	450	8M1D1M1I16M1I16M5I49M1I41M3D3M1D14M1I23M1I24M2D12M12I34M16D53M1I28M
17	796	0.164	4.557E-17	9	897	970	3	909	985	21M2I26M3I14M1I4M1D26M1I38M2D3M1D15M2I6M11D17M1I18M12D8M8D3M7D7M4I30M20D2M3I61M3D21M10D49M7D6M1D77M1I31M14D4M11D11M2D25M5D8M2D28M4I9M6D9M5I3M4I11M23I15M1I7M5D3M8D17M57I6M1I47M2D23M3I49M4I11M
93	680	0.145	1.854E-14	11	606	970	13	774	803	32M3D8M10I32M1I11M1I39M3D3M4D12M3I20M2D29M4I6M2I6M20D31M9D22M21D65M105D23M1D28M4D55M2D29M8D12M4D4M4D41M1D32M1D13M5I17M
 