78	6756	1.00	0.000E+00	0	939	940	0	939	940	940M
79	5696	0.945	0.000E+00	53	939	940	1	888	889	504M1D383M
42	5653	0.817	0.000E+00	0	939	940	0	932	933	299M1I51M6I147M1D13M4D24M2I17M3I225M2D6M2I144M
23	5581	0.790	0.000E+00	0	939	940	0	934	935	348M6I163M5D28M2I17M2I374M
66	5388	0.757	0.000E+00	0	939	940	0	922	923	82M1D266M14I155M2D24M2I17M4I224M2D6M2I144M
48	5079	0.699	0.000E+00	0	939	940	0	898	899	267M10D4M10I13M1I54M3I37M3I18M1D37M3I11M1D23M4I17M4I17M13I252M2D3M9I4M4I41M1I87M
76	5079	0.711	0.000E+00	0	938	940	0	919	925	267M8D4M8I15M1D115M1D12M4I24M1D12M1D53M7I29M2I242M3I11M5I31M2I93M
54	5072	0.705	0.000E+00	0	939	940	0	918	923	294M1D60M3D27M1I27M1D7M4I41M1D21M7I28M5I263M4I20M4I31M2I94M
109	5023	0.687	0.000E+00	0	938	940	0	914	915	294M1D49M1D44M1D22M1D7M4I26M1D15M1D21M1D21M6I10M8I29M3I7M5D227M9I43M6I88M
57	5020	0.701	0.000E+00	0	939	940	0	930	931	348M2D34M1D27M1D8M4I5M1D24M3D12M1I42M2I13M6I15M2I18M2I3M5D222M4I17M4I31M2I90M5D4M
51	5013	0.693	0.000E+00	0	938	940	0	925	932	268M8D3M8I15M1D50M1I36M1D28M1D7M4I41M1D45M6I14M1I40M5D221M3I17M5I31M2I93M
41	5000	0.679	0.000E+00	0	937	940	0	923	924	266M10D3M10I16M2I32M1I13M1D41M1D24M1D10M5I40M1D41M5D14M6I21M2I236M11I50M2I86M6D6M
82	4986	0.693	0.000E+00	5	939	940	30	946	947	2M1D260M10D4M10I13M2D50M3I43M2D20M1D38M1D13M1D54M1I24M8I11M2D2M5I222M10I14M1I127M
83	4979	0.700	0.000E+00	7	939	940	32	946	947	260M11D3M11I65M4I36M2D20M1D40M1D15M1D57M11I12M2D8M1D238M5I8M2I7M4I127M
50	4977	0.686	0.000E+00	0	938	940	0	902	906	267M10D2M10I15M1D50M1D37M1I27M1D7M4I31M19I44M10I43M5D217M6I15M2I37M2I93M
77	4977	0.687	0.000E+00	0	938	940	0	916	925	294M1D56M2D58M1D9M4I16M1D29M1D47M10I13M2I245M3I2M2I16M5I34M2I92M
45	4977	0.694	0.000E+00	0	939	940	0	922	927	267M8D4M8I15M1D49M2D38M1I27M1D7M4I22M1I74M5I263M4I20M4I31M2I94M
56	4977	0.685	0.000E+00	0	939	940	0	926	931	267M10D2M10I15M1D28M2I16M1D41M1D27M1D8M4I22M2I19M4D37M1I27M4I28M3I4M5D219M1I15M7I36M2I93M
113	4968	0.688	0.000E+00	0	935	940	0	905	915	294M1D50M5I43M1D14M1D11M4I28M1D13M1D14M4I22M2I16M1I37M6I2M4D223M4I13M7I31M6I86M
69	4961	0.686	0.000E+00	0	939	940	0	919	924	267M8D4M8I15M1D44M9I45M1I25M3I21M3D39M1D47M4I28M3I3M5D221M2D7M10I40M2I94M
43	4948	0.703	0.000E+00	0	938	940	0	925	931	266M10D3M10I17M1D48M1D74M3I28M1D12M1D44M3D25M7I249M5I5M1I8M2I37M2I93M
46	4935	0.676	0.000E+00	0	936	940	0	917	926	268M8D3M8I15M1D50M1I36M1D28M1D7M4I17M13I56M6I14M1I40M5D215M2I10M5I7M5I33M2I64M12D27M
71	4929	0.686	0.000E+00	4	936	940	16	926	934	262M10D3M10I15M1D49M2D38M1I27M1D7M4I22M1I6M1I13M3D19M7I25M10I29M1D12M4D219M6I15M2I37M2I91M
13	4921	0.681	0.000E+00	0	939	940	0	889	894	267M10D2M10I15M1D43M4I45M1D22M1D5M7I22M6I8M2I24M7I11M1I18M10I15M6I254M8I33M2I93M
52	4921	0.665	0.000E+00	0	939	940	0	903	913	267M4I10D5M6I21M1D42M3I39M1D29M3I26M3I15M1D13M4I8M1I12M4I12M16I33M5D219M4I20M4I31M2I94M
3	4900	0.674	0.000E+00	0	939	940	0	881	882	267M4I10D5M6I12M1D34M15I9M1I35M1D21M1D7M4I38M1D18M4I8M1I11M1I12M20I29M6I215M3I6M3I10M2I37M2I94M
44	4897	0.681	0.000E+00	0	939	940	0	881	886	266M6D10M6I12M1D34M4I8M9I4M3I32M1D21M1D7M4I38M1D18M4I8M1I11M1I12M20I29M6I217M3I4M3I10M2I37M2I94M
35	4884	0.676	0.000E+00	0	937	940	0	922	929	266M12D1M12I15M1D42M1D8M1D74M3I21M2I17M1D23M3I72M3D2M5I222M5I18M2I31M2I92M
49	4866	0.672	0.000E+00	0	939	940	0	857	862	267M4I10D5M6I12M1D34M15I9M1I35M1D21M1D7M4I29M23I4M4I8M1I11M1I12M20I29M6I215M3I20M5I33M2I94M
70	4803	0.656	0.000E+00	0	938	940	0	852	858	267M10D2M10I15M36I13M14D38M1I27M1D7M4I24M10I10M2I11M24I3M1I20M13I245M3I22M5I31M2I93M
116	4777	0.668	0.000E+00	0	939	940	0	891	893	266M10D3M10I21M1D49M7I27M3I20M1D11M4I42M2D13M3I48M18I14M3D2M5I221M2I9M5I6M4I17M1D14M6I21M1D69M
58	4753	0.671	0.000E+00	0	939	940	0	884	889	267M10D2M10I15M1D49M2D38M1I27M1D7M4I6M5D5M8I10M22I11M7I25M10I29M1D13M4D232M15I31M2I94M
130	4706	0.622	0.000E+00	0	939	940	0	982	983	280M1I17M4D45M3D50M2D11M8D23M6D18M2D65M8D31M5D242M6D157M
47	4593	0.632	0.000E+00	0	935	940	0	810	820	267M11D1M11I23M1D42M2I76M53I13M15I12M12I8M9I14M2D3M5I220M5D8M9I6M4I11M11I6M10I5M3I77M
55	4468	0.623	4.349E-104	0	939	940	0	888	893	112M1I181M1D54M2D21M2I12M1D27M1D6M4I19M3I12M2I7M11D1M8I19M4I26M2D135M1I48M1I44M35I23M5I38M2I51M1I35M
115	4455	0.559	8.784E-104	0	939	940	0	981	982	280M1I12M4D48M3D51M2D12M5D14M2D9M3D13M1I28M4D13M1D13M5D16M1D55M5D217M2D27M6D26M1D104M
59	4403	0.553	1.462E-102	0	934	940	0	973	982	6M1D274M1I12M4D37M2D19M1D45M2D15M8D4M2D11M4D22M1D12M1D7M4D17M1D44M13D40M5D165M1I54M2I7M5I10M1I124M
33	4373	0.516	7.404E-102	0	939	940	0	968	970	280M1I21M1D45M1D18M1I27M1D28M7D39M7D7M3D101M6D203M1I14M10D8M3I59M1I83M
112	4368	0.511	9.703E-102	0	939	940	0	969	971	280M1I21M1D41M3D22M1I23M1D32M2I23M2D24M11D20M2D48M3D30M6D200M1I20M1D7M2D26M4D34M1I83M
111	4354	0.528	2.069E-101	0	939	940	0	936	938	280M1I21M1D41M3D22M1I27M1D16M2I29M1D50M2I30M3D14M3I20M7I205M1I11M9D11M3I59M1I83M
25	4350	0.515	2.568E-101	0	939	940	0	968	970	280M1I21M1D26M1D37M1I27M1D77M17D80M1D16M5D205M1I12M3D23M4D49M1I83M
27	4348	0.517	2.861E-101	0	939	940	0	968	970	280M1I21M1D26M1D37M1I27M1D20M5D51M12D104M6D203M1I12M3D29M4D43M1I83M
31	4346	0.527	3.188E-101	0	939	940	0	968	970	280M1I21M1D26M1D37M1I27M1D20M8D41M5D7M1D40M3D67M6D203M1I11M2D19M5D54M1I83M
72	4344	0.528	3.552E-101	0	939	940	0	957	958	280M1I19M1D38M1D10M1D11M1I34M1D10M3I42M2D14M10D17M2I43M3D41M5D165M1I39M1I11M8D6M1I21M2I10M1I9M1I106M
6	4343	0.525	3.750E-101	0	939	940	0	968	970	280M1I21M1D26M1D37M1I27M1D28M1D2M7D17M3D21M3D40M3D65M6D205M1I12M3D23M4D49M1I83M
24	4343	0.520	3.750E-101	0	939	940	0	968	970	280M1I21M1D45M1D18M1I27M1D16M8D34M12D6M12D77M1D10M3I10M2I10M5I205M1I16M2D16M5D52M1I83M
118	4334	0.526	6.100E-101	0	939	940	0	977	978	280M1I21M1D43M1D49M1D13M7D50M5D6M5D18M1D22M1D10M2D55M6D161M1I20M2D21M1I14M4D35M6D35M1I83M
28	4331	0.523	7.175E-101	0	939	940	0	969	971	280M1I21M1D26M1D65M1D17M8D30M3D22M6D106M6D203M1I12M3D29M4D43M1I83M
30	4331	0.513	7.175E-101	0	939	940	0	970	972	280M1I21M1D41M3D22M1I27M1D27M2I28M2D20M17D25M1D71M5D205M1I12M3D12M4D60M1I83M
5	4327	0.520	8.907E-101	0	939	940	0	968	970	280M1I21M1D26M1D37M1I27M1D17M8D30M1I23M10D104M6D203M1I12M3D23M4D48M1I84M
86	4326	0.515	9.402E-101	0	939	940	0	968	970	280M1I21M1D26M1D37M1I27M1D16M8D29M6D29M3D101M6D203M1I11M10D18M3I52M1I83M
38	4325	0.514	9.925E-101	0	939	940	0	967	969	280M1I21M1D41M3D22M1I28M1D15M6D31M1D20M17D77M9I20M5D205M1I26M7D38M2I16M1D86M
61	4324	0.528	1.048E-100	0	939	940	0	931	933	280M1I21M1D41M3D22M1I24M1D20M12I8M2I8M4D13M1D96M12I5M5D205M1I11M8D5M1I67M1I83M
29	4321	0.521	1.232E-100	0	939	940	0	968	970	280M1I21M1D26M1D37M1I27M1D77M11D32M1I1M7D64M6D203M1I12M3D23M4D49M1I83M
39	4308	0.514	2.489E-100	0	939	940	0	963	965	280M1I21M1D34M3D29M1I23M1D32M2I23M6I24M19D10M1D82M6D203M1I35M6D29M2I102M
107	4303	0.510	3.261E-100	0	938	940	0	968	969	280M1I21M1D53M1D10M1I18M1D37M1I28M1D20M17D74M1D22M5D205M1I12M1D15M6D24M1I32M1I76M2D6M
85	4301	0.515	3.634E-100	0	939	940	0	968	970	280M1I21M1D49M1D14M1I27M1D77M17D98M6D203M1I11M2D19M5D54M1I83M
67	4295	0.509	5.026E-100	5	939	940	6	962	964	275M1I21M1D41M1D5M1D17M1I23M1D38M2D42M7D57M4D21M1D21M6D203M1I16M2D68M1I83M
62	4290	0.520	6.587E-100	0	939	940	0	929	931	280M1I21M1D34M3D29M1I23M1D17M3D15M4I9M20D30M6I16M19I31M3I11M12I4M5D205M1I14M4I18M10D28M2I102M
105	4288	0.523	7.339E-100	0	939	940	0	961	963	280M1I21M1D44M3D19M1I23M1D34M7D31M1D7M5D53M2D45M1D7M5D205M1I69M1I98M
106	4285	0.522	8.631E-100	0	939	940	0	968	970	280M1I21M1D45M1D18M1I27M1D30M8D17M3I14M7I6M13D25M2D32M4D39M6D200M1I16M2D19M5D54M1I83M
22	4284	0.500	9.111E-100	0	939	940	0	956	958	280M1I12M1D72M1I26M1D18M1D27M3I21M19D54M11I20M2D20M5D205M1I12M6D72M1I83M
53	4276	0.523	1.404E-99	0	939	940	0	962	964	280M1I21M1D41M3D22M1I27M1D16M8D45M1D9M5D4M3I27M2I5M1D62M5D205M1I14M7D58M1I95M
26	4276	0.522	1.404E-99	0	938	940	0	967	970	280M1I21M1D26M1D37M1I27M1D17M8D30M3D23M6D105M6D203M1I12M3D23M4D49M1I82M
119	4275	0.504	1.482E-99	0	939	940	0	966	968	280M1I21M1D53M1D9M1D25M1I31M1I46M15D53M1D25M1D22M6D203M1I17M1D11M14D9M9I38M1I83M
16	4275	0.542	1.482E-99	5	938	940	39	977	978	275M1I72M1I11M1I23M2D21M2D5M3D13M3D39M3D92M7I165M1I39M1I11M7D57M2I14M1I82M
127	4265	0.532	2.545E-99	0	939	940	43	1012	1013	280M1I19M1D38M1D10M1D17M1I28M1D10M2D4M5D49M5D6M8D15M2I55M2D33M7D163M1I39M1I14M8D3M1I11M2I20M1I11M1I104M
34	4262	0.515	2.994E-99	0	939	940	0	968	970	280M1I21M1D26M1D37M1I27M1D11M5D4M3D35M6D24M3D83M1D16M5D205M1I11M9D17M2I54M1I83M
75	4257	0.515	3.923E-99	0	939	940	0	968	970	280M1I21M1D41M3D22M1I27M1D16M8D45M1D9M5D28M1D77M6D203M1I16M2D19M5D49M1I83M
131	4249	0.526	6.046E-99	0	939	940	0	894	896	280M1I21M1D41M3D22M1I24M1D20M12I8M2I17M30I7M3I8M12I18M9D8M1D15M7I214M1I12M3D40M7D32M1I83M
64	4242	0.514	8.829E-99	0	939	940	0	966	968	280M1I21M1D41M3D22M1I24M1D19M7D29M1D25M5D19M2I33M2D27M1D22M5D205M1I12M3D13M4D59M1I83M
94	4233	0.501	1.436E-98	0	939	940	0	922	924	280M1I21M1D39M2D24M1I40M5I16M2D12M10D13M12I16M14I30M3I39M5D202M1I14M2D13M4D47M6I91M
108	4232	0.507	1.516E-98	0	939	940	0	926	928	280M1I21M1D63M1D47M1D22M11D8M5I26M11I52M3I19M7I206M1I17M1D6M4D19M1D32M5I89M
15	4201	0.531	8.105E-98	2	938	940	38	982	983	278M1I55M1I16M1I11M1I23M2D21M5D17M3D10M2I19M1I5M8D26M3D28M4I40M6I163M1I39M1I14M3D25M4D45M1I82M
68	4191	0.511	1.392E-97	1	939	940	6	900	901	10M10I7M2I250M1I10M1D32M2D71M1D12M5I8M5I17M2I20M3I21M19I54M3I169M1I38M1I11M9D10M2I16M2I20M1I106M
60	4191	0.515	1.392E-97	5	939	940	1	990	994	10M2D16M10D7M3D242M1I11M4D55M1D45M2D16M2D14M12D15M2D28M4D17M1D38M7D14M1D30M9D2M2I163M1I53M2I24M1D129M
73	4114	0.533	8.950E-96	23	939	940	2	932	933	257M1I19M1D36M3D12M1I10M1I27M1D18M7D21M2I35M6D12M4I12M2I33M4I19M1D17M6D163M1I40M2I16M2D15M6D33M1I103M
102	4057	0.493	1.952E-94	0	939	940	0	962	964	276M1I17M1D47M3D9M1I14M1I23M1D15M8D25M5D63M1D70M3D4M2I203M1I16M2D8M1D20M5D33M1I90M
65	4056	0.518	2.060E-94	7	938	940	2	874	879	273M1I16M3D41M3D50M1D21M23I25M10D5M5I14M1D9M5D50M1D13M2D13M5D165M1I36M61I21M1D89M
74	3963	0.527	3.147E-92	7	908	940	1	902	926	273M1I19M1D28M1D31M1I27M1D22M1D8M5I11M1D20M1I19M18D17M2I28M13I33M6D165M2I34M2I18M4D12M3I8M1I15M1I29M1I52M
80	3899	0.522	1.002E-90	42	939	940	1	930	931	238M1I13M1D37M1D17M1D17M1I28M1D10M2D4M5D18M8D12M2D29M3D16M1D6M1D30M1I48M7D164M1I38M1I16M2D13M3D42M1I96M
104	3886	0.488	2.024E-90	0	938	940	0	937	938	44M32I204M1I21M1D45M1D18M1I27M1D16M8D45M5D7M1D6M3D101M6D203M1I11M2D26M5D47M1I76M2D6M
32	3880	0.506	2.800E-90	42	939	940	1	927	929	238M1I21M1D26M1D37M1I27M1D77M17D80M1D16M5D205M1I12M2D18M5D54M1I83M
84	3856	0.509	1.025E-89	47	939	940	0	928	929	233M1I19M1D35M1D13M1D17M1I28M1D10M2D4M5D18M8D10M1D2M1D29M3D14M1D6M5D58M4D11M2I8M5D165M1I39M1I12M1D48M3D11M1I96M
128	3691	0.402	7.684E-86	0	938	940	0	875	876	5M1D264M1D6M7I8D41M1D15M5I45M11I11M4I16M10I13M18I12M16I20M12I6M9D25M6I70M1I7M2D152M3D58M1I77M3D5M
117	3665	0.402	3.134E-85	0	939	940	2	994	1003	268M11D3M11I32M2I9M5D97M6D10M3D49M2D21M4I55M2I3M4D80M1D122M1D17M3D3M3D9M4D9M14D48M15D86M
92	3627	0.391	2.446E-84	5	936	940	1	1083	1084	263M6D40M16D14M1D44M5D15M4D33M5D24M13D66M1I16M1D6M2D40M22D78M2D126M1I10M50D31M2D27M16D16M5D77M3D4M
101	3542	0.379	2.425E-82	0	932	940	16	928	936	2M1I262M1I10M6I11M2I22M1I7M5I12M4I12M1I8M3I20M1I28M8I54M3I57M3D21M5D65M2D102M11D64M1I8M1I28M2I12M1I87M
122	3517	0.364	9.371E-82	7	939	940	6	971	1001	267M1D15M1D49M25D12M11I65M8I18M2I20M1I12M7I9M1I14M15I27M4I81M1D117M1D37M1D18M36D12M18D87M2D13M4I7M
8	3512	0.374	1.228E-81	4	939	940	6	1013	1016	266M11D3M9I15M1D28M1I64M4D17M2D15M11D26M8D16M4D10M2D14M4D12M1D48M3D80M2I15M4D138M21D32M4D39M3D76M1D10M
110	3496	0.483	2.917E-81	90	939	940	0	878	880	190M1I21M1D45M1D18M1I27M1D28M2I24M2D23M11D31M2D26M4D39M6D205M1I12M1D16M6D56M1I83M
103	3391	0.430	8.526E-79	26	939	940	0	885	886	49M4I8M5I8M2I164M2I10M4I19M3D41M9I6M3I59M12I31M4I11M9I11M19D69M4D76M2D150M2I146M
18	3371	0.327	2.514E-78	5	938	940	1	1247	1248	273M4D30M1I35M16D94M13D15M1D21M4D26M4D67M45D63M1I14M1D126M1I20M5D4M11D8M108D6M69D9M14D10M3D11M5D11M13D88M
126	3308	0.340	7.584E-77	6	935	940	10	807	808	96M2I166M8D2M10I11M2I7M4I21M10I35M1D28M23I18M64I14M29I11M9D2M5I129M1I35M2I29M4I19M2D13M1D19M3I34M8D37M1I2M1I41M
81	3291	0.473	1.902E-76	39	853	940	7	879	885	241M1I21M1D41M3D22M1I28M1D27M6D17M1D24M4D54M2D34M1D16M5D205M1I12M3D11M6D29M28D30M
114	3273	0.366	5.033E-76	5	932	940	5	922	929	215M1D56M6I13M1I20M1I31M1I30M1I26M3I7M6I43M1D39M1I11M5D32M6D77M2D87M5I17M3D43M1I7M2D17M10I44M6D77M
100	3240	0.354	2.998E-75	4	939	940	3	801	806	268M11I10M24I7M11I28M25I19M12I13M2I5M1I13M2I6M33I25M2I5M3I32M5I78M1D2M1D81M2D45M2D15M2I11M5I9M9I32M2I49M1D27M5D7M
91	3210	0.345	1.518E-74	4	939	940	8	785	788	101M1D160M18D3M15I6M19I9M10I21M6I3M4I6M2I23M3I11M23I24M50I17M9I6M17I13M1D64M2I10M1D5M1D81M3I3M3I33M2I28M7I10M4I5M6I28M1I33M2D17M4D30M
98	3149	0.331	4.110E-73	1	938	940	9	775	776	104M1D161M14D5M8I9M8I16M6I8M25I34M1I12M5I14M30I11M47I13M36I75M2I13M1D2M1D74M1I7M6I35M2I14M2I13M6I5M8I35M3I1M1I32M2D19M4D26M3D3M
124	3105	0.353	4.438E-72	5	934	940	1	712	713	257M3D11M53I3M12D9M16I10M11I12M7I11M11D12M17I13M101I13M4I38M1D24M1I18M2D86M1I28M2I27M6I18M28I53M1D6M1I33M
40	3074	0.339	2.372E-71	0	939	940	1	758	776	104M1D173M7D11M2I9M28I31M40I7M4I20M5I6M25I15M78I46M2D37M3D4M1I47M2I18M1D13M7I26M3I45M11I18M1D55M2D42M7D7M
97	3074	0.329	2.372E-71	1	939	940	22	783	786	104M1D160M16D6M9I9M2I48M2I15M48I15M4I7M78I12M3I12M16I10M6I61M3I13M1D2M1D81M6I36M2I14M5D8M13I5M7I37M5I34M1D17M2D29M
7	3072	0.345	2.643E-71	0	939	940	2	824	857	5M1D98M1D174M20I7M13I36M4I5M2I54M2D6M5I12M1I13M53I8M10I19M3I13M6I37M2D43M3D46M2I17M1D20M6I34M2I12M8I37M2I26M2D32M2D42M6D7M
89	3067	0.331	3.464E-71	3	939	940	5	759	777	101M1D165M17I13M46I60M4I30M30I3M67I15M11I39M2D37M3D4M1I49M2I16M1D13M7I29M3I35M10I81M2D42M7D7M
95	3051	0.341	8.228E-71	5	939	940	1	716	720	97M2I161M10D2M17I20M15I19M8I21M6I6M13I28M24I7M103I7M7I6D37M2D39M2D51M2I16M1D51M6I13M11I4M6I10M2I24M17I1M1I32M1I41M1D7M
1	3049	0.335	9.168E-71	0	939	940	0	775	787	265M6D5M15I3M31I6M2I14M6I4M20I25M16I7M6I17M65I6M16I10M1I24M4I22M1D14M2D39M1D3M1D45M1I4M1I16M2D14M2I4M1D17M4I11M4I38M8I11M1D29M4I32M1D4M2D5M7D10M11D20M6D10M
120	3047	0.352	1.022E-70	0	939	940	2	757	764	102M2I162M10D1M17I12M55I22M26I21M2I6M4I3M9I28M2I12M17I16M9I7M4D26M5I39M2D34M1D7M1D47M2I18M1D49M4I6M2I11M2I5M3I6M29I14M11I3M1I32M1I48M
20	3019	0.327	4.643E-70	4	938	940	6	752	772	263M90I12M7D9M8D8M6I13M54I10M2I4M33I27M3I8M3I12M4I39M2D37M3D4M1I47M2I17M1D14M7I26M3I22M4I13M4I19M1I31M1I34M2D42M7D6M
87	3018	0.337	4.901E-70	1	939	940	3	750	770	100M1D166M1D12M4D16M1I22M26I19M97I14M30I12M24I21M6I37M2D42M2D47M2I17M1D14M7I29M2I11M1I8M4I13M4I12M6I68M2D42M6D7M
96	3018	0.316	4.901E-70	5	939	940	38	941	948	30M5I225M19D14M10I36M1I16M1I39M4I33M20I13M35D4M20I23M6I57M4D67M4I14M2D49M1I34M3D19M4I31M2D16M20I37M1I74M1D7M
63	3013	0.342	6.422E-70	3	939	940	5	753	778	98M1D168M2I27M2D24M22I7M33I8M19I7M22I16M33I3M15I10M23I21M4I39M2D43M2D46M2I17M1D13M8I3M1D23M3I31M4I4M4I12M6I68M2D38M1D11M
88	3010	0.332	7.554E-70	3	939	940	5	751	770	269M54I16M19I5M5I15M6I19M44I9M3I3M34I24M7I12M6I8M4I39M2D37M3D4M1I49M2I12M1D17M7I26M3I38M8I9M2I76M2D38M7D7M
2	2994	0.329	1.794E-69	1	936	940	6	780	781	105M1I54M1I114M5I11M26I29M3I10M5I35M11I9M2I8M2I15M72I11M27I47M1D40M3D49M1D11M1D6M4D65M4D23M12I4M9I11M6I10M8I33M3D11M5D12M3D19M4D4M
10	2986	0.327	2.765E-69	0	939	940	21	781	784	105M1D160M14D7M9I8M19I9M6I12M20I33M7I26M1I7M101I31M6I61M2I14M3D1M1I82M6I35M2I12M1I15M7I9M5I5M6I19M1D6M3I32M2D21M2D28M
0	2966	0.327	8.155E-69	0	938	940	8	753	754	105M1D160M20D2M14I10M14I21M31I21M31I8M76I8M5I13M2I5M22I80M3I13M1D2M1D77M1D5M6I35M2I14M5D16M20I35M3I30M2D21M2D26M3D3M
14	2919	0.336	1.036E-67	3	936	940	83	885	886	106M25I4M4I2M1D70M1D51M10D7M12I22M4I59M1D20M2I29M14I19M39I17M3I129M1D5M1D126M2I11M2D13M6I11M37I85M
37	2912	0.306	1.512E-67	2	939	940	0	811	829	13M2D144M1I105M17D1M18I12M10I15M13I21M4I12M22D24M10I14M5I17M67I13M18I65M2D40M1D2M1D49M2I16M1D23M3I23M4I23M18I16M1I31M2I36M2D38M2D9M
125	2884	0.315	6.873E-67	5	929	940	27	805	813	260M4D14M2I14M11I10M6I9M4I23M17D8M3I6M23I9M27I13M27I8M11I30M7I26M5I68M13I130M2I9M2I26M9I6M6I8M7I9M2I72M
36	2853	0.312	3.674E-66	2	939	940	0	811	829	12M2D145M1I105M17D1M18I9M33I30M11I26M17D23M22I13M13I13M28I6M1I4M7I36M7I38M2D40M1D2M1D49M2I16M1D12M1D25M4I8M4I19M5D7M23I8M1I31M2I33M4D4M2I35M2D9M
21	2699	0.355	1.519E-62	0	793	940	0	703	745	2M1I211M1D51M7D5M7I20M9I14M6I15M1I21M24I30M8I23M9I26M11I32M2I9M4I8M3I10M6I78M2D72M1I10M1I33M4I16M3I8M
123	2653	0.436	1.828E-61	44	748	940	0	713	715	230M3I18M1I27M5I24M3I8M3I59M1I24M3D26M14D91M5D147M1D21M2D14M
121	2494	0.317	9.906E-58	11	809	940	1	618	619	254M18D6M12I8M5I18M23I22M7I3M12D4M12I17M14I4M59I5M82I3M8D21M1D15M2D40M2D46M1I4M1I16M2D14M2I9M1D16M8I31M1I16M
12	2494	0.323	9.906E-58	4	829	940	1	674	675	261M7D12M12I26M20I10M2I29M2I41M88I11M15I7M8I11M2I4M4D28M1I11M2D30M1D7M1I4M2I45M2I17M1D13M6I18M1D5M1I14M6I54M
9	2305	0.286	2.719E-53	3	939	940	5	620	639	98M1D166M2D24M2I8M85I19M151I1M12D10M81I45M2I17M1D14M7I29M3I28M4I4M4I12M9I5M1D7M3I10M5D40M2D42M6D7M
11	2146	0.310	1.473E-49	0	797	940	0	581	596	42M32I191M4D4M5D5M83I10M15I28M7I12M15I8M71I43M4D24M1D15M2D36M1D5M1D49M2I16M2D14M2I8M3I22M4I20M2I10M
19	1813	0.220	9.738E-42	5	938	940	12	732	735	28M1D16M2D44M1I9M1I45M1D10M5D4M8D20M1I3M3D27M2D8M3I8M3D32M17D4M26I11M10I16M22I11M76I8M25I16M46I4M3I18M5I13M2D6M2D47M1I13M1D7M2D82M4D36M10I8M1I35M4I26M30I17M1D11M1I14M1I10M
90	1337	0.177	1.468E-30	0	930	940	0	690	697	33M1I14M5I52M1I37M3D7M2D13M1I21M1I21M1D6M13I4M1I41M26D3M23I14M2I15M12I6M11I8M7I18M30I2M20I7M97I5M12I40M3I3M2D10M1D22M5D38M1I3M5D7M3I18M2D16M7I12M4I10M4I10M8I27M16I19M10I3M1D4M2D5M1I10M1D12M1D10M1D15M1D16M
4	1245	0.164	2.125E-28	9	933	940	8	685	688	40M4I52M1I37M3D6M2D17M1I19M1I20M1D3M3D9M12I37M1D18M19I12M19I37M10I30M4I12M104I28M5I10M3D28M3I13M4D9M2I10M5D8M1D5M2D29M2D8M2D2M3I16M2D14M9I5M3I17M2I13M8I4M69I12M1D2M6I13M3D25M3D20M
129	1169	0.163	1.295E-26	10	927	940	0	646	656	23M1I9M35I3M2D4M1D20M1I37M3D7M2D13M1I18M1I24M1D6M13I4M1I42M65I5M32I12M17D18M21I9M5I9M71I15M17I15M3I3M5D31M3I7M2D6M1D8M1D6M1I8M4D6M1D35M4D9M3I16M2D16M7I12M4I11M4I8M4I41M14I15M4I6M1I7M1D17M8I9M1D13M1D15M
99	935	0.272	4.050E-21	5	344	940	17	364	450	28M1I11M5I52M1I40M3D4M1D14M1I23M1I36M10I33M22D42M1D38M
17	851	0.169	3.802E-19	9	853	940	3	899	985	22M2I25M3I14M1I4M1D26M1I38M1D3M2D18M2I3M11D17M1I16M12D9M3D5M1I11M9D28M20D2M1I10M2D15M4D57M10D16M4D38M2D71M6D72M2D50M6I13M13I6M2I25M21I8M25I10M3I7M6D10M5D23M28D22M2D18M4D51M
93	655	0.143	1.524E-14	11	670	940	13	801	803	34M7I41M1I12M1I38M4D2M3D16M3I17M2D29M4I6M2I6M20D30M14D10M2D47M3D17M2D25M104D31M6D21M2D12M4D48M2D8M14D33M3D5M4D53M5I7M18I4M20I23M1I7M2D16M
 29	7037	1.00	0.000E+00	0	969	970	0	969	970	970M
26	6778	0.994	0.000E+00	0	969	970	0	969	970	970M
5	6724	0.992	0.000E+00	0	969	970	0	969	970	970M
27	6701	0.995	0.000E+00	0	969	970	0	969	970	970M
25	6692	0.990	0.000E+00	0	969	970	0	969	970	970M
86	6633	0.976	0.000E+00	0	969	970	0	969	970	970M
31	6630	0.988	0.000E+00	0	969	970	0	969	970	970M
6	6606	0.988	0.000E+00	0	969	970	0	969	970	970M
28	6589	0.990	0.000E+00	0	969	970	0	970	971	367M1D603M
85	6579	0.976	0.000E+00	0	969	970	0	969	970	970M
34	6566	0.976	0.000E+00	0	969	970	0	969	970	970M
106	6563	0.977	0.000E+00	0	969	970	0	969	970	970M
24	6553	0.946	0.000E+00	0	969	970	0	969	970	970M
33	6384	0.938	0.000E+00	0	969	970	0	969	970	970M
64	6204	0.883	0.000E+00	0	969	970	0	967	968	349M2D67M1I84M1I9M1I6M1I451M
75	6151	0.870	0.000E+00	0	969	970	0	969	970	349M2D162M1I9M1I448M
38	6133	0.888	0.000E+00	0	969	970	0	968	969	349M2D61M2I99M1I458M
30	6132	0.891	0.000E+00	0	969	970	0	971	972	349M2D162M1I70M1D388M
53	6131	0.871	0.000E+00	0	969	970	0	963	964	352M2D159M1I36M7I415M
112	6071	0.872	0.000E+00	0	969	970	0	970	971	352M2D150M1I314M1I34M1D118M
107	6066	0.863	0.000E+00	0	969	970	0	968	969	853M1I116M
32	6057	0.988	0.000E+00	42	969	970	1	928	929	928M
105	6021	0.861	0.000E+00	0	969	970	0	962	963	349M2D81M1I80M1I305M1I8M6I138M
119	6010	0.875	0.000E+00	0	969	970	0	967	968	349M2D42M2I118M1I332M1I125M
61	6007	0.852	0.000E+00	0	969	970	0	932	933	349M2D61M1I77M10I3M28I441M
39	5988	0.883	0.000E+00	0	969	970	0	964	965	349M2D162M1I8M4I314M1I35M1I95M
104	5973	0.914	0.000E+00	0	969	970	0	937	938	43M32I895M
111	5971	0.855	0.000E+00	0	969	970	0	937	938	349M2D68M33I367M1I152M
62	5905	0.853	0.000E+00	0	969	970	0	930	931	349M2D63M15I7M19I58M1I8M4I314M1I35M1I95M
22	5831	0.826	0.000E+00	0	969	970	0	957	958	334M1I83M7I37M2I47M1I305M1I152M
131	5736	0.818	0.000E+00	0	969	970	0	895	896	349M2D61M1I75M78I287M3D119M
110	5635	0.970	0.000E+00	90	969	970	0	879	880	880M
108	5635	0.788	0.000E+00	0	969	970	0	927	928	334M1I14M2D37M1I23M35I64M1I35M1D17M2I253M1I58M4I90M
67	5575	0.761	0.000E+00	5	969	970	6	963	964	329M1I13M2D108M2I53M1I311M5I8M1D9M1I124M
94	5527	0.780	0.000E+00	0	969	970	0	923	924	334M1I14M2D37M1I23M34I43M3I21M1I50M2I253M1I56M5I91M
102	5291	0.700	0.000E+00	0	969	970	0	963	964	334M1I13M2D105M2I22M6I355M1D132M
118	5169	0.689	0.000E+00	0	968	970	0	977	978	338M1I11M2D56M1I39M4D50M1D35M1D46M1I180M1I13M2D49M1D20M1I13M3D114M
72	5103	0.677	0.000E+00	0	968	970	0	957	958	337M1I12M2D56M1I38M7I42M1D37M1D30M1I17M1I177M1I59M1I18M1I16M1I115M
127	5035	0.657	0.000E+00	0	968	970	43	1012	1013	337M1I12M2D56M1I38M4D57M1D31M2D28M1I17M1I177M1I59M1I20M1I14M1I115M
81	4797	0.815	0.000E+00	39	881	970	7	875	885	310M2D61M2I64M1I34M1I305M2D38M26D27M
16	4783	0.604	0.000E+00	5	967	970	39	977	978	299M1I20M1I28M1I37M1D21M3I27M1I24M2I30M1D34M12I28M2I177M1I60M1I19M1D42M2I90M
115	4782	0.592	0.000E+00	0	968	970	0	981	982	305M3D43M2D14M1D33M1D37M2I30M3I19M1D15M4D30M1D47M1D217M1D21M1D59M2D94M
15	4733	0.586	0.000E+00	0	967	970	36	982	983	303M1I21M1I35M2I33M1D17M3I27M1I56M1D34M7I22M5I13M2I170M1I214M
73	4724	0.632	0.000E+00	23	968	970	2	932	933	311M1I13M2D60M1I35M5I44M1I5M3I45M5I206M1I34M1I34M1D141M
130	4724	0.571	0.000E+00	0	968	970	0	982	983	295M3D52M2D19M1D28M1D46M2D42M3I32M5D14M1D46M1D218M1D22M1I49M1D102M
68	4677	0.613	0.000E+00	0	968	970	0	900	901	4M5D7M10I7M2I320M2D59M1I14M39I11M9I5M13I30M1D26M2D22M1I177M1I59M1I25M1I125M
80	4661	0.659	0.000E+00	42	968	970	1	930	931	295M1I12M2D56M1I38M4D57M1D29M1D26M1D22M1I177M1I59M1I17M1I133M
84	4617	0.639	0.000E+00	47	968	970	0	928	929	286M1I16M2D59M1I36M4D56M1D21M1D42M6D14M1I177M1I68M1I9M1I33M1I98M
74	4583	0.609	0.000E+00	7	957	970	1	924	926	398M1I24M3D88M19I32M1I188M2I31M1I25M6I21M1I11M1I87M2D14M
59	4549	0.561	3.483E-104	0	969	970	0	979	982	7M1D287M3D54M2D18M1D29M1D36M2D54M1D18M4D34M2D12M6D23M1D183M1I39M1D16M2I10M11I6M2I39M1D89M
45	4440	0.516	1.103E-101	0	969	970	0	926	927	267M5D10M4I73M1D12M1D23M2I19M8I12M8I61M2I10M5I35M9I235M1D24M15I29M1I101M3D5M
54	4417	0.521	3.747E-101	0	969	970	0	919	923	281M1D68M2D17M1D23M2I19M8I12M8I41M3I25M9I35M9I235M1D24M15I29M1I106M
43	4407	0.515	6.376E-101	0	969	970	0	927	931	266M5D11M4I85M1D16M1I37M1I8M14I68M5I13M8I258M1D24M15I29M1I106M
56	4401	0.515	8.772E-101	0	969	970	0	927	931	268M8D6M7I41M2I41M1D43M8I22M7I41M12I294M1D24M4I10M11I22M1I106M
3	4387	0.515	1.847E-100	0	968	970	0	881	882	268M9D5M8I51M17I16M1D45M8I12M8I41M5I26M24I19M4I15M8I215M1D24M15I29M1I105M
51	4381	0.531	2.541E-100	0	967	970	0	925	932	281M1D46M1D11M3I25M1D44M8I12M8I43M2I32M3I17M6I251M1D27M15I29M1I104M
44	4363	0.522	6.615E-100	0	969	970	0	882	886	268M2D9M1I54M17I16M1D45M8I12M8I42M5I26M5I4M18I17M5I5M10I8M2D212M1D24M15I29M1I106M
52	4363	0.505	6.615E-100	0	969	970	0	904	913	267M9D6M8I53M4I28M1D59M18I15M1I44M29I263M1D24M15I29M1I106M
35	4360	0.513	7.760E-100	0	969	970	0	925	929	268M10D5M9I45M1D39M1D16M1I37M16I21M2I48M6I2M2I3M4I11M2I258M1D25M14I29M1I106M
42	4359	0.517	8.183E-100	0	968	970	0	932	933	279M1D21M2I34M7I22M1D28M1I17M8I30M3I61M4I48M2I19M6I200M1D25M8I6M1D51M1D87M
41	4350	0.514	1.321E-99	0	969	970	0	923	924	266M5D11M4I18M3I25M1D12M2I24M1D43M17I86M5I5M3I33M1D20M5I213M1D14M1I7M17I29M1I101M3D5M
113	4347	0.523	1.549E-99	0	964	970	0	905	915	271M5D6M4I59M4I3M2I16M1D41M3I5M5I19M7I37M1I24M8I9M9I262M1D18M3I3M15I39M5I87M
76	4337	0.522	2.636E-99	0	969	970	0	921	925	267M5D10M4I45M1I39M1D23M1I30M1I8M14I68M5I12M4I13M6I8M3I233M1D12M3I19M12I22M1I106M
78	4336	0.531	2.780E-99	0	968	970	0	939	940	280M1D21M1I26M1I37M1D23M1I34M8I17M3I21M3I38M13I42M3I8M2D10M5D205M1D11M2I19M5I54M1D83M
109	4335	0.515	2.932E-99	0	967	970	0	914	915	281M1D85M1D45M8I19M7I37M2I27M1I3M1I18M16I245M1D22M1D8M17I31M5I90M
116	4333	0.525	3.260E-99	0	969	970	0	892	893	266M5D11M4I50M7I45M4I19M3I4M8I20M4I37M3I22M8I6M16I23M5I227M1D22M5I8M13I35M4I21M1D70M
49	4330	0.510	3.824E-99	0	969	970	0	858	862	267M9D6M8I51M17I16M1D46M44I20M6I16M28I19M5I32M2D214M1D24M15I29M1I106M
50	4328	0.516	4.253E-99	0	969	970	0	904	906	267M5D10M4I85M1D15M2I27M31I15M3I6M3I7M4I72M9I235M1D24M15I29M1I106M
48	4325	0.515	4.989E-99	0	968	970	0	898	899	267M5D10M4I12M2I42M1I2M3I18M1D29M4I31M7I29M8I38M9I8M13I31M8I219M1D28M18I128M
23	4319	0.522	6.864E-99	0	968	970	0	934	935	279M1D22M1I30M6I52M1I26M2D40M9I9M4I28M1D24M4I42M10I2M2D207M1D23M7I53M1D90M
57	4317	0.526	7.634E-99	0	964	970	0	921	931	278M1D23M1I44M1D20M1D54M1I21M8I9M5I47M5I5M4I18M7I245M1D24M15I29M1I101M
69	4316	0.517	8.050E-99	0	969	970	0	920	924	267M5D10M4I46M1D12M2I5M9I11M1D22M2I30M1I8M14I19M3I93M6I228M1D17M6D4M21I29M1I106M
77	4316	0.509	8.050E-99	0	969	970	0	923	925	277M1D77M2D35M1I76M2I2M10I27M8I11M7I20M9I228M1D33M17I23M1I101M5D5M
60	4311	0.516	1.050E-98	5	969	970	1	991	994	5M2D21M10D7M3D256M3D70M1D24M1D22M6I14M3D23M5D108M1D21M2D4M8D169M1I31M1D24M2I25M6I34M1D92M
71	4296	0.518	2.331E-98	4	965	970	16	926	934	263M5D10M4I73M1D12M1D23M2I19M8I12M8I62M3I4M9I35M9I235M1D24M15I29M1I102M
46	4289	0.518	3.383E-98	0	965	970	0	917	926	267M5D10M4I62M2I21M1D44M8I12M8I19M1I12M10I27M8I20M6I251M1D29M19I23M1I75M12D27M
83	4261	0.514	1.499E-97	5	964	970	29	942	947	2M1D260M7D8M6I20M1I21M3D13M7I4M1I18M1D25M1D19M8I5M3I53M3I33M2I5M10I22M2I236M1D31M18I37M1D87M
66	4248	0.497	2.992E-97	0	968	970	0	922	923	82M1D198M1D21M1I34M14I40M1I31M13I40M1I4M3I94M10I208M1D35M7I42M1D90M
13	4240	0.502	4.578E-97	0	969	970	0	890	894	268M8D4M7I43M3D12M1I3M7I20M1D40M45I29M1D16M2I21M5I28M5I17M5I217M1D24M15I29M1I106M
82	4234	0.515	6.299E-97	5	964	970	30	942	947	2M1D260M5D10M4I29M1D26M4I26M1D25M1D30M12I25M1D24M3I29M2I29M16I234M1D28M18I37M1D87M
70	4227	0.498	9.139E-97	0	969	970	0	857	858	267M5D10M4I20M1I5M14D5M37I17M1D23M2I20M17I4M27I9M11I21M3I4M9I35M9I232M1D27M15I29M1I103M3D3M
58	4164	0.508	2.604E-95	0	969	970	0	885	889	267M5D10M4I73M1D12M1D23M2I20M17I4M27I9M5I38M5I35M9I235M1D10M1I13M21I23M1I106M
47	4139	0.491	9.837E-95	0	964	970	0	810	820	268M8D6M7I65M3I13M1D20M1I29M53I7M15I16M10I2M24I13M12I17M1I213M1D18M3D10M18I20M23I81M
65	4089	0.529	1.404E-93	7	969	970	2	876	879	296M2D22M1D25M1D11M1D51M6I14M30I23M1D17M4D24M1D24M2D30M1D175M1I36M30I6M35I107M
55	3989	0.493	2.861E-91	0	969	970	0	889	893	112M1I168M1D62M1D19M1D7M2I42M8I9M8I44M1D2M3I16M1I3M9I49M2I112M1I49M1I38M20I7M4I2M1I17M21I23M1I69M1I36M
79	3893	0.507	4.712E-89	52	968	970	0	888	889	228M1D21M1I26M1I32M1D28M1I21M8I30M3I61M6I50M1D17M6I200M2D4M1I19M3I14M4I42M1D90M
117	3776	0.380	2.370E-86	0	969	970	0	1002	1003	2M2D268M9D3M8I11M1I13M2I16M6D42M11I28M3I34M6I8M3I28M2I25M1I41M10D107M1D129M2D16M22D36M4D24M7D94M7D8M
103	3748	0.488	1.050E-85	26	968	970	0	885	886	49M4I8M5I7M2I170M5I15M1D23M1D26M12I37M2I36M1I55M11D25M20I26M14I98M2D122M1D23M5I59M3I91M
92	3705	0.366	1.033E-84	5	968	970	1	1083	1084	264M2D9M2D14M1I47M1D27M8I27M4D46M3D26M1D8M4D18M11D33M17D14M5D27M9D94M2D137M33D41M7D17M18D21M9D85M
128	3677	0.380	4.579E-84	3	969	970	1	874	876	2M3D262M6I6M9D21M8I22M7I1M15I12M11I37M22I25M20I6M2I36M9I15M8I6M12D13M7I86M1D120M1D31M5I60M1D86M
122	3540	0.346	6.670E-81	7	969	970	6	971	1001	261M2D35M6I3M5I18M8I16M23D7M9I20M3I34M7I43M3I26M6I7M13I34M8I8M3I77M1D119M2D21M4D6M17D18M17D22M11D93M3I21M
8	3502	0.347	5.030E-80	0	969	970	0	1014	1016	2M2D265M14D100M7I9M6D70M2D21M3D11M2D101M3I81M2D127M1D11M12D54M10D99M1D9M
18	3459	0.323	4.949E-79	5	967	970	1	1247	1248	261M5D39M2I43M12D49M7D38M7D63M1I10M4I59M17D10M21D69M1I12M1D141M6D4M22D5M63D12M2D10M86D2M37D38M6D90M
101	3452	0.362	7.180E-79	0	961	970	15	928	936	265M6I22M9I9M3I20M4I8M29I23M4I40M5I31M2I23M1I82M9D6M2D1M1D58M2D104M11D40M1D12M2I10M9I134M
126	3268	0.346	1.273E-74	6	963	970	10	806	808	98M2I164M9D1M10I19M7I26M58I38M19I9M29I22M40I12M5D5M11I10M7D133M1I31M1D4M3I28M4I4M1D13M2D113M1I2M1I40M
100	3236	0.337	6.978E-74	0	969	970	0	801	806	2M1I269M10I13M17I21M15I4M1I12M10I23M4I11M22I16M1I6M7I5M11I5M3I19M21I12M22I14M10I1M1I76M1D5M1D85M3I3M5D30M3D24M26I19M1D18M2D7M1I43M1D23M4D18M
91	3220	0.340	1.634E-73	5	969	970	9	787	788	97M1D165M15D10M72I13M28I14M24I29M20I26M2I9M3I37M27I6M2I64M2I10M4D5M2I79M3I3M3I36M1I12M17I25M1I3M2I26M1I1M3I34M2D17M4D27M1D4M
114	3219	0.351	1.723E-73	0	961	970	0	922	929	220M1D45M5I22M2I39M11I23M8I39M1I36M7D55M3I32M8I10M1I91M2D84M5I12M3D43M1D12M6D21M9I42M6I77M
7	3119	0.316	3.510E-71	5	969	970	8	822	857	100M1D173M21I7M17I19M39I27M34I11M6I53M20I55M2I39M2D43M3D46M2I18M1D19M6I36M1I18M10I44M2I9M2I36M2D38M3D12M
98	3112	0.315	5.093E-71	5	969	970	13	774	776	99M1D162M9D10M2I8M27I5M34I15M36I14M18I22M29I14M35I24M4I89M2I11M1D5M1D75M1I8M6I34M1I14M5I11M15I15M2I25M3I2M1I32M2D22M4D28M
89	3090	0.314	1.640E-70	0	969	970	0	759	777	5M2D99M1D172M41I25M8I16M38I7M6I8M67I5M7I6M3I6M25I36M2I5M2I39M2D39M4D3M2I47M2I16M1D13M3I3M4I26M2I21M15I20M3I41M2D36M2D37M6D9M
124	3088	0.340	1.824E-70	5	963	970	1	712	713	258M3D2M8D3M12D11M18I31M43I2M99I33M68I14M2I40M1D22M1I18M2D82M1I32M1I28M26I11M4I3M3I17M7I39M1D6M1I33M
97	3087	0.323	1.924E-70	5	969	970	26	784	786	99M1D162M9D10M41I6M30I8M22I27M38I10M23I18M3I15M20I24M1I15M5I5M2I62M3I11M1D5M1D84M6I34M1I13M5D3M16I19M10I26M5I36M1D16M2D31M
87	3065	0.319	6.197E-70	5	969	970	7	749	770	100M1D162M1I10M7D12M32I11M63I15M59I2M3I12M1D21M48I23M3I5M2I39M2D42M2D47M2I18M1D10M2I7M5I25M2I25M13I31M5I19M3I1M1D35M2D42M5D2M1I5M
10	3063	0.328	6.893E-70	5	969	970	26	782	784	99M1D161M10D14M4I3M27I5M34I14M23I23M5I15M13I8M30I5M8I11M9I6M28I21M1I5M5I5M2I63M2I11M4D5M2I82M6I34M1I17M10I4M5I14M5I5M2I26M5I32M2D21M2D29M
120	3059	0.331	8.526E-70	5	969	970	7	758	764	98M2I163M5D17M7I37M62I20M4I15M13I50M3I11M36I6M32I6M4I38M2D34M1D7M1D47M2I18M1D50M4I7M1I12M20I17M24I6M7I2M1I35M1I46M
40	3054	0.307	1.112E-69	0	969	970	0	759	776	5M1D98M1D165M48I10M43I1M2D13M2D28M6I6M67I28M14I13M1I10M7I6M15I3M2I39M2D39M4D3M2I45M2I18M1D13M3I3M4I24M2I21M13I37M3I64M2D38M7D8M
96	3044	0.322	1.893E-69	5	969	970	38	941	948	30M5I225M14D16M9I46M12I19M22I16M2I34M7I27M28D11M7I49M11I9M4I18M3D6M1D60M4I11M4D5M2I48M1I32M1I38M1D19M18I18M6I34M1I82M
63	3013	0.320	9.838E-69	5	969	970	7	770	778	100M1D162M1I28M25I12M63I21M12I15M43I19M33I16M7I11M9I5M2I39M2D39M4D2M2I46M2I17M1D11M2I7M5I23M2I21M8I19M4I6M1I27M7I40M4D3M2I38M17D8M
0	3009	0.321	1.217E-68	5	969	970	13	752	754	99M1D163M18D10M72I18M28I12M41I9M29I16M14I5M27I11M4I24M2I64M3I9M1D5M1D77M1D7M6I34M1I12M4D7M18I13M5I32M5I31M2D21M2D31M
20	3000	0.306	1.964E-68	0	969	970	2	754	772	275M39I19M2I3M34I9M4I3M6I36M16I19M74I13M26I8M3I39M2D39M4D3M2I45M2I18M1D17M7I24M1I12M1I8M14I61M2I37M2D41M7D8M
88	2985	0.309	4.360E-68	5	969	970	7	752	770	270M10I4M41I7M12I7M15I10M4I3M3I14M8I10M66I22M26I7M19I24M2I39M2D39M4D3M2I47M2I12M1D14M2I7M5I24M1I12M1I8M14I56M2I45M2D38M7D8M
95	2979	0.325	5.998E-68	5	969	970	1	718	720	99M2I161M5D18M38I12M61I36M6I15M13I5M14I13M68I7M9I10M3D35M2D41M2D51M2I16M1D51M5I14M34I37M6I1M3I35M1I38M2D8M
1	2925	0.312	1.059E-66	0	969	970	0	786	787	269M1D8M40I45M50I6M26I7M35I8M1D4M35I28M15I11M1I26M1D13M2D38M1D5M1D49M2I16M2D15M1I6M3I6M1I18M3I22M14I59M3I32M1D4M2D9M7D6M8D2M3D21M16D8M
2	2916	0.310	1.709E-66	3	965	970	8	780	781	103M1I54M1I169M78I2M29I11M1I7M1I15M11I20M52I26M5I36M1D43M3D49M1D11M1D6M4D62M5D22M37I21M3I8M1I32M3D11M5D12M3D16M4D7M
37	2916	0.295	1.709E-66	4	969	970	2	810	829	11M2D144M1I105M12D11M16I17M13I10M67I11M31I11M16I10M22D35M2I4M17I51M2I39M2D37M1D5M1D49M2I16M1D13M1I12M2I22M3I19M3D13M5I32M25I38M2D48M
125	2908	0.316	2.615E-66	3	966	970	25	812	813	264M1D4M2D21M11I20M51I14M5I12M14D14M4I38M20I5M3I14M36I14M3I19M7I4M6I58M10I3M3I127M1I10M1D14M11I17M19I19M3I74M1I5M
36	2888	0.297	7.573E-66	3	969	970	1	819	829	11M2D145M1I105M12D11M16I17M13I13M64I26M45I8M17D35M2I4M17I51M2I39M2D37M1D5M1D49M2I16M1D13M1I12M2I25M2I6M1I8M10D11M12I29M25I35M4D3M2I36M2D5M7D5M
14	2867	0.323	2.313E-65	2	965	970	79	885	886	3M3D105M25I4M3I72M1D53M5D8M6I23M4I22M8I21M20I50M7I20M2I12M13I26M3I8M6I21M5I14M16I5M2I76M1D5M1D128M1I11M25I23M23I4M1D81M
21	2727	0.351	3.952E-62	1	811	970	0	701	745	213M1D51M7D10M6I10M31I18M1I25M25I4M4I62M22I61M23I20M2I76M1D5M1D72M1I10M5D1M6I37M3I12M
123	2725	0.436	4.396E-62	44	772	970	0	713	715	226M2I21M4I70M5I34M1D56M2I11M9D28M12I38M3I180M1D23M2D14M
12	2527	0.323	1.640E-57	5	853	970	2	674	675	260M7D12M65I15M44I31M9I14M24I35M10I27M15I21M2I27M1I11M2D31M1D7M1I3M2I45M2I18M1D13M2I36M9I47M1I9M
121	2514	0.311	3.275E-57	11	831	970	1	618	619	256M12D10M5I7M12I12M24I2M18I10M39I18M11D8M35I21M83I7M8I1M2D4M1I22M1D12M2D42M2D51M2I16M2D14M2I9M3I22M5I3M2D37M
9	2341	0.280	3.235E-53	5	969	970	7	623	639	100M1D162M3D23M32I11M57I15M68I9M99I9M37I6M39I45M2I18M1D13M2I4M5I25M2I21M15I24M9I4M2D27M2D32M2D42M8D8M
11	2109	0.304	7.360E-48	5	816	970	5	581	596	37M32I192M3D6M3D19M9I14M67I29M77I24M44I13M7I10M4I25M1D14M2D37M1D5M1D49M2I16M2D14M2I8M3I23M3I17M2D10M
19	1793	0.204	1.457E-40	5	969	970	12	732	735	28M1D16M2D44M1I11M1I42M1D11M5D4M8D20M1I3M3D27M2D51M12D17M40I8M59I16M34I9M31I22M61I17M3I5M4I12M2D6M2D46M1I5M1D16M2D76M3D4M1D39M4I5M2I11M18I47M7I5M19I17M1D8M1I20M3I7M
90	1346	0.166	3.055E-30	0	960	970	0	691	697	4M1I2M1D25M1I14M5I53M1I40M5D17M1I21M1I29M12I3M1I34M3D5M25D5M27I28M25I6M49I5M77I10M2I11M47I13M1I2M12I33M2I5M1I7M2D6M1I5M5I16M12D33M1I3M5D7M3I19M2D18M14I25M3I16M17I18M4I17M13I1M1D8M1I4M1I10M1D12M1D11M1D14M1D17M
4	1278	0.167	1.135E-28	5	963	970	4	686	688	43M4I53M1I37M3D6M2D17M1I19M1I22M4D10M12I49M27I28M8I11M6I12M19I19M22I6M7I14M55I1M37I33M3I12M3D25M3I14M3D2M1D8M2I11M5D9M5D7M2D12M4I11M2D6M2D3M3I18M2D14M1I7M7I6M4I11M85I7M3D5M1I1M1I7M4D12M7I7M1D22M3D21M
129	1154	0.152	8.287E-26	10	960	970	0	650	656	2M1D2M1I17M1I10M35I3M2D4M1D20M1I40M3D4M2D13M1I18M1I33M13I36M9D14M196I3M14D6M1I9M1I15M29I21M2I13M4I11M6I27M3I12M2D6M1D8M1D7M3D14M1D32M1I2M5D9M3I16M2D19M14I16M2I11M1I16M25I47M1I7M4I4M2I2M2I14M1D6M1D13M1D19M
99	956	0.262	3.093E-21	5	349	970	17	361	450	7M1D2M1I16M1I13M5I55M1I38M3D3M1D14M1I23M1I40M10I32M16D53M1I28M
17	804	0.162	1.000E-17	9	893	970	3	921	985	22M2I25M3I14M1I4M1D31M1I31M2D5M1D15M2I6M11D17M1I16M12D10M8D3M7D7M4I30M20D2M3I29M2D57M13D35M7D14M1D77M1I70M4D54M22D15M4I10M8I4M12I14M10D3M6I3M8D19M55I6M3I45M6D21M1D46M3D9M1D10M
93	658	0.157	2.352E-14	11	605	970	13	749	803	32M3D13M10I27M1I12M1I38M3D3M4D15M2I4M1I13M2D29M4I6M2I6M20D31M9D29M1I37M3D20M1D25M100D35M6D92M9D23M7D31M2I15M1D15M2I18M
 71	6871	1.00	0.000E+00	0	933	934	0	933	934	934M
54	6353	0.978	0.000E+00	16	933	934	4	922	923	340M1D578M
45	6241	0.964	0.000E+00	13	933	934	1	926	927	462M5D459M
58	6022	0.930	0.000E+00	16	933	934	4	888	889	421M26I317M7I147M
70	6015	0.917	0.000E+00	16	933	934	4	857	858	311M26I3M1D95M39I444M
51	5997	0.883	0.000E+00	16	933	934	4	931	932	342M3I42M2D88M7D27M3D414M1D2M
50	5984	0.900	0.000E+00	16	927	934	4	901	906	344M1I87M3I8M5I5M4I9M1I445M
76	5849	0.860	0.000E+00	16	933	934	4	924	925	340M2I46M1D50M1D37M7D23M4I416M
43	5815	0.867	0.000E+00	16	933	934	4	930	931	340M1I46M1D51M1D37M7D23M1D420M
56	5789	0.845	0.000E+00	16	933	934	4	930	931	319M2I25M1I40M2D53M1D37M7D12M1I15M3D413M
46	5770	0.846	0.000E+00	16	933	934	4	925	926	342M3I42M2D45M3I9M2I10M1I9M1I35M3D264M4I114M12D32M1D2M
35	5749	0.850	0.000E+00	16	933	934	4	928	929	329M1D11M1I46M1D51M2I32M4D28M3D279M1D139M
69	5747	0.834	0.000E+00	16	933	934	4	923	924	336M11I90M1D15M1D20M8D32M3D414M
41	5746	0.819	0.000E+00	16	933	934	4	923	924	288M3I40M1I8M1I46M2D28M1I53M7D28M1D3M1D272M3I143M
109	5703	0.843	0.000E+00	16	927	934	4	913	915	340M1I45M2D52M1D34M8D26M4I30M3I253M1I35M4I84M
52	5675	0.815	0.000E+00	16	933	934	4	904	913	323M2I4M2I9M1I46M2D44M3I43M2D12M1I6M9I406M3I4M
57	5654	0.825	0.000E+00	16	933	934	4	929	931	299M1I85M2D39M1D13M1D38M7D66M2I375M
13	5648	0.821	0.000E+00	16	933	934	4	893	894	341M6I40M2D24M3I30M9I36M1I10M3I22M8I385M
113	5618	0.807	0.000E+00	16	933	934	4	914	915	340M3I6M4I33M2D51M1D35M3D298M3I48M4I89M1D4M
3	5577	0.806	0.000E+00	16	926	934	4	878	882	323M2I6M2I5M14I35M2D90M2D12M1I11M10I19M11I370M
44	5559	0.801	0.000E+00	16	933	934	4	885	886	323M2I6M2I5M14I35M2D90M2D12M1I11M10I19M11I377M
49	5483	0.788	0.000E+00	16	933	934	4	861	862	323M2I6M2I5M14I35M2D49M24I17M2D12M1I11M10I18M11I378M
77	5457	0.789	0.000E+00	16	932	934	4	920	925	340M3D22M3I19M1D78M1D16M7D19M7I273M2I138M
116	5410	0.788	0.000E+00	16	928	934	4	890	893	351M9I20M2I58M1D37M1D14M12I266M3I34M1D15M4I20M1D68M
48	5300	0.758	0.000E+00	16	927	934	4	896	899	298M2I40M1I5M4I30M2I32M4D30M3I31M3D18M4I6M2I10M5I8M1I238M3I46M1D93M
83	5295	0.769	0.000E+00	18	927	934	31	944	947	296M2I6M1D36M6I36M3D30M4D23M1D32M7D28M2D8M1D12M5I9M1I246M3I39M2D92M
82	5244	0.741	0.000E+00	3	927	934	16	944	947	15M1D300M1D41M5I38M3D28M4D23M1D32M7D53M5I4M1I10M1I227M3I47M2D92M
47	5173	0.730	0.000E+00	16	931	934	4	816	820	341M4I46M1D30M8I12M60I1M9I31M1I258M22I93M
42	4960	0.695	0.000E+00	16	927	934	4	930	933	290M2I48M2I5M6I27M1D22M3D53M1I16M7D26M3D21M2D264M4D6M4D31M2D92M
55	4953	0.736	0.000E+00	16	933	934	4	892	893	108M1I259M2I15M2D75M4D20M4I30M1D12M2D14M4D100M1I48M1I44M32I112M1I39M
78	4921	0.694	0.000E+00	16	926	934	4	936	940	290M1I49M2I38M1D27M1I7M4D43M1I19M7D14M4D9M1D266M6D16M2D37M1D11M1D80M
23	4874	0.681	0.000E+00	16	927	934	4	932	935	290M1I50M8I42M1D16M1I7M4D38M1I18M7D28M1D12M2D16M2D20M1D220M6D21M2D31M2D92M
66	4747	0.650	0.000E+00	16	926	934	4	919	923	78M1D212M1I47M16I30M1D23M1I6M4D24M1I39M7D65M1D227M4D19M4D31M2D91M
130	4728	0.626	0.000E+00	16	926	934	4	979	983	274M1I18M3D46M1D47M3D19M7D7M4D10M6D15M1D49M14D33M8D8M3D256M14D37M2D91M
79	4488	0.683	5.236E-102	65	926	934	1	885	889	241M1I49M2I38M1D34M3D41M1I22M7D25M10D42M4I219M6D15M2D45M2D83M
115	4383	0.553	1.334E-99	16	933	934	4	980	982	277M1I18M3D43M1D41M3D28M10D18M3D12M1D18M1D22M8D7M5D14M3D45M8D226M11D18M5D31M3D92M5I2M
111	4353	0.527	6.496E-99	16	926	934	4	933	938	277M1I110M2D14M5D122M1I230M1I24M14D30M1D101M
61	4344	0.526	1.044E-98	16	933	934	4	932	933	277M1I71M1D15M1I23M2D106M1D28M3I230M1I24M15D40M1D91M3I4M
33	4342	0.525	1.161E-98	16	924	934	4	963	970	277M1I73M1I12M1I23M2D19M8D12M8D41M3D25M9D33M3D6M6D231M1I12M7D7M1D8M7D23M1D103M
59	4339	0.539	1.360E-98	18	932	934	7	981	982	269M1I19M3D39M1D51M3D29M10D16M7D23M1D14M4D18M1I13M7D29M4D2M4D10M17D181M1I98M1D11M1D90M
30	4331	0.514	2.074E-98	16	926	934	4	967	972	277M1I71M1D15M1I23M2D22M5D6M6D28M1I11M15D26M2D33M10D240M1I24M15D29M1D102M
15	4320	0.526	3.706E-98	0	928	934	31	982	983	9M7I270M1I35M1I44M2I7M3I17M1I13M4D13M1D18M10D27M1D8M3D20M4I32M1D30M8D170M1I38M1I12M11D5M4D42M1D98M
67	4319	0.537	3.907E-98	19	926	934	8	959	964	274M1I86M1I15M1I11M3D19M11D27M3D39M4D6M7D21M5D13M3D17M1D221M1I26M1I7M11D22M1D99M
39	4319	0.520	3.907E-98	16	926	934	4	960	965	277M1I61M1D25M1I23M2D19M11D37M1I14M17D5M1D18M1I33M5D239M1I29M14D126M
38	4305	0.523	8.177E-98	16	925	934	4	963	969	277M1I71M1D15M1I15M2D27M9D37M1I13M6D2M3D25M8D33M9D237M1I20M1D4M14D30M1D100M
119	4304	0.514	8.620E-98	16	926	934	4	963	968	277M1I129M11D37M1I13M6D2M3D25M8D19M7D14M2D237M1I29M14D24M1D102M
118	4295	0.533	1.386E-97	16	926	934	4	974	978	277M1I86M1I18M2D43M18D13M1D31M8D14M5D5M8D29M1D195M1I20M2D21M1I16M5D25M2D3M11D10M1D101M
112	4294	0.516	1.461E-97	16	926	934	4	966	971	277M1I71M1D15M1I23M2D34M2D17M3D10M7D10M15D45M9D250M1I25M14D13M1D18M1D100M
131	4293	0.523	1.540E-97	16	933	934	4	895	896	277M1I71M1D15M1I23M2D23M9I5M2I16M27I11M2I18M12I6M10D236M1I23M2D21M16D22M1D89M3I4M
105	4290	0.526	1.804E-97	16	926	934	4	958	963	277M1I73M1D13M1I23M2D19M8D18M2D16M5D41M11D37M9D236M1I24M8D26M1D105M
72	4286	0.529	2.229E-97	16	926	934	4	954	958	277M1I86M1I27M2D35M1D20M26D36M4D16M1D5M1D18M3I17M1I174M1I37M1I20M10D21M2D12M1D102M
62	4282	0.522	2.752E-97	16	926	934	4	926	931	277M1I61M1D25M1I15M3D11M1I11M17I4M7I27M17D6M1D18M1I41M5D231M1I29M14D126M
25	4275	0.520	3.982E-97	16	926	934	4	965	970	277M1I73M1I12M1I23M2D19M11D37M1I14M11D5M7D54M3D6M6D231M1I24M15D29M1D102M
127	4268	0.520	5.761E-97	0	926	934	38	1009	1013	9M7I277M1I86M1I27M2D34M18D13M1D22M19D36M3D220M1I37M1I14M12D22M1D7M1I27M1D84M
31	4267	0.515	6.073E-97	0	926	934	0	965	970	4M12I277M1I73M1I12M1I23M2D19M11D34M5D41M12D36M3D6M6D231M1I17M8D10M7D26M1D102M
28	4263	0.523	7.500E-97	16	926	934	4	966	971	277M1I73M1I36M2D15M11D32M5D11M3D6M7D13M2D34M8D3M1D253M1I24M15D29M1D102M
16	4260	0.536	8.787E-97	0	926	934	29	975	978	9M7I277M1I28M1I24M2I18M1I12M1I15M1I13M4D13M1D14M10D27M1I34M1I34M7D19M2D179M1I38M1I25M15D33M1I96M
94	4255	0.508	1.144E-96	13	926	934	1	919	924	280M1I86M1I15M1D53M13D46M4I17M2D17M14I223M1I15M14D49M4I88M
6	4252	0.522	1.340E-96	16	925	934	4	964	970	277M1I73M1I12M1I23M2D29M1D3M23D30M2D15M2D53M3D6M6D231M1I24M15D28M1D102M
5	4250	0.523	1.489E-96	16	926	934	4	965	970	277M1I73M1I12M1I23M2D19M11D34M5D20M12D57M3D6M6D231M1I24M15D29M1D102M
27	4250	0.526	1.489E-96	16	926	934	4	965	970	277M1I73M1I12M1I23M2D15M5D17M11D26M3D4M9D68M3D6M6D231M1I25M1I5M16D22M1D102M
29	4247	0.521	1.745E-96	16	926	934	4	965	970	277M1I73M1I12M1I23M2D19M11D34M5D43M12D36M9D235M1I24M15D29M1D102M
53	4246	0.521	1.839E-96	16	926	934	4	959	964	277M1I71M1D15M1I15M2D27M11D41M1D11M4D25M11D43M2D228M1I16M5D11M10D24M1D104M
24	4245	0.528	1.939E-96	16	924	934	4	963	970	277M1I73M1I12M1I23M2D14M5D16M6D30M1D7M7D30M9D33M3D6M6D231M1I20M8D7M7D26M1D100M
34	4245	0.521	1.939E-96	16	926	934	4	965	970	277M1I73M1I12M1I23M2D14M5D16M6D23M5D5M3D39M9D33M3D6M6D231M1I24M15D29M1D102M
85	4244	0.521	2.044E-96	16	926	934	4	965	970	277M1I73M1I12M1I15M2D27M11D37M1I11M14D14M4D48M3D6M6D231M1I24M15D29M1D102M
107	4240	0.514	2.524E-96	16	924	934	4	962	969	277M1I70M1I15M1I18M2D34M2D23M8D16M15D5M3D57M3D6M6D231M1I13M5D16M10D124M
64	4223	0.515	6.190E-96	16	926	934	4	963	968	277M1I71M1D15M1I23M2D19M10D12M4D10M1D60M9D13M3D22M6D231M1I16M8D13M7D37M1D89M
86	4222	0.520	6.526E-96	16	926	934	4	965	970	277M1I73M1I12M1I23M2D19M11D34M5D22M12D55M3D6M6D231M1I19M8D8M7D26M1D102M
22	4220	0.511	7.252E-96	16	926	934	4	953	958	277M1I77M3I30M2D22M4D34M1I11M15D64M4D5M5D230M1I12M10D15M4D23M1D105M
106	4215	0.525	9.441E-96	16	926	934	4	965	970	277M1I73M1I12M1I23M2D14M5D16M6D26M1I13M10D25M8D26M9D241M1I21M5D11M10D26M1D102M
26	4212	0.520	1.106E-95	16	926	934	4	965	970	277M1I73M1I12M1I15M2D27M8D13M8D41M12D57M3D6M6D231M1I24M15D29M1D102M
75	4211	0.512	1.166E-95	16	933	934	4	969	970	277M1I110M2D19M11D34M5D41M11D9M1I27M9D236M1I13M5D15M3D2M7D34M1D91M3I4M
108	4198	0.511	2.315E-95	16	926	934	4	923	928	277M1I86M1I15M1D29M9D10M3I3M1I3M10D65M8I3M7I243M1I14M14D43M3I95M
73	4138	0.520	5.490E-94	35	926	934	2	929	933	258M1I86M1I26M2D37M1D16M5D17M7D23M5D5M4D224M1I40M2I11M16D61M1D83M
65	4125	0.520	1.090E-93	17	933	934	0	877	879	276M1I19M2D30M1D60M2D42M14D75M4I207M1I38M50I107M2I5M
68	4092	0.524	6.218E-93	29	926	934	9	897	901	4M3D7M2I251M1I60M1D26M1I18M2D20M3I34M15I24M4I32M1D29M2I169M1I39M1I24M7D4M6D39M1D88M
102	4076	0.495	1.447E-92	16	926	934	4	959	964	271M1I92M1I15M1I11M3D24M1D20M1D4M12D17M2D25M4D9M9D263M1I13M14D7M2D37M1D99M
60	4068	0.509	2.206E-92	23	933	934	9	990	994	20M8D6M5D238M1I29M3D31M1I48M3D29M2D11M4D3M11D46M5D8M1D40M4D28M23D169M1I56M7D44M1D13M1D80M4I5M
74	4056	0.528	4.156E-92	18	898	934	0	902	926	275M1I47M1I38M1I25M2D33M4D29M1D9M14D257M2I31M2I23M1D4M4D23M2D11M1D69M
32	3892	0.500	2.381E-88	54	926	934	1	924	929	239M1I73M1I11M16D81M3I10M12D13M4D48M3D6M6D227M2D3M3I23M15D28M1D103M
104	3889	0.494	2.790E-88	16	924	934	4	931	938	40M32I205M1I73M1I12M1I23M2D19M11D34M5D19M3D25M9D33M3D6M6D227M2D3M3I23M5D5M10D25M1D99M
80	3867	0.502	8.907E-88	54	926	934	1	927	931	239M1I85M22D25M2I35M1I13M1D27M11D8M2D33M2I12M5D7M7D187M1I39M1I22M13D45M1D88M
84	3859	0.512	1.358E-87	59	926	934	0	925	929	234M1I86M1I27M2D11M2D3M8D15M8D18M1D24M11D11M2D33M2I12M5D5M12D191M1I37M1I24M8D7M5D124M
128	3751	0.415	4.055E-85	13	933	934	2	874	876	266M6D7M2D2M6I19M20I28M24I46M3I9M1I22M8I33M12I23M9D16M1I78M1I8M2D153M5D21M6D10M1D93M3I8M
117	3742	0.406	6.519E-85	19	922	934	9	987	1003	259M3D11M3I16M5I27M5D46M1D42M6D5M7D10M1I15M3D72M7D26M1D89M1D122M1D16M5D43M7D17M37D79M
92	3636	0.377	1.751E-82	17	926	934	1	1080	1084	275M3D19M23D15M3D6M2D14M17D57M5D27M7D25M14D33M2D28M5D33M5D96M2D126M1I10M47D30M16D16M17D13M3D86M
122	3520	0.364	7.970E-80	18	917	934	5	963	1001	268M1D61M29D28M4I25M14I12M17I50M1D43M3I20M3I79M1D117M1D47M6D7M15D6M3D16M41D68M2D12M
110	3510	0.494	1.351E-79	102	926	934	0	875	880	191M1I73M1I12M1I23M2D19M11D34M5D5M3D4M7D8M2D60M3D6M6D227M2D3M3I23M15D29M1D102M
103	3431	0.446	8.729E-78	38	926	934	0	882	886	49M4I10M5I5M2I166M9I2M2D4M1D11M2D48M14I76M2I19M6I24M16D47M2D18M3D83M2D141M6D33M2D111M
8	3415	0.372	2.031E-77	19	924	934	9	1007	1016	260M4D9M2I50M8D22M4D24M5D40M1D33M6D12M10D32M3D20M15D39M1I85M2D136M16D14M1I5M5D32M1D9M17D80M
81	3400	0.498	4.481E-77	51	844	934	7	821	885	242M1I71M1D15M1I15M3D11M1I15M1D11M8D26M1I10M5D5M3D25M8D19M7D14M2D237M1I18M12I43M
18	3400	0.331	4.481E-77	19	926	934	3	1245	1248	270M4D16M2D45M4D12M6D33M2D11M2D29M16D4M2D2M4D34M3D26M10D6M6D30M29D25M8D67M1I15M1D125M1I23M26D3M64D3M120D2M21D5M1D38M6D82M
101	3360	0.371	3.698E-76	19	928	934	22	934	936	261M8I2M1D18M4I57M4D35M1I21M3D48M3I20M2I15M4I38M4D5M5I65M2D99M11D92M2D24M3D83M
126	3317	0.357	3.576E-75	0	933	934	1	807	808	10M9I95M2I162M2D12M4I25M13I9M1I11M31I21M6I19M44I6M1I12M4I36M15I147M1I37M2I27M4I22M1D35M7D6M4D15M6D37M1I2M1I35M8I6M
100	3294	0.355	1.203E-74	16	923	934	3	790	806	263M11I52M53I14M2D26M14I9M25I25M11I41M7I77M1D2M1D85M5I1M7D35M2D14M3I18M5I84M1D28M
91	3281	0.363	2.390E-74	19	933	934	11	787	788	98M1D162M1D11M4D3M2I4M27I5M15I8M6I3M26I11M14I12M14I18M18I20M1D40M10I14M1D3M2I63M2I8M1D8M1D82M6I35M2I14M3I50M2I4M2I3M1I31M2D19M4D27M2I5M
114	3255	0.358	9.422E-74	19	927	934	7	927	929	213M1D45M10I10M2I108M8D22M2D8M1D64M5D124M2D87M5I16M3D51M6D10M7I13M2D33M6D81M
98	3234	0.341	2.854E-73	0	926	934	2	770	776	10M6I102M1D160M4D13M2D16M7I10M8I9M30I11M7I22M1D10M19I40M74I9M2I63M2I14M1D2M1D74M1I6M1I3M5I33M2I13M2D10M10I33M1I10M1I32M2D19M4D27M
124	3157	0.366	1.659E-71	19	920	934	3	708	713	257M16D19M37I8M11I5M38I7M46I11M11I3M6D6M19I17M10I4M18I16M3I40M1D24M1I16M2D82M1I32M2I32M15I5M1I18M8I43M1D6M1I29M
120	3150	0.357	2.401E-71	0	925	934	0	753	764	9M10I97M2I171M7I8M15I31M11I3M1I39M5I30M3I10M20I4M5D6M3I14M55I6M5I35M2D39M1D7M1D47M2I18M1D50M4I5M2I33M35I6M1I32M1I44M
97	3129	0.343	7.270E-71	19	920	934	28	774	786	99M1D160M4D10M3D25M3I9M7I9M48I30M1I6M37I17M11I19M18I10M16I5M6I62M3I14M1D2M1D84M6I33M2I14M5D10M1I2M11I36M3I36M1D17M2D20M
0	3103	0.337	2.867E-70	0	926	934	2	748	754	10M6I102M1D160M2D13M4D9M15I27M54I25M60I6M39I29M1D8M2I64M3I12M1D2M1D77M1D4M1I3M5I33M2I14M5D10M1I4M11I37M1I30M2D21M2D27M
10	3102	0.336	3.022E-70	19	926	934	28	778	784	99M1D160M3D4M2D25M7I13M1I4M2I11M75I13M13I15M3I5M20I27M23I21M2I1M2I63M2I14M3D1M1I84M6I33M2I15M2D8M10I42M3I33M2D20M2D25M
89	3066	0.343	2.019E-69	19	924	934	9	747	777	97M1D161M7I28M5D18M46I12M16I7M1I6M5I2M9I5M6I15M14I5M45I9M17I13M2I39M2D37M3D4M1I49M2I16M1D14M7I28M3I116M2D44M
95	3063	0.350	2.366E-69	19	922	934	3	708	720	95M2I173M7I25M34I13M13I11M1I17M35I15M6I10M30I3M37I20M2I32M2D44M2D49M2I18M1D51M6I16M19I12M7I24M1I32M1I41M
7	3062	0.343	2.494E-69	19	933	934	10	819	857	96M1D180M8I33M3I17M3I3M11I10M11I37M3I4M2I20M3I6M35I9M9I11M4I4M9I13M2I39M2D43M3D46M2I17M1D21M6I33M2I75M2D32M2D46M3I4M
40	3054	0.344	3.804E-69	19	924	934	8	746	776	97M1D162M11I12M6D9M3D19M84I18M21I6M5I10M2I4M37I2M2I21M8I14M2I39M2D37M3D4M1I47M2I18M1D10M2I7M5I22M3I119M2D44M
1	3037	0.335	9.328E-69	19	933	934	7	772	787	260M6I33M75I17M2I21M49I6M16I17M2I12M12I14M1I1M1I26M1D13M2D40M1D3M1D49M2I16M2D14M1I22M4I13M1I6M3I71M1I32M1D4M2D9M7D6M11D23M1I10M
87	3034	0.350	1.093E-68	19	923	934	9	738	770	94M1D168M8D22M9I21M6I17M33I6M5I27M1I6M23I7M6I4M92I38M2D42M2D47M2I17M1D14M3I3M4I26M3I47M5I30M1D34M2D43M
96	3028	0.325	1.500E-68	13	926	934	33	937	948	6M1D28M5I227M7D10M1I64M2I36M2I18M1D19M24I5M6I10M33D7M1I28M3I15M1D21M4D15M1D63M4I14M2D49M1I32M1I63M9I125M
20	3019	0.337	2.411E-68	19	919	934	9	736	772	258M7I14M46I2M5D8M83I34M27I19M7I22M1D14M4I40M2D36M3D5M1I47M2I17M1D11M2I6M5I23M3I55M1D22M1I41M2D39M
63	3003	0.344	5.610E-68	19	924	934	9	747	778	94M1D167M6I27M5D25M11I21M85I15M19I14M31I10M10I9M2I39M2D43M2D46M2I17M1D14M3I3M4I23M3I50M5I20M1D44M2D44M
88	2990	0.335	1.114E-67	14	919	934	4	734	770	263M10I10M93I19M25I5M34I7M2I16M1I15M1I7M2I39M2I39M2D37M3D4M1I49M2I12M1D17M3I4M4I22M3I55M1D22M1I45M2D35M
14	2978	0.351	2.098E-67	0	924	934	68	883	886	122M25I3M4I2M1D70M1D65M2I24M9I11M4I4M14I8M10I35M6I13M2I41M3I40M1D6M2I31M1D5M1D2M2I76M1D5M1D83M1D4M1I39M2I19M28I17M3I83M
2	2966	0.329	3.952E-67	13	926	934	6	776	781	105M1I54M1I104M36I17M1I15M50I25M23I14M24I46M1I29M6I38M1D41M3D49M1D11M1D6M4D65M4D19M29I10M4D48M3D11M5D12M3D23M
37	2955	0.323	7.061E-67	16	933	934	2	807	829	11M2D144M1I107M6D10M7I7M5I33M19I7M14I6M16I8M25D14M19I16M23I31M1I10M3I7M16I12M2I39M2D40M1D2M1D49M2I16M1D22M2I2M1I23M4I18M4D8M14I8M1I67M2D31M3I8M3I6M
125	2948	0.321	1.022E-66	13	919	934	21	805	813	7M2D259M2D27M13I13M15I15M6I7M12I8M17D8M11I17M15I15M17I9M12I31M5I27M6I61M13I130M2I11M2D2M4D3M5D7M20I16M3I10M4I70M
36	2914	0.327	6.144E-66	16	926	934	2	804	829	10M2D145M1I107M6D10M7I7M5I33M19I7M28I16M23D14M19I11M23I30M17I5M2I5M1I25M2I39M2D40M1D2M1D49M2I16M1D22M2I2M1I23M4I19M4D7M14I8M1I64M4D4M2I33M2I6M
123	2729	0.432	1.066E-61	56	748	934	0	713	715	222M3D37M12D40M4D44M1D22M8I24M6I11M12D244M1D21M2D14M
21	2713	0.354	2.480E-61	19	783	934	6	696	745	207M1D76M10I28M28I8M1D65M8I38M10I40M13I12M3I81M2D72M1I10M4D2M5I27M4I17M
121	2553	0.320	1.151E-57	23	804	934	1	616	619	255M6D40M84I13M31I9M3I5M14D11M2D4M46I13M29I2M7D22M1D11M2D44M2D50M2I16M2D14M2I9M1D22M8I18M2D19M
12	2541	0.333	2.168E-57	19	844	934	4	674	675	260M3I20M2I48M4I13M23I27M30I11M11I6M33I24M17I8M1I3M2I28M1I6M2D35M1D7M1I4M2I45M2I17M1D13M5I5M1I31M6I12M13I40M2I4M
9	2324	0.295	2.036E-52	19	924	934	9	609	639	94M1D167M7I19M86I29M46I5M16D3M125I3M45I45M2I17M1D14M2I4M5I25M3I47M5I25M1D39M2D44M
11	2181	0.324	3.852E-49	16	793	934	4	581	596	36M27I2M5I201M5D16M8I23M5I12M95I13M34I17M9I15M16I11M4I25M1D10M2D41M1D5M1D49M2I16M2D14M2I9M3I23M4I21M2D5M
19	1896	0.226	1.308E-42	20	933	934	15	729	735	23M1D18M2D44M1I9M1I44M1D11M5D6M8D18M1I3M3D27M2D8M2I3M2D38M5D11M4D14M80I15M20I13M24I6M3I11M23I8M6I4M27I9M2I7M8I11M2D6M2D46M1I14M1D5M2D80M4D39M1I4M4I13M9I14M8I23M1D10M5I12M9I10M1D11M1I4M6I11M3I6M
90	1365	0.174	1.927E-30	18	926	934	6	696	697	27M1I14M5I52M1I37M3D7M2D13M1I21M1I29M12I3M1I35M18D6M4D13M20I7M42I9M17I8M21I9M65I23M9I3M18I12M6I35M1I3M2I3M2D10M1D22M5D38M1I3M5D7M3I18M2D23M6I1M5I14M4I9M21I49M1D8M1I4M1I10M1D12M1D11M1D14M1D22M
4	1307	0.169	4.112E-29	19	929	934	5	685	688	3M1D39M4I52M1I37M3D6M2D14M1I22M1I20M1D3M3D9M12I38M5I18M2I46M8I7M27I30M15I1M2I19M14I6M68I12M4I36M3I14M3D2M1D8M2I7M2D1M6D4M3I3M2I4M5D31M4D8M3I16M2D15M9I5M3I16M2I13M66I7M1I9M3I2M2I14M3D25M3D4M6I16M
129	1198	0.156	1.294E-26	22	917	934	0	646	656	23M1I9M35I3M2D4M1D20M1I37M3D7M2D13M1I18M1I24M1D6M13I4M1I36M3D4M33I14M142I2M15D6M16I36M11I29M4D27M2I5M1I7M2D6M1D8M1D7M3D14M1D35M4D9M3I16M2D16M8I7M3I16M4I8M3I24M13I33M4D1M1I7M1D17M8I9M1D13M1D15M
99	945	0.185	8.120E-21	18	649	934	18	448	450	27M1I11M5I55M1I37M3D4M1D14M1I23M1I31M2I8M8I32M9D17M16I10M73I7M45I8M44I11M7I4M5I32M8I38M3I9M4D2M2I5M2D2M2D23M
17	827	0.158	4.108E-18	21	857	934	3	892	985	22M2I25M3I14M1I4M1D25M1I39M2D3M1D21M9D19M1I18M12D7M3D5M1I11M9D30M2I8M9D17M30D67M2D20M1D50M2D45M15D23M3D29M11D7M3D5M30D16M3I26M6I12M15I3M3I12M1D11M3D3M14D18M57I4M7I32M6I78M
93	637	0.148	9.281E-14	23	583	934	13	739	803	32M3D7M10I33M1I12M1I38M3D3M4D15M2I4M1I13M2D29M4I6M2I6M20D31M2I9M4D6M2D26M2D26M3D11M1D29M106D15M1D13M1D38M2I54M24D13M11D2M4D65M
 