118	6964	1.00	0.000E+00	0	977	978	0	977	978	978M
127	5618	0.789	0.000E+00	0	977	978	43	1012	1013	538M1D25M1I212M2I45M1I9M1I27M4I113M
72	5579	0.788	0.000E+00	0	977	978	0	957	958	445M11I111M1I208M2I46M1I8M1I27M4I113M
80	5210	0.788	0.000E+00	42	977	978	1	930	931	526M1D208M2I47M1I7M1I27M3I114M
86	5194	0.688	0.000E+00	0	977	978	0	968	970	338M1D11M2I56M1D39M4I49M1I36M1I46M1D180M1D13M2I47M1I22M1D13M3I114M
73	5187	0.735	0.000E+00	23	977	978	2	932	933	426M9I40M5I49M6I25M1D193M2I21M1I49M1D13M3I113M
5	5176	0.688	0.000E+00	0	977	978	0	968	970	338M1D11M2I56M1D39M4I49M1I36M1I46M1D180M1D13M2I49M1I20M1D13M3I114M
33	5162	0.686	0.000E+00	0	977	978	0	968	970	338M1D11M2I56M1D39M3I3M1I46M1I36M1I46M1D180M1D13M2I45M1I22M1D15M3I114M
29	5161	0.688	0.000E+00	0	977	978	0	968	970	337M1D12M2I56M1D39M4I49M1I36M1I46M1D180M1D13M2I49M1I20M1D13M3I114M
34	5155	0.687	0.000E+00	0	977	978	0	968	970	338M1D11M2I55M1D40M4I49M1I36M1I46M1D180M1D13M2I47M1I22M1D13M3I114M
24	5145	0.687	0.000E+00	0	977	978	0	968	970	338M1D11M2I56M1D39M4I49M1I36M1I46M1D180M1D13M2I44M1I25M1D13M3I114M
67	5136	0.679	0.000E+00	5	977	978	6	963	964	403M1D38M4I10M2I38M3D8M5I23M1I46M1D180M1D13M2I48M6I12M2I129M1D3M
26	5135	0.690	0.000E+00	0	975	978	0	966	970	338M1D11M2I56M1D39M4I49M1I36M1I46M1D180M1D13M2I49M1I20M1D13M3I112M
31	5132	0.683	0.000E+00	0	977	978	0	968	970	337M1D12M2I56M1D39M4I49M1I36M1I46M1D180M1D13M2I49M1I20M1D13M3I114M
27	5127	0.686	0.000E+00	0	977	978	0	968	970	338M1D11M2I56M1D39M4I49M1I36M1I46M1D180M1D13M2I49M1I19M1D14M3I114M
30	5127	0.689	0.000E+00	0	977	978	0	970	972	338M1D69M1D39M3I3M1I45M1I16M1I20M1I46M2D180M1D13M2I49M1I20M1D13M3I114M
112	5124	0.662	0.000E+00	0	977	978	0	969	971	338M1D70M1D41M4I46M2I35M1I46M1D180M1D13M2I48M2I29M1I120M
53	5107	0.675	0.000E+00	0	977	978	0	962	964	338M1D69M1D39M4I50M1I14M1I20M1I16M7I23M1D180M1D13M2I46M1I27M1D8M3I115M
64	5092	0.672	0.000E+00	0	977	978	0	966	968	338M1D107M4I50M2I33M3I46M1D180M1D13M2I49M1I20M1D13M3I114M
61	5091	0.667	0.000E+00	0	974	978	0	928	933	338M1D107M4I43M39I5M1I46M1D180M1D13M2I49M1I20M1D13M3I111M
38	5091	0.683	0.000E+00	0	977	978	0	967	969	338M1D78M1I29M4I49M1I15M1I20M1I47M1D179M1D13M2I45M1I28M1D9M3I114M
6	5091	0.684	0.000E+00	0	977	978	0	968	970	338M1D11M2I56M1D39M4I49M1I36M1I46M1D180M1D13M2I49M1I20M1D13M3I114M
39	5090	0.694	0.000E+00	0	977	978	0	963	965	336M1D71M1D39M4I33M7I7D9M1I15M1I9M4I7M1I46M1D180M1D13M2I48M1I34M3I15M1I98M
28	5089	0.689	0.000E+00	0	977	978	0	969	971	338M1D11M2I17M1D39M1D39M4I49M1I36M1I46M1D180M1D13M2I49M1I20M1D13M3I114M
25	5087	0.684	0.000E+00	0	977	978	0	968	970	338M1D11M2I56M1D39M4I49M1I36M1I46M1D180M1D13M2I49M1I20M1D13M3I114M
105	5081	0.676	0.000E+00	0	977	978	0	961	963	337M1D70M1D22M1I16M4I50M1I14M1I20M1I46M1D180M1D13M2I48M2I11M5I17M3I114M
75	5077	0.671	0.000E+00	0	977	978	0	968	970	338M1D70M1D38M4I50M1I14M1I10M1I9M1I46M1D180M1D13M2I47M1I24M1D11M3I114M
85	5073	0.688	0.000E+00	0	977	978	0	968	970	338M1D11M2I56M1D39M4I49M1I36M1I46M1D180M1D13M2I47M1I22M1D13M3I114M
106	5068	0.692	0.000E+00	0	977	978	0	968	970	338M1D11M2I56M1D39M4I49M1I36M1I46M1D180M1D13M2I47M1I22M1D13M3I114M
111	5067	0.669	0.000E+00	0	977	978	0	936	938	338M1D83M36I49M1I27M1I48M1D180M1D13M2I47M2D19M3I14M3I114M
84	5064	0.754	0.000E+00	47	977	978	0	928	929	524M6D205M2I46M2I36M4I112M
68	5063	0.705	0.000E+00	1	977	978	6	900	901	10M10I10M2I298M1D93M4I2M62I71M2D213M2I48M1I6M1I27M3I114M
119	5062	0.676	0.000E+00	0	977	978	0	966	968	338M1D55M2I12M1D41M4I47M1I15M1I20M1I46M1D180M1D13M2I52M13D9M14I8M3I114M
107	5055	0.673	0.000E+00	0	977	978	0	967	969	338M1D11M2I53M1D42M3I3M1I45M1I37M1I46M1D180M1D13M2I47M1I17M3I132M
62	4947	0.662	0.000E+00	0	977	978	0	929	931	337M1D73M14I10M23I26M7I7D9M1I15M1I9M4I7M1I47M1D179M1D13M2I48M13I9M12D13M3I15M1I98M
22	4865	0.651	0.000E+00	0	977	978	0	956	958	355M2I46M1D18M7I20M4I16M5I7M3D19M1I15M1I20M1I44M1D182M1D13M2I44M1I4M1I20M1D13M3I114M
74	4862	0.661	0.000E+00	7	973	978	1	912	926	334M1I84M1I64M21I251M1I12M2I18M1I51M11I91M17I7M
115	4861	0.616	0.000E+00	0	977	978	0	981	982	294M3D33M1D38M1D32M1D11M1D13M1I14M5I27M3I19M1D20M3D73M2D180M1D13M2I23M1D47M1D14M3I8M2D105M
102	4853	0.626	0.000E+00	0	977	978	0	963	964	408M1D38M4I7M2I22M6I13M1I25M1I56M1D180M1D13M2I48M1I16M2I20M1D110M1D3M
108	4850	0.641	0.000E+00	0	977	978	0	926	928	386M1I29M38I46M1I11M1I25M1I17M1I26M1D180M1D13M2I48M2I15M1D20M3I20M4I88M
16	4828	0.612	0.000E+00	5	976	978	39	977	978	303M1I32M3I48M1D15M2I28M5I27M2I70M4I18M9I11M1I192M2I83M3I23M2I88M
131	4826	0.644	0.000E+00	0	974	978	0	891	896	338M1D107M4I42M80I12M1D180M1D13M2I49M1I32M1D115M
94	4784	0.629	0.000E+00	0	977	978	0	922	924	386M1I48M37I23M4I16M1I26M1I20M2I18M1D175M1D18M2I47M1I35M3I21M5I88M
15	4764	0.604	0.000E+00	0	976	978	38	982	983	3M2I303M1I31M4I52M1D11M2I26M5I101M11I17M2I11M1I193M2I48M1I23M1D11M3I113M
130	4761	0.592	0.000E+00	0	977	978	0	982	983	295M3D35M1D37M1D25M1D16M1D34M2I41M3I10M1I23M5D54M2D182M2I3M3D13M2I23M1D19M2I27M1D12M3I11M1D103M
104	4690	0.652	0.000E+00	0	977	978	0	936	938	44M32I262M1D11M2I56M1D39M4I49M1I36M1I46M1D180M1D13M2I47M1I19M1D16M3I114M
32	4575	0.674	0.000E+00	42	977	978	1	927	929	296M1D11M2I56M1D39M4I49M1I36M1I46M1D180M1D13M2I49M1I20M1D13M3I114M
59	4551	0.567	0.000E+00	0	977	978	0	981	982	7M1D287M3D33M1D40M1D30M1D25M1I66M1D9M3D26M1D31M6D23M2D200M2I21M1D23M15I27M2I103M3D7M
3	4461	0.532	3.199E-103	0	977	978	0	881	882	265M5D14M4I49M1I7M17I9M1D64M18I13M1I31M8I11M2D38M36I172M2I3M3D15M2I21M1D32M15I13M3I17M1I96M
44	4443	0.536	8.413E-103	0	977	978	0	881	886	281M1D51M18I16M1D64M18I13M1I31M8I8M2D41M36I172M2I3M3D13M2I23M1D32M15I13M3I17M1I96M
43	4441	0.535	9.367E-103	0	977	978	0	930	931	265M5D12M4I68M1I17M1D16M1I46M18I52M1I14M5I5M8I225M2I3M3D15M2I21M1D31M15I14M3I9M1I100M4D4M
56	4437	0.535	1.161E-102	0	977	978	0	926	931	265M5D12M4I57M3I25M1D64M18I36M4I21M3D41M12I196M2I3M3D15M2I20M1D22M15I24M3I17M1I96M
54	4429	0.534	1.784E-102	0	977	978	0	918	923	281M1D69M1D13M1D22M2I43M18I13M1I24M8I27M3I32M11I191M1D20M2I21M1D31M15I14M3I9M1I104M
42	4422	0.539	2.599E-102	0	977	978	0	932	933	279M1D21M2I53M7I33M1I13M7I19M8I14M2D9M3I10M1I5M3I10M1I11M5I19M1I25M2I10M5D20M3I166M1D17M2I21M1D25M7I28M3I8M1D106M
113	4407	0.536	5.817E-102	0	977	978	0	914	915	272M5D5M4I51M7I27M1D64M18I37M3I19M2I6M8I8M7I46M1D174M2I3M3D15M2I21M1D18M3I10M15I14M3I9M5I96M5D4M
45	4406	0.526	6.138E-102	0	977	978	0	922	927	265M5D14M4I80M1D22M2I43M18I13M3D33M7I20M3I32M11I191M1D20M2I21M1D31M15I14M3I9M1I104M
49	4403	0.526	7.211E-102	0	977	978	0	857	862	265M5D14M4I68M17I62M18I9M28I11M5I8M2D41M36I172M2I3M3D15M2I21M1D32M15I13M3I17M1I96M
35	4401	0.537	8.029E-102	0	977	978	0	928	929	265M7D11M6I85M1D16M1I46M18I19M3I42M1D9M8I5M8I216M2I3M3D15M2I21M1D35M14I11M3I9M1I100M4D4M
60	4398	0.538	9.433E-102	6	977	978	2	990	994	4M2D21M10D7M3D256M3D31M1I39M1D24M1D18M5I18M4D59M1D20M3D15M1D67M5D187M2I21M1D16M3I23M5I18M2I110M
51	4393	0.541	1.234E-101	0	975	978	0	924	932	281M1D56M3I27M1D60M18I26M1I14M1I5M8I4M3I251M2I3M3D15M2I21M1D31M15I14M3I9M1I102M
109	4370	0.533	4.244E-101	0	976	978	0	914	915	281M1D65M1I20M1D60M18I50M2I6M3I18M2D16M7I26M11I174M1D20M2I21M1D31M16I13M3I22M5I86M
13	4363	0.531	6.181E-101	0	977	978	0	889	894	265M5D14M4I42M6I35M1D51M3I10M18I13M1I6M9I24M8I11M4I10M12I4M10I198M2I3M3D15M2I21M1D34M15I11M3I22M1I91M
41	4361	0.527	6.882E-101	0	977	978	0	922	924	265M5D14M4I16M3I46M2I16M1D43M7I8M12I35M1I31M6I15M3I7M4I220M2I3M3D15M2I21M1D16M1I10M7I12M2I3M11I18M1I92M3D4M
23	4349	0.530	1.311E-100	0	977	978	0	934	935	279M1D14M1I61M7I34M1I12M7I19M8I10M2D13M4I15M3I10M1I10M3D49M1I24M9I2M2D169M1D15M2I19M1D27M3I28M7I24M1D90M
78	4349	0.535	1.311E-100	0	977	978	0	939	940	280M1D21M1I43M1I49M1I13M7I19M8I12M2I51M1I14M1I10M2I55M6I161M1D20M2I21M1D14M3I24M4I15M3I31M1D83M
77	4345	0.532	1.625E-100	0	977	978	0	917	925	277M1D49M1D66M1I37M18I19M1I47M5I6M5I21M11I195M1D20M2I19M1D18M6I2M1I14M10I11M3I11M1I102M
57	4341	0.538	2.015E-100	0	973	978	0	921	931	278M1D23M1I65M1D64M17I51M1D2M5I28M8I13M3I11M1I13M1I174M2I3M3D13M2I23M1D18M15I27M3I23M2I6M1D79M
76	4340	0.532	2.126E-100	0	977	978	0	924	925	265M5D14M4I62M2I20M1D28M1I34M18I52M1I14M5I5M8I26M5I194M2I3M3D15M2I21M1D25M6I6M9I14M3I9M1I100M4D4M
52	4334	0.524	2.934E-100	0	977	978	0	903	913	265M5D14M4I53M5I26M1D42M7I9M3I9M8I22M4I22M8I9M3I26M19I200M2I3M3D15M2I21M1D31M11I14M7I11M1I102M
48	4330	0.540	3.638E-100	0	977	978	0	898	899	265M5D12M4I12M2I44M3I4M2I14M1D29M4I14M6I21M8I28M4I9M3I11M2I14M5I15M14I29M7I173M2I3M3D15M2I21M1D30M18I12M3I114M
71	4327	0.529	4.274E-100	4	974	978	16	926	934	261M5D14M4I84M1D18M2I43M18I13M1I24M8I21M5I5M8I29M1I195M1D20M2I21M1D31M15I14M3I9M1I101M
116	4321	0.531	5.899E-100	0	975	978	0	889	893	265M5D12M4I45M6I13M1I7M1I30M4I42M18I37M3I10M4I18M7I11M11I7M1I16M7I178M2I3M3D15M2I21M1D14M3I14M15I14M3I10M4I31M1D67M
69	4320	0.522	6.224E-100	0	977	978	0	923	924	265M5D14M4I75M10I23M2I37M18I19M1D29M4I8M1I15M2D10M2I44M6I172M2I3M3D15M2I21M1D14M6D5M11I9M10I11M3I9M1I100M4D4M
83	4316	0.536	7.716E-100	7	977	978	32	946	947	258M5D12M4I20M1I42M6I17M1D29M1D13M6I20M8I65M1I12M3I15M7I19M7I186M2I3M3D15M2I21M1D26M3I8M11I8M7I9M1D105M
66	4309	0.529	1.124E-99	0	977	978	0	922	923	82M1D198M1D13M1I43M15I43M1I13M7I15M8I24M1I15M1I5M3I10M1I11M5I16M2I29M1D28M4I164M1D20M2I21M1D25M7I28M3I8M1D106M
50	4308	0.522	1.186E-99	0	975	978	0	901	906	265M5D14M4I73M1I10M1D15M2I46M17I20M33I8M1I45M3I201M1D20M2I21M1D31M15I14M3I9M1I102M
46	4290	0.519	3.118E-99	0	974	978	0	917	926	265M5D14M4I54M3I27M1D60M18I34M27I252M2I3M3D15M2I21M1D26M19I15M3I9M1I74M12D27M
70	4252	0.510	2.401E-98	0	975	978	0	851	858	265M5D14M4I21M16D8M15I15M25I18M2I43M1D25M7I8M28I4M18I16M17I3M11I191M1D20M2I21M1D31M15I14M3I9M1I102M
82	4244	0.531	3.689E-98	5	977	978	30	946	947	2M1D258M5D12M4I16M1D46M5I19M1D29M1D13M6I20M8I57M1I19M13I45M8I172M2I3M3D15M2I21M1D17M13I11M4I5M1I8M3I20M1D95M
110	4229	0.661	8.257E-98	90	977	978	0	878	880	248M1D11M2I56M1D39M4I49M1I36M1I46M1D180M1D13M2I47M1I22M1D13M3I114M
58	4180	0.520	1.148E-96	0	977	978	0	884	889	265M5D14M4I84M1D18M2I35M3I34M5I6M18I11M8I16M5I8M17I3M11I191M1D20M2I21M1D5M1D4M2I14M21I14M3I9M1I104M
47	4163	0.517	2.860E-96	0	973	978	0	810	820	273M5D4M4I44M1I9M2I12M1I14M1D19M1I29M30I24M33I1M27I8M22I6M7I187M2I3M3D15M2I21M1D31M15I14M26I87M
65	4128	0.521	1.874E-95	7	977	978	2	875	879	296M2D22M1D37M1D45M1D28M10D33M7I3M7I20M3I9M19I14M8I27M2D191M2I25M68I107M
55	3997	0.500	2.131E-92	0	977	978	0	888	893	112M1I168M1D79M1D10M2I58M18I5M1I29M4D8M11I43M3I19M5I112M1I49M1I27M1D16M20I5M13I19M15I11M3I25M1I52M1I35M
81	3959	0.630	1.641E-91	39	892	978	7	882	885	299M1D78M1I29M4I28M1I20M1I15M1I22M1I44M1D180M1D13M2I45M1D25M1D14M26D15M2D16M
79	3916	0.517	1.652E-90	52	977	978	0	888	889	228M1D21M1I43M1I49M1I13M7I50M7I22M1I10M3I14M1I15M4I40M3D8M6I161M1D20M2I21M1D15M4I23M3I15M3I8M1D106M
117	3726	0.390	4.468E-86	0	977	978	0	994	1003	5M2D260M10D14M9I17M3I15M5D14M2I28M9I23M1I4M1I38M7I9M2I19M3I59M1I14M7D26M1I91M1D83M1D19M2I19M2D16M5D23M7D39M8D17M10D85M
92	3656	0.364	1.918E-84	5	977	978	1	1083	1084	260M4D54M1D83M2D67M13D48M2D15M8D16M9D32M6D94M2D88M1D11M2I36M53D15M2D35M9D117M
103	3593	0.464	5.656E-83	26	977	978	0	885	886	49M4I8M5I7M2I170M5I15M1D14M1D46M13I27M2I15M3I40M1I29M13D7M36I56M1I90M2D96M1D11M2I20M1D23M1I28M9I20M1I96M
128	3547	0.382	6.692E-82	2	976	978	0	875	876	3M3D263M3D31M8I55M14I5M3I32M4I19M2I18M13I11M7I4M19I18M8D15M40I81M1I7M2D83M1D19M2I22M1D48M9I33M2D78M3D8M
122	3521	0.341	2.704E-81	7	977	978	6	968	1001	260M2D21M6I47M29D4M15I9M12I18M23I25M15I17M4I73M2I32M5I79M1D85M1D21M2D11M2I20M21D23M21D21M4D97M3D5M8I11M
8	3514	0.356	3.938E-81	0	977	978	0	1013	1016	5M2D259M13D11M1D56M11I28M4I78M3D34M7D61M2D26M1D103M2D83M1I4M2D15M2I21M1D11M5D44M7D10M1D26M5D2M1D73M1D10M
18	3374	0.324	7.262E-78	5	976	978	1	1247	1248	263M4D5M1D71M5D11M4D12M4D45M1D28M10D36M4D89M16D26M8D68M1I14M1D84M1D19M2I34M80D18M88D9M21D14M11D36M19D87M
101	3342	0.364	4.050E-77	5	971	978	20	929	936	260M6I74M2I23M4I14M8I32M3I31M2D32M18I22M4I11M3I15M16I12M4D3M2D58M2D102M10D4M2D14M2I13M2D10M1I11M2I17M9I16M1I22M4I10M2D78M
100	3245	0.324	7.416E-75	0	977	978	0	799	806	3M1I261M1I11M34I11M38I10M23I37M22I6M15I10M10I4M11I74M4I6M2I79M1D2M1D81M2D9M1D17M2I13M3D16M8I3M10I24M8I22M1I49M1D26M3D14M
114	3244	0.348	7.825E-75	5	971	978	5	923	929	215M1D45M5I22M2I41M12I21M8I84M2I24M11I30M1D9M1D59M1D59M2D87M5I17M4D13M2I23M1D12M6D11M12I18M11I29M5D78M
126	3213	0.348	4.136E-74	6	972	978	10	806	808	97M2I160M8D12M9I13M7I31M14I19M11I20M40I18M52I26M40I14M7D133M1I34M1I22M2I8M4I4M1D13M1D17M1I5M3I51M1D5M1D35M2I41M
91	3189	0.340	1.501E-73	4	977	978	8	785	788	100M1D162M5D3M8D11M20I20M5I5M10I7M5I10M34I8M2I24M31I9M2I7M15I10M55I33M2I64M2I10M1D5M1D81M5I18M2I20M1I12M11I21M7I13M5I16M1I6M3I30M1D6M1D15M4D30M
7	3079	0.337	5.526E-71	0	977	978	2	821	857	5M1D100M1D181M7I43M3I6M10I15M14I34M5I9M14I13M51I8M9I17M14I6M15I13M2I39M2D43M3D46M2I17M1D12M2I8M3I16M2D9M4I9M1I18M14I10M2D6M2D22M7I45M1D6M1D34M3D11M
98	3071	0.324	8.492E-71	4	977	978	12	775	776	102M1D166M7D14M27I5M22I3M13I12M37I29M21I5M57I41M16I15M7D4M2I63M2I13M1D2M1D74M1I6M5I18M2I20M1I11M6I10M4I14M16I31M3I35M2D19M4D23M2D4M
124	3053	0.341	2.233E-70	5	967	978	1	707	713	258M3D2M1D11M11D3M10I33M41I7M4D6M83I7M42I16M25I4M8I6M20I5M2I40M1D22M1I18M2D101M2I13M1I22M6D8M4I18M45I44M1D6M1I28M
120	3043	0.338	3.821E-70	4	977	978	6	757	764	99M2I162M5D18M7I39M28I10M48I5M1I7M17I4M3I25M17I9M8I13M5D10M13I11M25I7M4I38M2D34M1D7M1D47M2I17M1D21M1D16M6I20M1I10M13I9M3I6M4I4M32I8M3I32M1I48M
97	3037	0.329	5.274E-70	2	977	978	23	783	786	104M1D160M9D12M8I4M64I8M28I19M53I8M5I18M16I41M6I11M4I12M4I6M2I62M3I13M1D2M1D84M5I15M2I20M1I13M2D9M24I14M3I9M4I54M1D16M2D30M
10	3032	0.327	6.898E-70	0	977	978	21	783	784	106M1D159M10D15M75I8M1I5M27I12M53I13M18I8M1I41M9I27M8I7M2I62M2I13M4D3M2I79M5I18M2I20M1I12M5I21M21I9M3I22M1I33M2D21M2D24M2D4M
0	3021	0.326	1.245E-69	4	977	978	12	753	754	102M1D160M16D12M71I19M28I31M3I9M2I5M17I6M40I22M57I5M2I62M3I13M1D2M1D77M1D4M5I18M2I20M1I12M3D2M4I4M9I6M12I15M2I26M3I30M2D21M2D26M2D4M
96	3005	0.301	2.941E-69	5	977	978	38	942	948	28M2I2M3I227M13D18M8I43M22I12M13I57M2I18M24I7M37D20M4I60M11I9M1D63M4I14M2D49M1I34M4D13M6I19M1D28M6I5M22I112M2D7M
89	2984	0.313	9.087E-69	4	977	978	6	755	777	101M1D160M1I12M40I15M19I3M18I11M13I7M19I4M46I29M3I19M11I20M32I5M2I39M2D43M2D46M2I17M1D14M6I21M2I8M2I19M21I54M2D45M2D40M3D5M
63	2970	0.307	1.927E-68	4	977	978	6	755	778	101M1D162M2I10M50I19M25I4M13I14M87I10M7I28M1I17M13I25M2I39M2D43M2D46M2I17M1D14M6I21M2I8M2I19M15I13M1D10M7I28M2I39M1D6M1D40M3D5M
40	2968	0.318	2.146E-68	0	977	978	1	754	776	105M1D173M6D15M9I10M17I7M22I9M36I9M1I7M10I3M21I7M4I4M31I1M14I11M4I7M25I14M14I2M2I39M2D43M2D46M2I17M1D14M5I5M1I16M2I8M2I19M5I28M12I17M2I56M2D40M3D5M
87	2967	0.311	2.264E-68	1	977	978	3	749	770	104M1D162M2I10M8D19M30I6M47I10M1I26M5I16M19I11M56I9M54I4M2I39M2D42M2D47M2I17M1D14M6I21M2I8M2I19M21I51M3I7M1D38M2D39M5D6M
20	2966	0.315	2.389E-68	4	977	978	6	750	772	275M7D9M1D9M31I13M80I13M18I12M5I20M43I6M17I10M21I6M2I39M2D37M3D4M1I47M2I17M1D14M5I11M1I6M2D13M6I16M5I28M12I23M2I50M2D39M4D6M
88	2960	0.313	3.298E-68	3	977	978	5	748	770	262M1I14M59I6M1I9M18I9M6I5M1I27M5I10M30I8M8I5M6I10M54I8M20I7M2I39M2D37M3D4M1I47M2I20M1D11M6I17M2D13M6I23M5I21M12I23M2I50M2D39M4D6M
95	2941	0.331	9.151E-68	5	977	978	1	714	720	97M2I163M3D11M83I8M13I31M8I15M5I12M34I9M10I5M15I8M1I7M44I5M5D5M1I37M2D39M2D49M2I18M1D20M1D8M5I8M3I11M1D16M19I15M22I18M2I5M3I32M1I38M1I9M
1	2934	0.319	1.333E-67	0	977	978	0	775	787	269M1D9M64I14M6I3M13I25M5I12M32I18M19I11M25I15M41I12M1I25M1D13M2D40M1D3M1D47M2I18M2D14M9I52M11I23M1I5M5I32M3I32M1D4M2D9M7D6M8D2M3D18M6D10M
2	2926	0.303	2.048E-67	1	976	978	6	780	781	103M1I56M1I123M119I13M14I17M13I17M36I25M1D32M1I58M1D43M3D49M1D11M1D6M4D24M1D14M2I24M5D9M19I7M27I13M5D16M3I30M3D13M5D12M3D16M2D9M
37	2899	0.308	8.733E-67	4	977	978	2	809	829	11M2D144M1I105M9D29M35I41M21D8M22I9M23I24M6I10M55I15M10I21M9I9M5I37M2D40M1D2M1D47M2I17M1D29M2I10M2I8M4I5M1D12M10D18M17I19M23I37M1D6M1D45M
125	2893	0.309	1.205E-66	3	975	978	25	812	813	268M3D24M11I30M57I15M12D22M17I12M49I18M1I15M2I39M12I63M13I87M2I4M3D15M2I10M1I18M1D14M30I4M2D18M5I12M3I71M1I8M
36	2879	0.317	2.557E-66	2	976	978	0	807	829	12M2D145M1I105M9D29M35I43M17D1M21I19M20I23M6I10M55I15M10I21M9I9M5I37M2D42M2D47M2I17M1D29M2I10M2I8M4I8M1D9M8D7M4I4M21I7M11I13M2I46M4D3M2I39M1I4M
14	2839	0.314	2.192E-65	3	974	978	83	885	886	107M25I3M4I2M1D70M1D55M3D11M17I23M2D41M27I14M21I30M8I11M12I51M8I40M2I7M2I76M1D5M1D87M1D20M2I20M1I12M2I5M36I16M13I6M1D80M
21	2758	0.347	1.699E-63	0	817	978	0	701	745	3M1I210M1D64M30I29M7I21M11I40M2I7M30I12M21I7M2I34M7I54M2I81M2D72M1I30M6I18M1D16M
123	2746	0.416	3.237E-63	44	776	978	0	713	715	222M2D50M2I49M9I22M5I65M5I10M12D16M12I22M4I19M1I29M1D156M1D19M3D16M
121	2491	0.333	2.874E-57	11	837	978	1	618	619	258M12D8M5I8M5I6M19I8M31I9M16I9M22I11M51I9D6M2I8M32I9M23I11M21I3M2D4M1I22M1D12M2D43M2D48M2I15M2D18M1I3M11I32M3D34M
12	2428	0.321	8.472E-56	4	859	978	1	674	675	263M7D12M43I12M23I9M43I13M1I14M5I20M40I36M3I17M14I20M2I28M1I9M2D29M1D9M1I4M2I46M2I17M1D13M5I18M2D10M11I4M2D12M1I44M
9	2309	0.269	5.057E-53	4	977	978	6	617	639	101M1D162M3D31M30I8M134I5M110I6M13D4M6I6M70I45M2I17M1D14M1I5M5I16M2I8M2I19M1I7M12I30M1I16M9I38M1D6M1D40M3D5M
11	2142	0.313	3.976E-49	0	819	978	0	576	596	42M32I201M6D17M34I11M51I12M7I21M15I10M4I14M44I21M58I25M1D13M2D41M1D2M1D47M2I19M2D13M7I2M2I14M3D11M3I25M
19	1786	0.209	8.011E-41	2	965	978	9	722	735	29M1D18M2D44M1I11M1I42M1D11M5D6M8D18M1I3M3D27M2D51M12D17M69I11M21I30M7I10M88I9M6I4M42I13M4I12M2D6M2D47M1I13M1D7M2D82M5D39M8I9M3I9M15I13M3I30M7I4M10I7M9I10M1D8M1I17M
90	1302	0.161	1.562E-29	0	974	978	0	696	697	31M1I15M5I53M1I37M3D7M2D13M1I21M1I30M13I38M1D4M26D9M26I36M59I18M20I11M108I6M31I33M2I5M1I3M2D10M1D22M5D38M1I3M5D7M3I20M2D14M7I6M8I26M9I13M7I8M9I6M8I16M6I14M1I4M1I10M1D10M1D13M1D14M1D22M
4	1233	0.167	6.357E-28	0	972	978	0	687	688	3M1I47M4I49M1I38M3D6M2D17M1I19M1I22M4D10M12I33M3D8M1I16M29I17M9I10M6I13M13I17M27I11M11I11M37I7M21I21M35I46M3I14M3D2M1D8M2I11M5D8M3I8M6D24M2D6M2D3M3I18M2D12M8I14M5I10M4I5M12I5M3D1M71I4M3I9M3I2M2I14M3D25M3D11M1D10M
129	1152	0.156	4.928E-26	10	965	978	0	646	656	3M1D1M1I16M1I11M35I3M2D4M1D19M1I38M3D7M2D13M1I18M1I33M13I38M1D3M1D11M51I5M26I10M8D5M31I24M8I21M51I8M58I15M6I28M3I12M2D6M1D8M1D10M3D12M1D32M1I1M5D9M3I18M2D14M7I6M12I18M4D4M2I6M24I12M2I5M5I35M2D1M1I7M1D15M8I11M1D13M1D15M
99	937	0.238	5.104E-21	5	352	978	17	364	450	8M1D1M1I16M1I15M5I52M1I38M3D4M1D14M1I23M1I40M10I33M16D52M1I31M
17	840	0.169	9.346E-19	9	892	978	3	930	985	21M2I26M3I14M1I4M1D26M1I38M2D3M1D21M9D19M1I18M12D7M1D18M10D27M2I5M14D24M1I17M7D18M1D17M8D31M4D29M9D22M4D40M4D31M4D15M2D15M2D14M8D12M3D38M5I11M2I13M4I10M8I2M9I4M2I21M6D23M54I56M8D13M11D41M8D25M
93	692	0.142	2.648E-15	11	610	978	13	767	803	32M3D7M10I44M2I39M3D3M4D15M2I4M1I13M2D29M4I6M2I6M20D30M1D12M8D18M1I37M3D46M103D117M26D19M7D48M1D33M4I16M
 25	7039	1.00	0.000E+00	0	969	970	0	969	970	970M
26	6698	0.991	0.000E+00	0	969	970	0	969	970	970M
5	6691	0.989	0.000E+00	0	969	970	0	969	970	970M
85	6691	0.975	0.000E+00	0	969	970	0	969	970	970M
29	6687	0.990	0.000E+00	0	969	970	0	969	970	970M
31	6650	0.993	0.000E+00	0	969	970	0	969	970	970M
34	6607	0.975	0.000E+00	0	969	970	0	969	970	970M
86	6593	0.975	0.000E+00	0	969	970	0	969	970	970M
106	6576	0.976	0.000E+00	0	969	970	0	969	970	970M
28	6571	0.987	0.000E+00	0	969	970	0	970	971	367M1D603M
6	6561	0.985	0.000E+00	0	969	970	0	969	970	970M
27	6557	0.988	0.000E+00	0	969	970	0	969	970	970M
24	6454	0.943	0.000E+00	0	969	970	0	969	970	970M
33	6348	0.934	0.000E+00	0	969	970	0	969	970	970M
30	6209	0.890	0.000E+00	0	969	970	0	971	972	349M2D162M1I70M1D388M
38	6169	0.889	0.000E+00	0	969	970	0	968	969	349M2D61M2I99M1I458M
32	6151	0.993	0.000E+00	42	969	970	1	928	929	928M
64	6132	0.883	0.000E+00	0	969	970	0	967	968	349M2D67M1I84M1I9M1I6M1I451M
75	6127	0.869	0.000E+00	0	969	970	0	969	970	349M2D162M1I9M1I448M
53	6110	0.870	0.000E+00	0	969	970	0	963	964	352M2D159M1I36M7I415M
107	6103	0.859	0.000E+00	0	969	970	0	968	969	853M1I116M
112	6049	0.869	0.000E+00	0	969	970	0	970	971	352M2D150M1I314M1I34M1D118M
61	6032	0.853	0.000E+00	0	969	970	0	932	933	349M2D61M1I77M10I3M28I441M
105	6009	0.860	0.000E+00	0	969	970	0	962	963	349M2D81M1I80M1I305M1I8M6I138M
39	6000	0.883	0.000E+00	0	969	970	0	964	965	349M2D162M1I8M4I313M1I36M1I95M
119	5967	0.875	0.000E+00	0	969	970	0	967	968	349M2D42M2I118M1I325M1I132M
62	5960	0.853	0.000E+00	0	969	970	0	930	931	349M2D63M15I7M19I58M1I8M4I313M1I36M1I95M
104	5923	0.913	0.000E+00	0	969	970	0	937	938	43M32I895M
22	5910	0.824	0.000E+00	0	969	970	0	957	958	334M1I83M7I37M2I47M1I305M1I152M
111	5891	0.854	0.000E+00	0	969	970	0	937	938	349M2D68M33I367M1I152M
131	5748	0.816	0.000E+00	0	969	970	0	895	896	349M2D61M1I75M78I285M3D121M
110	5657	0.969	0.000E+00	90	969	970	0	879	880	880M
108	5630	0.785	0.000E+00	0	969	970	0	927	928	334M1I14M2D37M1I23M35I64M1I35M1D17M2I253M1I58M4I90M
94	5586	0.781	0.000E+00	0	969	970	0	923	924	334M1I14M2D37M1I23M34I43M3I21M1I50M2I253M1I57M5I90M
67	5497	0.760	0.000E+00	5	969	970	6	963	964	329M1I13M2D108M2I53M1I311M5I8M1D9M1I124M
102	5322	0.699	0.000E+00	0	969	970	0	963	964	334M1I13M2D105M2I22M6I363M1D124M
118	5102	0.684	0.000E+00	0	968	970	0	977	978	338M1I11M2D56M1I39M4D50M1D35M1D46M1I180M1I13M2D49M1D20M1I13M3D114M
72	5092	0.672	0.000E+00	0	968	970	0	957	958	333M1I16M2D56M1I38M7I42M1D37M1D30M1I15M1I179M1I59M1I20M1I14M1I115M
127	4971	0.653	0.000E+00	0	968	970	43	1012	1013	337M1I12M2D56M1I38M4D57M1D31M2D28M1I17M1I177M1I59M1I18M1I16M1I115M
115	4824	0.592	0.000E+00	0	968	970	0	981	982	305M3D43M2D14M1D33M1D37M2I30M3I19M1D15M4D30M1D47M1D217M1D21M1D59M2D94M
81	4814	0.811	0.000E+00	39	882	970	7	876	885	310M2D61M2I65M1I33M1I305M2D38M26D28M
15	4770	0.583	0.000E+00	0	967	970	36	982	983	303M1I21M1I35M2I33M1D17M3I27M1I56M1D34M10I16M2I22M2I167M1I214M
16	4765	0.604	0.000E+00	5	967	970	39	977	978	299M1I20M1I28M1I37M1D21M3I27M1I24M2I30M1D31M10I19M2I12M2I177M1I60M1I19M1D44M2I88M
73	4721	0.628	0.000E+00	23	968	970	2	932	933	311M1I13M2D60M1I35M5I44M1I5M3I51M5I200M1I34M1I34M1D141M
130	4706	0.568	0.000E+00	0	968	970	0	982	983	295M3D52M2D19M1D28M1D46M2D40M3I34M5D14M1D46M1D218M1D22M1I49M1D102M
74	4683	0.613	0.000E+00	7	964	970	1	912	926	398M1I24M3D55M20I38M1D26M1I188M2I31M1I25M6I21M1I11M1I81M17I10M
68	4674	0.608	0.000E+00	0	968	970	0	900	901	4M5D7M10I7M2I320M2D59M1I14M39I11M9I5M13I30M1D26M2D22M1I177M1I59M1I25M1I125M
80	4640	0.655	0.000E+00	42	968	970	1	930	931	291M1I16M2D56M1I38M4D57M1D29M1D26M1D22M1I177M1I59M1I17M1I133M
84	4573	0.636	5.428E-104	47	968	970	0	928	929	286M1I16M2D59M1I36M4D56M1D21M1D42M6D12M1I179M1I68M1I9M1I16M1I115M
59	4562	0.560	1.000E-103	0	969	970	0	979	982	7M1D287M3D54M2D18M1D29M1D36M2D54M1D18M4D34M2D12M6D23M1D183M1I39M1D16M2I7M12I12M1I33M1D92M
116	4420	0.526	1.802E-100	0	969	970	0	892	893	268M2D9M1I53M7I45M4I19M3I4M8I20M4I34M3I24M8I7M16I23M5I227M1D22M5I8M13I38M4I18M1D70M
52	4417	0.503	2.111E-100	0	969	970	0	904	913	267M5D8M4I52M4I31M1D46M31I21M19I26M2D286M1D24M15I29M1I106M
113	4403	0.526	4.420E-100	0	964	970	0	905	915	274M2D3M1I62M4I3M2I16M1D41M3I5M5I19M7I29M9I41M9I262M1D19M5I8M13I20M4I12M1I88M
45	4402	0.519	4.660E-100	0	969	970	0	926	927	281M1D73M1D12M1D23M2I19M11I41M1I7M13I19M2D47M3I6M6I231M1D24M15I29M1I101M3D5M
54	4392	0.516	7.899E-100	0	969	970	0	919	923	281M1D68M2D17M1D23M2I19M11I37M8I8M9I66M3I6M6I231M1D24M15I29M1I106M
56	4387	0.517	1.028E-99	0	969	970	0	927	931	267M5D10M4I41M2I41M1D43M8I22M7I34M5I75M7I226M1D24M4I10M11I22M1I106M
43	4385	0.524	1.143E-99	0	969	970	0	927	931	268M2D9M1I88M1D16M1I89M17I21M3I11M9I6M1I20M2D235M1D24M15I29M1I106M
109	4374	0.508	2.042E-99	0	967	970	0	914	915	281M1D85M1D45M8I19M7I20M19I70M1I240M1D22M1D8M17I26M5I95M
78	4369	0.531	2.659E-99	0	968	970	0	939	940	280M1D21M1I26M1I37M1D23M1I34M8I17M3I22M15I35M1I19M5I10M1I10M3D10M2D10M5D205M1D11M2I19M5I54M1D83M
51	4364	0.527	3.462E-99	0	967	970	0	925	932	281M1D62M2I21M1D44M11I37M1D14M11I56M8I13M2D232M1D27M15I29M1I104M
3	4360	0.520	4.276E-99	0	968	970	0	881	882	268M5D7M4I53M17I16M1D45M8I12M8I27M3I4M19I28M7I18M3I7M1I17M8I215M1D24M15I29M1I105M
23	4354	0.517	5.869E-99	0	968	970	0	934	935	279M1D22M1I30M6I52M1I26M2D55M13I22M1D24M4I42M4I4M4I207M1D23M7I53M1D90M
42	4352	0.513	6.523E-99	0	968	970	0	932	933	279M1D21M2I34M7I22M1D28M1I17M8I30M1D26M10I19M1D38M1D23M2I17M6I202M1D25M8I6M1D51M1D87M
57	4345	0.519	9.438E-99	0	964	970	0	921	931	278M1D23M1I44M1D20M1D54M1I21M8I12M1I11M9I59M11I242M1D24M15I29M1I101M
69	4343	0.523	1.049E-98	0	969	970	0	920	924	277M1D62M1I6M9I11M1D22M2I30M1I8M10I35M7I77M6I228M1D17M5D3M4I9M16I22M1I106M
44	4337	0.527	1.440E-98	0	969	970	0	882	886	268M2D9M1I55M2I6M15I9M1D45M8I12M8I27M3I4M19I28M10I25M1I17M8I215M1D24M15I29M1I106M
49	4323	0.510	3.014E-98	0	969	970	0	858	862	267M5D8M4I53M17I16M1D45M31I15M3I10M16I12M28I19M5I34M2D212M1D24M15I29M1I106M
76	4318	0.518	3.924E-98	0	969	970	0	921	925	268M2D9M1I48M1I39M1D23M1I80M15I26M5I17M1I19M12I230M1D12M3I19M12I22M1I106M
77	4316	0.503	4.361E-98	0	969	970	0	923	925	277M1D77M2D35M1I80M15I26M5I10M7I20M9I228M1D21M7I12M10I23M1I101M5D5M
48	4315	0.514	4.597E-98	0	968	970	0	898	899	268M2D9M1I15M2I32M1D12M5I17M1D29M4I31M7I23M4I11M13I39M6I25M16I15M1D211M1D28M18I128M
71	4309	0.523	6.310E-98	4	965	970	16	926	934	277M1D73M1D12M1D23M2I19M8I12M8I41M5I4M7I54M3I6M6I231M1D24M15I29M1I102M
35	4308	0.507	6.652E-98	0	969	970	0	925	929	266M12D2M11I48M1D39M1D16M1I56M3I30M15I19M8I6M4I14M2I255M1D25M14I29M1I106M
41	4306	0.512	7.392E-98	0	969	970	0	923	924	278M1D21M3I25M1D12M2I24M1D43M17I54M5I38M6I38M1I228M1D15M19I6M1D28M1I101M3D5M
46	4303	0.521	8.660E-98	0	965	970	0	917	926	281M1D62M2I21M1D44M8I12M8I19M1I12M15I25M3I26M8I13M2D232M1D29M19I23M1I75M12D27M
50	4297	0.524	1.189E-97	0	969	970	0	904	906	268M2D9M1I88M1D15M2I22M5I34M5I18M19I14M3I4M9I33M3I6M6I231M1D16M8I11M7I26M1I106M
60	4279	0.515	3.073E-97	6	969	970	2	991	994	4M2D21M10D7M3D256M3D70M1D24M1D22M6I14M3D23M5D108M1D21M2D4M8D169M1I31M1D24M2I25M6I41M1D85M
83	4250	0.507	1.420E-96	7	964	970	32	942	947	260M7D8M6I20M1I31M1I6M3I4M1I18M1D25M1D38M12I22M5I3M13I13M1D30M3D27M2I236M1D31M18I37M1D87M
13	4247	0.498	1.664E-96	0	969	970	0	890	894	267M5D10M4I41M3D36M7I40M45I21M14I70M3D18M5I217M1D21M4I10M11I31M1I97M
66	4242	0.492	2.166E-96	0	968	970	0	922	923	82M1D198M1D21M1I34M14I40M1I77M17I92M5I3M5I205M1D35M7I42M1D90M
82	4230	0.515	4.081E-96	5	964	970	30	942	947	2M1D261M2D9M1I32M1D22M4I30M1D25M1D30M12I30M5I3M13I13M1D29M3I266M1D15M12I13M6I37M1D87M
70	4210	0.503	1.173E-95	0	969	970	0	857	858	281M1D20M1I5M14D5M37I17M1D23M2I19M31I15M3I6M3I4M13I14M17I33M3I6M6I228M1D27M15I29M1I103M3D3M
58	4188	0.516	3.745E-95	0	969	970	0	885	889	281M1D73M1D12M1D23M2I20M17I4M27I9M6I6M1I12M3I53M3I6M6I231M1D10M1I13M21I23M1I106M
47	4187	0.495	3.948E-95	0	964	970	0	810	820	273M5D4M4I65M3I13M1D20M1I29M53I7M15I19M34I13M12I16M1I213M1D18M3D11M18I17M23I83M
65	4140	0.528	4.716E-94	7	969	970	2	876	879	296M2D47M2D11M1D51M6I14M30I23M1D17M4D24M1D24M2D30M1D175M1I36M30I6M35I107M
55	4012	0.491	4.050E-91	0	969	970	0	889	893	112M1I168M1D62M1D19M1D7M2I42M8I9M8I46M2I17M1I3M9I49M2I113M1I48M1I38M20I7M4I2M1I17M21I23M1I69M1I36M
79	3897	0.501	1.751E-88	53	968	970	1	888	889	227M1D21M1I26M1I32M1D28M1I21M8I30M3I23M3I2M3I102M5I202M2D4M1I12M3I21M4I42M1D90M
103	3849	0.486	2.205E-87	26	968	970	0	885	886	49M4I8M5I7M2I170M5I15M1D23M1D26M12I37M2I36M1I55M11D25M20I24M11I3M3I97M2D122M1D23M5I33M3I117M
117	3758	0.383	2.687E-85	0	969	970	0	1002	1003	2M2D270M3D5M2I13M1I13M2I16M6D42M11I28M3I34M5D30M13I69M6D109M1D129M2D16M22D51M6D25M5D78M7D8M
128	3732	0.373	1.060E-84	3	969	970	1	874	876	2M3D263M6I5M9D21M8I25M15I17M18I30M22I5M45I35M1D47M10D95M2D7M1I118M1D31M5I60M1D86M
92	3683	0.372	1.407E-83	5	968	970	1	1083	1084	264M2D9M2D14M1I47M1D24M13D4M11D41M1D22M5D26M1I16M9I14M1I11M2D18M11D20M5D27M9D95M2D136M33D40M7D18M18D21M9D85M
122	3545	0.342	2.048E-80	7	969	970	6	971	1001	261M2D35M6I3M5I20M22I13M28D23M3I34M7I32M14I14M1I24M5I6M2I34M8I8M3I79M1D117M2D21M4D6M17D18M17D28M8D19M3D68M3I21M
8	3489	0.356	3.935E-79	0	969	970	0	1014	1016	2M2D266M15D7M1I41M7D23M2D25M7D4M4I102M6I82M2D22M5I80M2D127M1D11M12D47M4D29M6D77M1D9M
101	3480	0.358	6.327E-79	0	961	970	15	928	936	265M6I22M9I9M3I21M3I29M6I13M3I30M16I9M2I28M14I15M1I82M8D6M4D59M2D104M11D40M1D12M2I10M9I21M3I34M3D76M
18	3420	0.321	1.501E-77	5	967	970	1	1247	1248	261M5D39M2I43M12D49M7D38M7D37M8I30M3D62M17D10M21D69M1I12M1D141M6D4M22D5M63D12M2D10M80D21M10D5M4D9M8D5M27D90M
126	3260	0.343	6.979E-74	6	963	970	10	806	808	98M2I159M10I4M9D21M7I26M58I38M19I9M29I22M48I4M3I9M7D12M2I4M7D129M1I31M1D4M3I28M4I4M1D13M2D113M1I2M1I40M
100	3234	0.330	2.752E-73	0	969	970	0	801	806	2M1I269M10I13M17I21M15I4M1I12M10I21M1D23M25I18M24I22M21I11M35I11M2D79M1D5M1D85M3I3M5D30M3D21M22I49M2I44M1D23M4D18M
114	3227	0.347	3.982E-73	0	961	970	0	922	929	220M1D45M5I22M2I41M3D63M2D44M3I5M5I18M10I23M3I32M9I99M2D86M5I12M3D43M1D12M6D10M1I53M14I77M
91	3212	0.335	8.789E-73	5	969	970	9	787	788	97M1D163M18D3M14I4M27I5M34I10M28I14M24I30M27I23M7I10M17I35M1I9M2I64M2I10M4D5M2I79M3I3M3I36M1I12M17I26M3I23M2I4M1I3M1I33M2D17M4D27M1D4M
98	3112	0.313	1.722E-70	5	969	970	13	774	776	99M1D162M9D10M2I8M27I5M34I15M36I14M18I22M29I14M35I24M4I20M2D5M2I62M2I11M1D5M1D75M1I8M6I34M1I14M5I11M14I13M3I25M1I4M3I32M2D20M4D30M
124	3108	0.344	2.127E-70	5	963	970	1	712	713	258M3D2M8D3M12D11M36I6M5I12M108I14M15I16M48I7M6I21M10I4M2I40M1D23M1I17M2D82M1I32M1I25M19I7M7I7M4I3M3I15M7I41M1D6M1I33M
97	3103	0.325	2.769E-70	5	969	970	26	784	786	99M1D162M9D10M41I6M30I8M22I27M38I10M25I11M1I22M20I24M1I21M7I61M3I11M1D5M1D84M6I34M1I14M2D8M11I10M9I32M8I36M1D17M2D30M
7	3093	0.319	4.694E-70	5	969	970	8	822	857	100M1D173M21I7M41I17M13I12M27I14M4I29M18I5M8I36M5I52M2I39M2D43M3D46M2I18M1D19M6I36M1I18M10I43M4I46M2D38M3D12M
96	3083	0.323	7.956E-70	5	969	970	38	941	948	30M5I225M14D16M9I46M12I19M22I16M2I34M7I29M24D29M3I33M11I9M4I18M3D6M1D62M4I9M4D5M2I48M1I32M1I38M1D19M18I19M6I33M1I82M
10	3080	0.322	9.321E-70	5	969	970	26	782	784	99M1D161M10D14M4I3M27I5M34I14M23I23M5I15M13I8M30I5M8I11M9I6M28I21M1I11M7I62M2I11M4D5M2I82M6I34M1I17M10I4M5I19M7I26M5I32M2D20M2D30M
89	3061	0.311	2.541E-69	0	969	970	0	759	777	5M2D99M1D165M16I8M25I15M8I25M38I7M6I8M67I16M35I38M2I4M2I39M2D37M3D4M1I49M2I16M1D13M3I3M4I26M2I21M15I20M3I41M2D36M2D37M6D9M
120	3044	0.329	6.232E-69	5	969	970	7	758	764	98M2I163M3D9M5I47M62I20M4I15M13I50M42I6M7I3M11I7M11I7M4I33M2D39M1D7M1D47M2I18M1D50M4I7M1I12M20I17M24I6M7I2M1I35M1I46M
87	3039	0.321	8.114E-69	5	969	970	7	749	770	100M1D162M1D9M8D10M35I12M63I21M12I7M49I23M48I23M3I5M2I39M2D42M2D47M2I18M1D10M2I7M5I25M2I21M5I10M3I7M5I18M5I15M3I5M1D35M2D42M5D2M1I5M
63	3022	0.318	1.990E-68	5	969	970	7	770	778	100M1D162M1I28M25I12M63I21M12I23M76I27M7I11M9I5M2I39M2D42M2D47M2I17M1D11M2I7M5I23M2I21M8I19M4I12M1I6M5I15M2I40M4D3M2I38M17D8M
0	3016	0.321	2.732E-68	5	969	970	13	752	754	99M1D163M18D10M72I18M28I12M41I9M29I16M14I7M26I34M7I63M3I9M1D5M1D77M1D7M6I34M1I12M4D10M22I12M1I28M2I3M3I30M2D21M2D31M
40	3013	0.309	3.200E-68	0	969	970	0	759	776	5M1D98M1D165M16I10M6D10M17I10M22I9M23I20M8I17M37I4M2D3M9I26M73I5M2I39M2D37M3D4M1I47M2I18M1D13M3I3M4I24M2I21M13I37M5I26M2D36M2D38M7D8M
88	2999	0.316	6.700E-68	5	969	970	7	752	770	268M10I6M41I7M12I7M15I10M4I3M3I14M8I10M66I7M10I12M5I4M11I6M6I16M11I7M4I40M2D37M3D4M1I49M2I12M1D14M2I7M5I24M1I12M1I8M14I56M2I45M2D38M7D8M
20	2983	0.306	1.559E-67	0	969	970	2	754	772	275M39I19M5D6M4I23M47I17M16I19M74I13M26I7M3I40M2D37M3D4M1I47M2I18M1D17M7I24M1I12M1I10M5I18M13I36M2D40M2D41M7D8M
95	2974	0.321	2.507E-67	5	969	970	1	718	720	99M2I161M9D1M15I9M27I15M7I11M4I10M8I12M7I27M2I20M34I6M104I4M2I32M2D45M2D50M2I16M1D51M5I14M34I37M6I1M3I35M1I38M2D8M
2	2943	0.308	1.287E-66	3	965	970	8	780	781	103M1I54M1I169M78I2M29I11M1I7M1I14M11I21M52I27M5I35M1D33M1D14M2D45M1D11M1D6M4D62M5D22M37I17M1I12M3I32M3D11M5D12M3D16M4D7M
1	2942	0.312	1.357E-66	0	969	970	0	786	787	269M1D8M40I45M50I6M26I7M35I8M1D4M35I28M15I11M1I26M1D13M2D38M1D5M1D49M2I16M2D15M1I6M3I6M1I18M3I22M14I59M3I30M1D6M2D9M7D6M11D23M16D8M
37	2930	0.303	2.556E-66	4	969	970	2	810	829	11M2D144M1I105M16D4M22I10M25I8M45I23M5I19M50I7M20D36M17I11M1I26M1D13M2I39M2D42M2D49M2I16M1D13M1I12M2I22M3I19M3D11M14I22M16I50M2D48M
125	2927	0.308	2.995E-66	3	966	970	25	812	813	264M1D4M2D21M11I20M51I14M5I12M14D14M25I14M28I16M2I3M8I38M3I21M13I63M13I127M1I10M1D14M34I3M1D107M1I4M
14	2896	0.324	1.538E-65	2	965	970	79	885	886	3M3D98M7I4M18I7M3I72M1D56M2D7M3I24M4I22M8I27M17I17M5I7M1D10M27I24M17I35M5I9M2D46M6I80M2D128M1I11M25I14M22I95M
36	2892	0.308	1.899E-65	3	969	970	1	819	829	11M2D145M1I105M16D4M22I10M25I8M45I23M5I18M45I7M10D34M1I10M10I8M2I25M1D20M2I39M2D42M2D49M2I16M1D13M1I12M2I25M2I6M1I8M10D10M31I30M6I35M4D3M2I36M2D5M7D5M
123	2775	0.432	9.126E-63	44	772	970	0	713	715	228M2D8M8I113M1I27M4I13M1D16M2I21M3D9M6I52M3I181M1D23M2D14M
21	2758	0.348	2.238E-62	1	811	970	0	701	745	213M1D51M3D14M2I10M31I18M1I25M25I4M4I62M22I61M23I20M2I76M4D5M2I70M1I10M5D1M6I37M3I12M
12	2528	0.318	4.185E-57	5	852	970	2	674	675	260M7D13M4I28M9I14M72I20M26I7M31I31M10I21M15I21M2I27M1I7M2D35M1D7M1I3M2I45M2I18M1D13M2I36M9I56M
121	2516	0.315	7.884E-57	11	831	970	1	618	619	258M11D8M4I8M12I14M42I10M13I18M78I10M56I12M2I5M3D17M8I3M1D25M1D11M2D43M2D51M2I16M2D14M2I9M3I22M5I3M2D37M
9	2314	0.275	3.363E-52	5	969	970	7	623	639	100M1D170M16I14M13I15M57I15M65I2M3I9M97I3M2I6M32I4M44I45M2I18M1D13M2I4M5I25M2I19M15I30M1D4M8I17M2D39M2D42M8D8M
11	2109	0.302	1.680E-47	5	816	970	5	581	596	37M32I201M6D16M9I14M67I29M77I24M44I13M7I10M4I25M1D10M2D41M1D5M1D49M2I16M2D14M2I8M3I23M3I17M2D10M
19	1785	0.202	4.485E-40	5	969	970	12	732	735	27M1D17M2D44M1I11M1I42M1D11M5D4M8D20M1I3M3D27M2D51M12D8M64I5M35I28M34I13M31I18M61I21M7I13M2D6M2D46M1I5M1D16M2D76M3D4M1D39M4I5M2I11M18I17M14I7M1I22M11I23M1D9M1I8M3I18M
90	1346	0.160	5.175E-30	0	961	970	0	692	697	4M1I2M1D25M1I15M5I52M1I40M5D17M1I21M1I29M12I3M1I34M3D5M25D10M27I23M25I6M49I5M77I10M38I11M11I13M1I2M12I38M3I5M2D8M1D22M5D38M1I3M5D7M3I19M2D18M14I25M3I17M26I14M3I13M4I17M1I4M1I10M1D12M1D11M1D14M1D18M
4	1255	0.171	6.305E-28	9	963	970	8	686	688	40M4I52M1I38M3D5M2D17M1I19M1I22M4D10M12I37M1D7M28I32M8I11M6I12M19I19M22I6M7I16M22I16M34I5M22I19M7I2M2I5M5I25M3I14M3D2M1D8M2I12M3D12M5D30M2D7M2D2M3I18M2D14M1I7M7I6M4I11M18I12M63I6M3I7M1D2M6I15M3D22M3D22M
129	1148	0.153	1.787E-25	10	960	970	0	650	656	3M1D1M1I16M1I11M35I3M2D2M1D22M1I40M3D4M2D13M1I18M1I33M13I36M9D14M196I8M12D27M29I21M2I12M4I11M6I28M2I5M1I7M2D6M1D8M1D7M3D14M1D32M1I2M5D9M3I16M2D19M14I16M2I11M1I18M4I25M18I18M3I2M1I7M9I3M1D16M1D6M1D10M1D22M
99	955	0.262	4.741E-21	5	349	970	17	361	450	8M1D1M1I16M1I16M5I52M1I38M3D3M1D14M1I23M1I40M10I32M16D53M1I28M
17	802	0.164	1.523E-17	9	893	970	3	921	985	21M2I26M3I14M1I4M1D26M1I38M2D3M1D15M2I6M11D17M1I16M12D10M8D3M7D7M4I33M17D31M2D57M13D35M7D14M1D78M5I7M4D19M10D34M20D15M3D28M5I10M2I14M4I10M17I4M3I15M1I6M5D4M8D17M57I6M1I47M6D21M1D46M3D9M1D10M
93	654	0.159	3.758E-14	11	694	970	13	801	803	32M3D8M10I32M1I12M1I38M3D3M4D15M2I4M1I13M2D29M4I6M2I6M20D32M9D28M5D35M2D12M5D22M104D24M5D37M1I36M2I15M9I17M9D23M7D31M2I15M1D14M5I17M17I6M18I23M1I7M2D16M
 129	5236	1.00	0.000E+00	0	655	656	0	655	656	656M
90	3241	0.652	2.783E-73	0	655	656	10	696	697	32M27D197M7I20M2D36M1I8M1I13M1D7M12D4M2I207M1I17M1D103M
4	1587	0.243	1.867E-35	0	653	656	9	682	688	22M1D10M28D144M5D34M3D3M7D24M12I20M28D9M3D8M4D25M2D60M1D12M1I29M2D75M1I25M56I10M4D10M1D6M2D5M2D16M1I10M2I24M
99	1460	0.363	1.498E-32	1	406	656	23	449	450	31M27D71M1I76M3D36M20I42M4D52M7D40M1D37M
124	1417	0.194	1.442E-31	0	649	656	8	708	713	5M2I16M1D9M35D3M2I4M1I20M1D40M5I17M1D18M1D27M4D2M10D5M1I31M3D6M16I23M2D29M21D32M1D10M2I27M2D7M2D5M2I6M1I15M1I16M3I34M4I10M3D15M2I16M7D8M3D21M5D20M1I20M13I7M1I4M1D8M1I12M9D12M2I11M1I18M
1	1408	0.181	2.316E-31	0	654	656	12	765	787	5M2I14M1D11M35D4M2I3M1I16M1D44M3I4M2I13M1D21M1D24M16D8M3I34M5D8M11D9M8D6M13I11M3D15M1D42M1D29M1D11M5D9M2I4M1I11M1I9M1D11M3I34M4I9M1D34M6D22M5D4M2I5M10D58M1I11M1I12M11D16M6D7M10D26M
91	1388	0.190	6.640E-31	1	651	656	15	778	788	20M1D11M35D3M2I4M1I20M2D40M3I4M2I11M1D20M1D27M16D5M3I37M23I19M1I15M26D8M5D14M18D15M17D10M6D6M5D28M1D8M2D4M2I6M1I9M5I55M4I10M3D17M2I16M12D23M7I1M3D15M1D26M1D12M2D17M1I12M9D6M1D5M1I10M3D24M
95	1386	0.190	7.378E-31	0	655	656	8	709	720	5M2I16M1D9M35D3M2I4M1I19M1I40M5I15M1D23M1D24M1D4M11D4M1D43M11D17M14I32M4D37M4D5M10D33M5D9M3I31M2I5M1I34M4I9M1D16M1I21M7D5M4D20M1D2M2I11M13I32M2I12M1I15M7D8M1I13M1I8M3I13M
120	1383	0.195	8.641E-31	0	652	656	14	750	764	5M2I13M1D12M35D3M2I4M1I19M1I40M3I3M2I12M1D23M1D24M1D4M11D4M1D34M3D26M13I20M28D34M10D21M25D6M7D27M5D9M3I20M2I6M1I44M4I9M1D16M1I16M9D9M2D21M1D4M8I9M3I15M15I14M9D6M1I13M2I8M1I13M1I4M1I16M
63	1382	0.198	9.108E-31	0	653	656	14	743	778	5M2I15M1D10M32D30M2D40M5I17M1D21M1D30M13D39M4D22M15I2M11D7M10D6M3D9M9D34M1I43M2D5M3D7M2I6M1I7M1I22M1I3M1I34M4I9M1D16M1I14M1D11M7D25M2D16M2D31M2D20M4D4M4D18M1D5M1I10M1I11M4I10M
97	1379	0.189	1.067E-30	0	649	656	33	774	786	5M2I14M1D11M35D3M2I4M1I20M2D40M5I17M1D18M1D24M1I7M14D46M7D8M3D9M13I21M4D10M4D51M35D21M1D5M2D7M2I6M1I13M6I11M3D5M3I31M4I10M3D17M2I16M12D24M3D5M8D14M6I4M1D18M4I13M2I2M7D9M1I23M1I10M1D22M
87	1378	0.196	1.124E-30	0	653	656	14	735	770	5M2I13M1D12M35D3M2I4M1I20M2D40M5I17M1D21M1D24M16D5M3I36M7D7M9D4M9D13M14I71M2D31M3D5M2D7M2I6M1I11M1I7M3I8M2D2M1I36M4I9M1D16M1I15M1D12M3D14M1D5M3D4M2D19M6I31M10D11M4D4M4D18M1D5M1I9M1I12M4I10M
98	1370	0.183	1.713E-30	0	654	656	18	762	776	21M1D11M35D3M2I4M1I20M2D40M3I4M2I11M1D20M1D33M13D42M6D11M3D9M13I8M10D24M25D44M9D27M1D5M2D7M2I6M1I8M3I5M2I12M3D8M2I5M1I21M4I12M3D17M2I8M1I7M12D23M5I2M2D1M1I53M2D10M9D6M1I18M1D5M1I23M4I10M
89	1363	0.199	2.477E-30	0	653	656	14	743	777	5M2I14M1D18M31D2M1D19M2D42M5I17M1D21M1D24M1D4M12D65M12I3M11D13M10D15M1D28M1D17M6D27M3D5M2D7M2I6M1I11M1I17M1D6M3I31M4I9M1D16M1I26M4D15M1D3M3D6M2D14M8D51M9D5M1I18M1D5M1I13M1I8M4I10M
10	1361	0.185	2.752E-30	0	649	656	33	772	784	5M2I16M1D9M23D3M10D4M1I22M2D40M5I17M1D18M1D27M16D6M3I36M19D23M10I17M9D23M1D15M20D25M2I24M1D6M2D6M2I6M1I8M1I6M1I19M3I30M2I1M2I10M3D17M2I16M1D12M11D11M3I1M1D14M1D51M7D9M1I18M1D5M1I10M1D22M
70	1356	0.178	3.581E-30	0	646	656	10	841	858	23M1D9M35D3M2I4M1I20M1D37M3I7M2I14M1D17M1D24M1I6M13D4M1D36M10D23M6D29M5D6M5D3M37D29M23D10M15D8M8D8M7D24M2D5M1D7M2I6M1I8M1I10M3I12M1I34M4I9M3D16M2I16M8D7M3D19M12D2M8D60M4I1M1D7M1I17M8D9M1I13M1I15M
126	1348	0.181	5.457E-30	0	650	656	16	803	808	5M2I13M1D12M32D28M1I41M3I4M2I13M1D18M1D27M1D4M11D4M1D35M2I6M18D18M12I51M38D7M8D16M6D3M7D26M1D8M2D4M2I6M1I11M1I7M3I12M1I34M4I9M2D15M2I20M9D26M3D4M14D42M7D16M6D2M1D5M9D5M1I14M3I6M1I13M1I19M
100	1338	0.195	9.240E-30	3	654	656	11	789	806	2M1D15M1D12M22D5M9D4M1D21M1D40M5I17M1D18M1D27M16D6M3I40M2I14M11D3M10I12M19D6M1D11M1D17M2D12M2D17M3I7M40D21M3D12M2I6M1I8M1I7M2I51M4I10M3D15M2I13M9D10M8D20M2D2M3D4M1I29M1D21M1D9M1D7M1I17M8D26M4I17M
40	1330	0.189	1.408E-29	1	653	656	12	742	776	20M1D11M35D3M2I4M1I18M2D42M5I18M1D20M1D24M1D4M12D50M6D10M4D4M14I28M2D22M21D25M2I25M3D5M2D7M2I6M1I7M1I21M1D6M3I31M4I9M1D16M1I14M1D11M7D15M2D4M2I4M2D16M8D51M4D4M4D18M1D5M1I13M1I8M4I10M
0	1327	0.192	1.649E-29	0	651	656	20	744	754	5M2I16M1D9M35D3M2I4M1I20M2D40M3I4M2I17M1D14M1D24M1I7M14D39M21I38M7D6M2D6M8D20M15D5M4D13M2D31M1D7M2D5M2I6M1I15M3I16M3I32M4I10M3D17M2I9M1D7M12D23M2I11M7D18M4I31M1I5M9D6M1I17M1D6M1I10M1D24M
104	1327	0.173	1.649E-29	0	652	656	10	930	938	3M1I1M1D16M1D41M1D40M3I4M2I14M1D17M1D27M16D6M3I35M57D6M1I8M41D9M8I16M4D19M57D9M31D13M25D13M4D10M6D28M3D12M2I6M1I8M1I7M1D2M4I12M1I32M1I2M3I9M3D17M2I18M14D16M2D3M16D32M6D20M1I11M2D5M3D2M1D7M1I17M8D9M1I13M1I21M
121	1324	0.203	1.931E-29	0	549	656	2	618	619	5M2I16M1D9M35D4M2I1M1I22M1D40M3I4M2I11M1D23M1D30M13D39M21I40M1D28M8D19M1D10M27D15M1D11M5D9M2I4M1I8M1I18M1I6M1I33M4I10M1D38M6D25M3D4M1I5M4D21M
20	1321	0.183	2.262E-29	0	653	656	12	737	772	21M1D19M32D20M1D42M5I17M1D21M1D30M13D41M16D8M10D10M17I30M2I48M5D22M3D5M2D7M2I6M1I11M1I4M1D19M3I31M4I9M1D16M1I14M1D11M7D25M1I1M11D65M4D4M4D18M1D5M1I10M1I11M4I10M
37	1318	0.175	2.649E-29	3	650	656	10	801	829	2M3D18M1D9M35D4M2I1M1I19M1D40M3I7M2I34M1D19M1I8M13D4M1D37M34D11M20D21M6D8M24D9M1D57M1D35M5D10M2I6M1I8M1I10M1D13M3I33M4I10M1D16M1I16M8D28M3D6M1I1M9D18M3I9M3I20M4I1M1D7M4D4M4D18M1D5M1I13M1I19M
11	1315	0.226	3.102E-29	0	541	656	10	581	596	23M1D8M3D8M3I16M1D46M5I16M1D20M1D24M1D4M11D4M1D37M4D2M4D21M13I4M6D13M1I15M2D40M1D8M11D16M1D6M3D8M2D6M2I4M1I11M1I15M1D5M3I34M4I9M1D34M6D30M1D22M
2	1315	0.195	3.102E-29	0	654	656	15	772	781	23M1D9M35D3M2I4M1I60M3I4M2I34M1D19M1I8M13D4M1D35M1D17M3D8M15I18M12D6M29D13M14D33M5I26M4D12M2I6M1I8M1I11M2I13M1D32M4I10M4D9M1D6M2D20M8D8M3D16M10D5M1D4M1I12M10I32M4I7M9D4M1I7M2D15M4D22M1I16M
88	1309	0.184	4.255E-29	0	653	656	14	735	770	7M2I13M1D10M32D28M1D42M5I17M1D21M1D30M13D43M5D7M3D6M7D6M14I12M3D43M4D16M4D4M2I25M3D8M2D6M3I15M1I4M1D19M3I31M4I9M1D16M1I24M8D26M10D70M1I12M10D11M1I10M1I11M4I10M
49	1308	0.184	4.485E-29	0	646	656	10	845	862	23M1D9M35D3M2I4M1I20M1D37M3I7M2I13M1D18M1D27M12D8M1D34M10D26M13I7M27D8M4D6M5D22M46D9M32D9M5D9M3I4M7D26M1D8M2D4M2I6M1I8M1I10M3I12M1I32M1I2M3I9M3D16M2I20M7D8M4D12M7D9M6D39M1D21M3D7M4D4M4D16M1I6M1I13M1I15M
36	1306	0.174	4.983E-29	0	653	656	10	804	829	23M1D9M35D4M2I1M1I22M1D37M3I7M2I34M1D24M16D8M3I34M34D11M23D13M3D16M19D20M1D9M5D37M1D35M5D10M2I6M1I8M1I10M1D13M3I34M4I9M1D16M1I14M1D4M5D2M2D26M3D4M2D4M6D12M4I6M1D6M3I20M4I1M1D7M4D4M4D13M1D10M1I13M1I22M
7	1304	0.175	5.537E-29	0	654	656	15	810	857	5M2I13M1D20M32D21M2D41M3I4M2I14M1D20M1D30M13D39M4D14M25D9M12I9M19D9M8D13M32D42M3D4M2I25M2D5M3D7M2I6M1I11M1I7M3I7M4I5M6D31M4I9M1D16M1I20M12D22M3I1M1D16M1I44M10D3M3D10M1I11M9D7M1D4M1I14M1I8M4I11M
125	1298	0.170	7.594E-29	0	649	656	32	806	813	23M1D9M35D3M2I4M1I20M1D40M3I4M2I13M1D18M1D27M1D4M11D4M1D43M51D76M23D36M13D10M1D4M1I6M1D5M2D7M2I6M1I6M3I3M14I8M1I34M4I9M3D16M2I18M7D5M4D13M4D9M1D4M1I27M1I28M4I9M1I16M2I9M9D10M1I18M
122	1288	0.162	1.286E-28	0	654	656	9	983	1001	23M1D9M35D3M2I4M1I21M1D39M5I15M1D20M1D27M1D4M11D4M1D36M8D21M49D25M30D10M61D30M2D15M9D18M11D21M1D8M2D4M2I6M1I8M1I23M3I34M4I9M3D16M2I18M11D22M35D37M15D12M21D16M12D10M9D4M1I14M1I8M1I22M5D4M8D11M
3	1283	0.176	1.673E-28	0	646	656	10	869	882	23M1D9M35D3M2I4M1I20M1D37M3I7M2I13M1D18M1D24M1I6M13D4M1D34M10D26M13I7M27D8M4D6M5D5M51D4M35D11M14D23M1D9M3D4M7D26M1D8M2D4M2I6M1I8M1I10M3I12M1I34M4I9M3D16M2I16M8D5M3D19M7D9M6D38M3D22M1D7M1I18M8D8M1I13M1I15M
41	1282	0.168	1.764E-28	0	646	656	10	907	924	23M1D9M35D3M2I4M1I20M1D37M3I7M2I13M1D18M1D24M1I6M13D4M1D37M19D16M8D7M16D1M13I25M66D4M35D21M50D19M3I4M7D26M3D12M2I6M1I8M1I6M1D8M4I7M1I34M4I9M3D16M2I16M8D10M10D23M1I1M4D37M1D21M3D7M4D3M2D3M2D14M1I6M1I13M1I15M
30	1279	0.168	2.065E-28	0	650	656	10	962	972	3M1I1M1D16M1D11M35D3M2I4M1I19M1D41M3I4M2I13M1D18M1D27M16D6M3I42M56D8M43D9M82D22M4D13M12D20M15D33M6D28M3D12M2I6M1I8M1I10M3I12M1I32M1D1M5I9M3D16M2I16M8D3M6D14M2D13M1D5M5D9M11D22M6D25M3D2M1D7M4D4M2D2M2D14M1I6M1I13M1I19M
16	1277	0.179	2.295E-28	0	655	656	44	975	978	23M1D9M35D3M2I4M1I17M1D42M3I5M2I13M1D18M1D33M13D48M94D14M14I2M7D8M15D6M6D12M50D6M3D7M26D22M3D11M5D28M1D8M2D4M2I6M1I8M1I10M3I12M1I31M1D2M5I9M3D16M2I19M13D19M1I1M4D10M14D20M7D17M2D22M1D7M9D3M1I16M1I7M1I12M1I24M
13	1275	0.171	2.550E-28	0	646	656	10	877	894	21M1D11M35D3M2I4M1I20M1D37M3I7M2I13M1D18M1D24M1I6M13D4M1D36M30D22M15D2M14I3M3D11M6D6M12D27M41D13M45D11M8D4M6D27M1D8M2D4M2I6M1I8M1I10M3I12M1I34M4I9M3D16M2I16M8D4M3D20M13D50M3D19M1D7M1I17M8D9M1I10M1I18M
42	1275	0.176	2.550E-28	0	650	656	10	924	933	23M1D9M35D3M2I4M1I17M1D40M3I7M2I13M1D18M1D24M1I6M13D4M1D43M64D4M26D15M9I18M3D19M22D8M19D22M10D4M42D7M8D32M3D7M2I6M1I8M1I10M3I12M1I32M1I2M3I9M3D16M2I16M1D4M10D20M6D2M6D2M10D63M4D2M1D7M1I17M8D9M1I13M1I19M
47	1271	0.185	3.147E-28	0	646	656	10	802	820	21M1D11M35D3M2I4M1I20M1D39M3I5M2I13M1D18M1D24M1I6M13D4M1D34M4D14M11D12M15I30M17D12M11D8M4D16M55D8M12D27M3D12M2I6M1I8M1I10M3I12M1I32M1I2M3I9M3D16M2I18M7D10M8D19M3D24M10I33M7D5M1I16M1I6M1I13M1I15M
108	1271	0.164	3.147E-28	0	652	656	10	920	928	3M1I1M1D16M1D11M35D3M2I4M1I19M1D41M5I17M1D18M1D27M16D6M3I35M2I15M31D5M52D7M60D24M22D34M10D23M3I5M9D25M3D9M2I6M1I8M1I14M3I8M1I31M1D2M5I9M3D16M2I19M14D16M3D14M6D11M7D47M7D2M1D7M4D3M2D3M2D14M1I6M1I13M1I21M
56	1259	0.170	5.921E-28	0	650	656	10	918	931	21M1D11M35D3M2I4M1I20M1D37M3I7M2I13M1D18M1D27M12D8M1D36M30D24M12I39M3D20M81D11M76D4M4D4M7D26M1D8M2D4M2I6M1I8M1I10M3I12M1I32M1I2M3I9M3D16M2I16M8D10M10D23M6D40M1D22M3D5M4D4M4D16M1I6M1I13M1I19M
62	1259	0.163	5.921E-28	0	650	656	10	921	931	3M1I1M1D16M1D11M35D3M2I4M1I19M1D41M3I4M2I13M1D18M1D27M16D6M3I35M2I18M151D24M1D10M12D24M12D15M1I17M6D29M2D5M1D7M2I6M1I8M1I14M3I8M1I31M1D2M5I9M3D16M2I20M11D21M6D8M11D12M13D11M4I31M3D2M1D7M1I17M8D9M1I13M1I19M
52	1257	0.174	6.579E-28	0	646	656	10	891	913	21M1D11M35D3M2I4M1I21M1D36M3I7M2I13M1D18M1D27M16D5M3I34M10D9M12D11M78D7M13I11M56D38M10D26M13D27M1D8M2D4M2I6M1I8M1I10M3I12M1I34M4I9M3D16M2I16M8D5M3D19M13D48M1D19M2D2M1D7M9D3M1I16M1I6M1I13M1I15M
46	1257	0.171	6.579E-28	0	653	656	10	904	926	23M1D9M35D3M2I4M1I20M1D37M3I7M2I13M1D18M1D24M1I6M13D4M1D36M10D7M12D11M33D6M14I5M6D14M1D6M51D4M19D16M53D24M3I4M7D26M3D12M2I6M1I8M1I10M3I12M1I32M4I11M3D16M2I16M8D7M3D18M12D3M9D45M6I17M7D7M1I16M1I6M1I36M
15	1255	0.157	7.309E-28	0	655	656	46	980	983	23M1D9M35D3M2I4M1I17M1D42M3I5M2I13M1D18M1D33M13D41M1D21M14I2M38D14M14D5M45D13M11D35M94D8M7D25M1D8M2D4M2I6M1I8M1I10M3I12M1I32M1I2M3I9M3D16M2I16M7D5M3D19M6D10M23D10M2D49M1D7M1I17M8D10M1I12M1I24M
82	1253	0.164	8.121E-28	0	650	656	36	938	947	23M1D9M35D3M2I4M1I20M1D39M5I18M1D21M1D30M13D38M15D24M36D1M13I14M4D6M5D8M25D13M58D18M18D8M29D11M7D24M3D12M2I6M1I8M1I10M3I12M1I32M1I2M3I9M3D16M2I20M7D8M8D14M8D2M10D49M6I17M4D3M2D3M2D14M1I6M1I13M1I19M
94	1252	0.158	8.560E-28	0	652	656	12	916	924	5M2I14M1D11M35D3M2I2M1I21M1D41M5I17M1D18M1D33M13D36M2I18M20D5M129D23M11D18M8D42M10D38M3D8M2I6M1I8M1I14M3I8M1I32M1D1M5I10M3D16M2I19M11D21M11D19M8D49M7D7M9D3M1I16M1I6M1I13M1I21M
44	1251	0.177	9.023E-28	0	646	656	10	869	886	23M1D9M35D3M2I4M1I20M1D37M3I7M2I13M1D18M1D24M1I6M13D4M1D36M10D24M13I13M20D11M67D6M35D15M7D22M8D6M3D4M7D26M1D8M2D4M2I6M1I8M1I10M3I12M1I34M4I9M3D16M2I18M7D10M8D15M9D45M1D23M3D5M9D3M1I16M1I6M1I13M1I15M
66	1250	0.174	9.511E-28	0	650	656	10	914	923	23M1D9M32D9M1D18M1D40M3I7M2I13M1D18M1D24M1I6M13D4M1D51M83D11M9I13M33D11M58D27M2D27M7D27M1D8M2D4M2I6M1I8M1I10M3I12M1I32M1I2M3I9M3D16M2I16M8D4M3D19M4D8M3D2M11D27M4D27M1D4M3D2M1D5M9D5M1I16M1I6M1I13M1I19M
131	1248	0.174	1.057E-27	0	652	656	10	888	896	2M1I2M1D16M1D11M35D3M2I4M1I17M1D43M3I4M2I13M1D18M1D27M16D6M3I35M28D8M28D16M14I14M3D46M15D8M39D5M32D7M8D22M3D12M2I6M1I8M1I10M3I12M1I31M1D2M5I9M3D16M2I20M11D21M11D6M1D11M8D11M1D11M7D27M6D2M1D7M9D3M1I16M1I6M1I13M1I21M
76	1247	0.163	1.114E-27	0	646	656	10	908	925	23M1D9M35D3M2I4M1I21M1D36M3I7M2I13M1D18M1D24M1I6M13D6M1D34M30D20M49D6M12I14M22D20M44D12M32D13M12D16M6D27M2D5M1D7M2I6M1I8M1I10M3I12M1I34M4I9M3D16M2I16M8D5M3D19M13D69M4D7M1I17M8D9M1I13M1I15M
101	1244	0.158	1.305E-27	0	653	656	27	934	936	5M2I13M1D12M35D3M2I2M1I22M1D39M3I5M2I13M1D18M1D33M13D43M78D5M8D7M24D8M11I21M14D10M19D39M24D7M9D32M3D7M2I6M1I12M1D11M3I8M1I32M4I11M3D18M2I14M19D10M10D45M3D41M2D13M9D10M7D3M1D4M1I14M2D5M1D18M
72	1244	0.171	1.305E-27	0	646	656	10	945	958	2M1I2M1D16M1D11M35D3M2I4M1I17M1D40M3I7M2I13M1D18M1D33M13D38M57D15M41D9M71D14M22D15M5D9M9D45M4I7M8D22M2D5M1D7M2I6M1I8M1I14M3I8M1I31M1D2M5I9M3D16M2I16M7D3M6D16M4D7M4D5M3D4M13D25M4D21M2I17M4D3M2D3M2D14M1I6M1I13M1I15M
50	1243	0.162	1.375E-27	0	646	656	10	891	906	23M1D9M35D3M2I4M1I20M1D37M3I7M2I13M1D18M1D33M13D38M30D22M17I15M21D5M37D10M18D3M23D10M48D31M6D27M2D5M1D7M2I6M1I8M1I10M3I12M1I34M4I9M3D16M2I16M8D7M3D18M13D68M4D7M1I17M8D8M1I14M1I15M
43	1241	0.178	1.528E-27	0	646	656	10	914	931	23M1D9M35D3M2I4M1I20M1D37M3I7M2I13M1D18M1D24M1I6M13D4M1D36M25D17M5D5M48D2M6I31M48D26M11D7M12D11M35D8M11D27M1D8M2D4M2I6M1I11M1I7M3I12M1I32M1I2M3I9M3D16M2I20M7D8M4D13M12D3M8D62M3I7M4D4M4D16M1I6M1I13M1I15M
71	1241	0.161	1.528E-27	0	654	656	22	922	934	23M1D9M35D3M2I4M1I20M1D37M3I7M2I13M1D18M1D24M1I6M13D4M1D36M27D7M3D17M14I12M5D29M98D19M46D11M9D4M6D27M2D5M1D7M2I6M1I8M1I10M3I12M1I34M4I9M3D16M2I16M8D7M3D18M13D47M1D21M3D7M1I17M8D9M1I16M4I17M
39	1237	0.160	1.886E-27	0	655	656	10	957	965	2M1I2M1D16M1D11M35D3M2I4M1I19M1D41M3I4M2I13M1D18M1D27M16D6M3I35M2I8M101D14M85D30M12D24M12D15M1I17M6D29M2D5M1D7M2I6M1I8M1I14M3I8M1I31M1D2M5I9M3D16M2I20M11D21M6D11M5D12M15D43M3D2M1D7M9D3M1I16M1I6M1I16M4I18M
22	1233	0.159	2.328E-27	0	650	656	12	948	958	5M2I14M1D11M35D3M2I4M1I19M1D41M3I4M2I14M1D17M1D27M16D6M3I33M2I13M73D9M100D20M2D17M1D47M31D34M2D5M1D7M2I6M1I8M1I10M3I12M1I34M4I9M3D16M2I19M14D16M3D26M3D28M18D18M3D2M1D7M4D3M2D3M2D14M1I6M1I13M1I19M
128	1228	0.166	3.029E-27	0	654	656	11	866	876	21M1D11M35D3M2I4M1I20M1D40M5I17M1D21M1D30M13D41M10D7M62D5M6D9M14I42M7D26M24D13M27D26M3D7M2I6M1I8M1I26M3I31M4I10M3D15M2I19M11D19M9D4M3D3M11D47M5D17M1D7M4D3M2D3M2D12M1I8M1I16M4I17M
68	1228	0.169	3.029E-27	0	650	656	0	892	901	8M2D3M3D11M1I9M35D3M2I4M1I17M1D43M5I17M1D18M1D33M13D36M1I6M5D10M46D6M16I16M11D5M5D5M27D8M16D13M44D19M15D10M6D27M3D12M2I6M1I8M1I10M3I12M1I31M1D2M5I9M3D16M2I16M7D3M6D14M2D8M1D8M21D18M2I19M2D23M3D5M4D3M2D3M2D14M1I6M1I13M1I19M
45	1227	0.180	3.193E-27	0	650	656	10	914	927	23M1D9M35D3M2I4M1I20M1D39M3I5M2I13M1D18M1D24M1I6M13D4M1D36M27D7M3D17M51D2M5I8M14D33M12D7M22D19M15D3M3D8M37D4M6D27M2D5M1D7M2I6M1I8M1I10M3I12M1I34M4I9M3D16M2I16M8D7M3D17M6D2M1D31M7D34M2D2M1D7M9D3M1I16M1I6M1I13M1I19M
69	1224	0.169	3.740E-27	0	646	656	10	907	924	23M1D9M35D3M2I4M1I20M1D40M3I4M2I13M1D18M1D27M16D5M3I36M30D22M63D2M14I34M6D34M86D7M11D27M2D5M1D7M2I6M1I8M1I10M3I12M1I32M1I2M3I9M3D16M2I20M7D8M4D11M4D8M3D2M13D57M3I7M4D3M2D3M2D14M1I5M1I14M1I15M
61	1222	0.177	4.155E-27	0	652	656	10	925	933	2M1I2M1D17M1D10M35D3M2I4M1I17M1D43M3I4M2I13M1D18M1D27M16D6M3I35M2I18M15D4M13I12M18D5M27D4M7D18M17D18M61D15M2I8M51D21M3D12M2I6M1I8M1I10M3I12M1I31M1D2M5I9M3D18M2I18M11D21M11D6M1D11M8D12M7D20M1D17M3D2M1D7M9D3M1I16M1I6M1I13M1I21M
107	1222	0.169	4.155E-27	0	652	656	10	961	969	3M1I1M1D18M1D9M35D3M2I2M1I21M1D41M3I4M2I13M1D18M1D33M13D36M1I8M57D9M16D7M109D16M16D15M2D24M12D13M1I21M6D27M2D5M1D7M2I6M1I8M1I10M3I12M1I32M1I2M3I10M3D15M2I16M1D4M10D21M11D6M3D4M3D10M3D20M5D21M3D9M3D5M9D3M1I16M1I6M1I13M1I21M
53	1221	0.170	4.380E-27	0	650	656	10	954	964	2M1I2M1D16M1D11M35D3M2I4M1I19M1D41M3I4M2I13M1D18M1D27M16D6M3I35M49D4M7D12M19D23M16D14M4D14M57D16M18D23M33D7M7D27M2D5M1D7M2I6M1I8M1I10M3I12M1I31M1D2M5I10M3D16M2I18M14D16M3D14M11D11M5D29M4D10M1I7M6D2M1D7M4D3M2D3M2D14M1I6M1I13M1I19M
116	1220	0.179	4.617E-27	0	652	656	10	885	893	23M1D9M35D3M2I4M1I20M1D40M3I4M2I13M1D18M1D24M1I6M13D4M1D36M15D30M49D5M7D21M8D16M15D13M9D10M45D18M11D32M3D7M2I6M1I8M1I10M3I12M1I32M1I2M3I9M3D16M2I19M14D16M4D14M1I9M4D50M1D7M10D3M1I16M1I6M1I13M1I21M
67	1220	0.166	4.617E-27	0	646	656	11	950	964	3M1I1M1D18M1D9M35D3M2I4M1I19M1D41M3I4M2I13M1D18M1D33M13D38M68D15M30D5M19D8M10I3M16D28M26D8M11D21M47D16M7D18M1D1M1I6M3D12M2I6M1I8M1I14M3I8M1I32M1I2M3I9M3D16M2I16M8D3M6D15M3D15M11D18M6D20M1D24M3D5M4D4M2D2M2D14M1I6M1I13M1I15M
54	1219	0.164	4.866E-27	0	650	656	10	910	923	23M1D9M35D3M2I4M1I20M1D37M3I7M2I13M1D18M1D24M1I6M13D4M1D36M27D8M57D16M14I6M2D11M16D8M13D4M26D11M3D9M7D18M37D9M7D26M2D5M1D7M2I6M1I8M1I10M3I12M1I34M4I9M3D16M2I16M8D7M3D17M13D67M3D2M1D7M1I17M8D9M1I13M1I19M
77	1219	0.170	4.866E-27	0	646	656	10	905	925	23M1D9M35D3M2I4M1I20M1D37M3I7M2I13M1D18M1D33M13D37M88D14M12D12M12I2M3D33M50D13M13D6M25D15M4I4M7D26M3D12M2I6M1I8M1I10M3I12M1I32M1I2M3I9M3D16M2I16M8D4M3D19M7D10M1I1M9D65M9D3M1I16M1I6M1I13M1I15M
111	1219	0.162	4.866E-27	0	655	656	10	931	938	2M1I2M1D18M1D9M35D3M2I4M1I19M1D41M3I4M2I13M1D18M1D27M16D6M3I35M2I16M20D4M58D8M8I19M35D4M35D27M37D15M3D14M3D4M4D19M2D5M1D7M2I6M1I6M1I12M3I12M1I34M4I9M3D16M2I16M8D3M6D16M2D6M6D3M21D14M2I49M1D7M4D4M4D16M1I6M1I23M3I12M
119	1218	0.160	5.129E-27	0	652	656	10	960	968	3M1I1M1D18M1D9M35D3M2I2M1I21M1D41M3I4M2I13M1D18M1D27M16D6M3I35M28D7M28D8M43D11M76D42M2D21M28D14M3D16M7D21M2D5M1D7M2I6M1I8M1I14M3I8M1I32M1I2M3I9M3D16M2I19M14D16M2D11M1D3M11D12M13D48M1D7M1I17M8D9M1I13M1I21M
58	1216	0.178	5.699E-27	0	650	656	10	875	889	23M1D9M35D3M2I4M1I20M1D37M3I7M2I13M1D21M1D21M1I6M13D4M1D36M27D7M3D17M14I12M5D28M82D9M7D18M33D8M11D27M2D5M1D7M2I6M1I8M1I10M3I12M1I32M4I11M3D16M2I16M8D7M3D16M4D8M3D62M3D7M9D3M1I16M1I6M1I24M2I7M
96	1216	0.159	5.699E-27	0	651	656	45	933	948	5M2I24M1D2M30D3M3I19M1D44M3I4M2I14M1D17M1D27M1D4M11D4M1D43M102D14M63D26M13D26M9D32M4D5M3I27M1D8M2D4M2I6M1I6M3I6M1I19M3I31M4I10M2D15M2I21M14D27M1D25M3D46M1I15M7D3M1D5M1I13M1I20M
51	1215	0.170	6.007E-27	0	646	656	10	914	932	23M1D9M35D3M2I4M1I20M1D37M3I7M2I13M1D18M1D24M1I6M13D4M1D36M22D18M33D6M14I5M6D14M1D23M9D5M26D5M10D16M89D8M7D26M1D8M2D4M2I6M1I8M1I10M3I12M1I34M4I9M3D16M2I16M8D7M3D16M4D8M3D2M1I2M7D36M1D21M3D7M4D4M4D16M1I6M1I13M1I15M
48	1214	0.174	6.332E-27	0	646	656	10	886	899	23M1D9M35D3M2I4M1I20M1D37M3I6M2I14M1D18M1D33M13D38M78D15M15D11M12I24M3D7M1D3M40D18M23D16M8D8M7D31M3D7M2I6M1I8M1I10M3I12M1I32M1I2M3I9M3D16M2I16M8D4M3D19M4D3M8D2M10D43M7I22M9D3M1I16M1I5M1I14M1I15M
33	1214	0.174	6.332E-27	0	650	656	10	960	970	3M1I1M1D16M1D11M35D3M2I4M1I20M1D40M3I4M2I13M1D18M1D27M16D6M3I35M57D6M1I8M41D9M8I16M4D16M22D3M35D9M31D13M25D14M3D10M7D27M2D5M1D7M2I6M1I8M1I10M3I12M1I32M1I2M3I9M3D16M2I20M11D20M21D24M6D22M1D21M3D2M1D7M4D3M2D3M2D14M1I6M1I13M1I19M
24	1212	0.159	7.035E-27	0	650	656	10	960	970	2M1I2M1D18M1D9M35D3M2I4M1I20M1D40M3I4M2I13M1D18M1D27M16D6M3I35M2I16M20D4M56D9M101D37M6D21M25D14M3D11M7D26M3D12M2I6M1I8M1I10M3I12M1I31M1D2M5I9M3D16M2I19M14D16M2D11M1D16M4D38M15D7M6D2M1D7M4D3M2D3M2D14M1I6M1I13M1I19M
112	1209	0.160	8.239E-27	0	650	656	10	961	971	3M1I1M1D18M1D9M35D3M2I4M1I19M1D41M3I4M2I13M1D18M1D27M16D6M3I33M2I20M120D3M65D9M6I6M23D34M12D17M2I16M7D27M3D12M2I6M1I8M1I10M3I12M1I31M1D2M5I9M3D16M2I23M11D18M11D3M10D5M7D58M3D2M1D7M4D4M2D2M2D12M1I8M1I13M1I19M
127	1209	0.162	8.239E-27	0	646	656	53	1000	1013	3M1I1M1D18M1D9M35D3M2I4M1I17M1D43M5I17M1D18M1D33M13D38M26D8M42D13M36D3M14I10M28D19M36D6M4D11M9D4M35D10M13D13M6D32M3D9M2I6M1I8M1I10M3I12M1I32M1D1M5I9M3D16M2I16M7D3M6D9M5D9M2I4M15D25M4D22M1D21M3D5M4D3M2D3M2D14M1I6M1I13M1I15M
35	1207	0.168	9.154E-27	0	646	656	10	912	929	20M1D12M35D3M2I4M1I22M1D35M3I7M2I13M1D18M1D33M13D38M30D22M27D3M13I13M2D8M11D4M44D4M31D20M32D16M15D11M7D26M1D5M2D7M2I6M1I8M1I10M3I12M1I32M1I2M3I9M3D16M2I16M8D4M3D19M4D8M3D2M1I5M8D54M4D7M4D4M4D16M1I6M1I13M1I15M
57	1207	0.162	9.154E-27	0	646	656	10	913	931	22M1D10M35D3M2I4M1I20M1D37M3I7M2I13M1D21M1D21M1I6M13D6M1D33M2I9M39D13M20D1M14I9M21D20M27D5M45D7M47D33M5D28M3D12M2I6M1I8M1I10M3I12M1I32M1I2M3I9M3D16M2I16M8D4M1I7M8D19M3D2M1I2M7D46M3D11M1D7M1I19M2I7M9D12M1I15M
83	1205	0.154	1.017E-26	0	646	656	35	934	947	23M1D9M35D3M2I4M1I20M1D37M3I6M2I14M1D21M1D30M13D36M10D10M55D11M3D6M12I2M30D6M11D34M36D15M10D12M36D7M6D32M3D7M2I6M1I8M1I10M3I12M1I32M1I2M3I9M3D16M2I16M8D4M3D18M22D55M6I17M1I17M8D9M1I13M1I15M
106	1205	0.162	1.017E-26	0	655	656	10	962	970	3M1I1M1D16M1D11M32D30M1D40M3I4M2I13M1D18M1D27M16D6M3I35M57D6M1I11M16D4M2D8M102D16M7D12M2D24M19D7M2D14M3D10M7D27M2D5M1D7M2I6M1I8M1I10M3I12M1I31M1D2M5I9M3D16M2I20M11D20M21D50M4D17M6D2M1D7M9D3M1I16M1I6M1I16M4I18M
75	1204	0.177	1.072E-26	0	650	656	10	960	970	3M1I1M1D16M1D11M35D3M2I4M1I17M1D43M3I4M2I13M1D18M1D27M16D6M3I35M28D8M28D8M18D6M2D10M15D12M25D4M8D10M2D6M26D11M11D31M46D7M7D27M2D5M1D7M2I6M1I6M1I12M3I12M1I31M1D2M5I10M3D17M2I17M14D16M3D14M11D12M14D48M1D7M4D4M2D2M2D14M1I6M1I13M1I19M
115	1202	0.168	1.191E-26	0	650	656	10	973	982	21M1D11M35D3M2I4M1I22M1D35M3I7M2I13M1D18M1D27M16D6M3I35M67D7M2D8M6D4M4D6M3I8M7D5M56D39M49D4M9D5M17D24M11D27M1D8M2D4M2I6M1I8M1I10M3I12M1I32M1I2M3I9M3D16M2I21M11D19M13D24M3D26M3D17M16D2M1D7M4D4M2D2M2D14M1I6M1I10M1I22M
78	1199	0.169	1.395E-26	0	650	656	10	931	940	23M1D9M35D3M2I4M1I20M1D37M3I7M2I13M1D18M1D24M1I6M13D4M1D42M65D5M32D12M3D2M12I16M16D4M2D19M71D23M2D17M13D29M3D7M2I6M1I8M1I6M1D8M4I7M1I34M4I9M3D16M2I16M7D12M4D12M13D5M8D43M1D16M4D5M1D7M1I17M8D9M1I13M1I19M
38	1198	0.165	1.470E-26	0	650	656	10	959	969	3M1I1M1D16M1D11M35D3M2I4M1I19M1D41M3I4M2I13M1D18M1D27M16D6M3I35M2I18M84D8M93D45M2D20M28D8M4D11M6D28M2D5M1D7M2I6M1I8M1I10M3I12M1I32M1I2M3I9M3D16M2I16M8D3M6D16M3D17M5D12M4D32M11D6M2D5M3D2M1D7M4D3M2D3M2D14M1I6M1I13M1I19M
27	1197	0.155	1.550E-26	0	650	656	10	960	970	2M1I2M1D16M1D11M35D3M2I4M1I20M1D40M3I4M2I13M1D18M1D27M16D6M3I35M2I18M3D4M14I19M14D7M2D42M95D8M75D5M43D21M3D12M2I6M1I8M1I10M3I12M1I31M1D2M5I9M3D16M2I19M14D16M2D11M1D16M4D27M7D18M14D2M1D7M4D4M2D2M2D14M1I6M1I13M1I19M
6	1195	0.167	1.722E-26	0	650	656	10	960	970	3M1I1M1D17M1D10M35D3M2I4M1I20M1D40M3I4M2I13M1D18M1D27M16D6M3I42M56D8M41D9M8I16M33D12M17D7M11D10M31D12M25D14M3D10M7D27M2D5M1D7M2I6M1I8M1I10M3I12M1I31M1D2M5I9M3D16M2I20M11D21M11D6M3D18M1D34M10D8M6D2M1D7M9D3M1I16M1I6M1I13M1I19M
31	1194	0.170	1.815E-26	0	650	656	10	960	970	3M1I1M1D16M1D11M35D3M2I2M1I22M1D40M3I4M2I13M1D18M1D27M16D6M3I35M2I16M20D4M56D10M15D16M33D10M2D11M20D19M62D15M3D10M7D27M2D5M1D7M2I6M1I8M1I10M3I12M1I31M1D2M5I9M3D16M2I20M11D21M11D5M2D5M10D12M4D31M1D13M3D2M1D7M4D4M2D2M2D14M1I6M1I13M1I19M
86	1194	0.168	1.815E-26	0	655	656	10	962	970	3M1I1M1D18M1D9M35D3M2I2M1I22M1D40M3I4M2I13M1D18M1D27M16D6M3I35M57D6M1I9M19D8M5I12M19D7M33D10M2D11M20D19M62D15M3D10M7D27M3D12M2I6M1I8M1I10M3I12M1I31M1D2M5I9M3D16M2I19M14D16M2D11M1D16M4D38M15D7M6D2M1D7M4D4M2D2M2D14M1I6M1I16M4I18M
102	1191	0.167	2.126E-26	0	646	656	10	950	964	2M1I2M1D16M1D11M35D3M2I4M1I19M1D41M3I4M2I13M1D18M1D27M16D6M3I34M2I22M77D15M15D8M33D24M48D19M28D17M10D26M1D1M1I6M3D12M2I6M1I8M1I14M3I8M1I32M1I2M3I9M3D16M2I16M1D4M10D20M6D68M27D8M1I17M8D9M1I13M1I15M
113	1189	0.170	2.362E-26	0	649	656	10	900	915	23M1D9M35D3M2I4M1I21M1D36M3I7M2I11M1D20M1D24M1I6M13D4M1D43M15D23M54D9M16D33M38D5M2D5M15D25M28D6M11D27M3D12M2I6M1I8M1I10M3I23M1I22M2I1M2I9M3D16M2I16M8D5M3D19M7D9M2D16M1D51M1I17M8D9M1I13M1I18M
23	1186	0.175	2.766E-26	0	650	656	10	926	935	23M1D9M35D3M2I4M1I17M1D40M3I7M2I11M1D20M1D24M1I6M13D4M1D43M65D4M26D15M9I18M17D4M8D38M29D5M3D9M39D4M9D27M1D8M2D4M2I6M1I8M1I10M3I12M1I34M4I9M3D16M2I16M8D7M3D17M22D63M1D5M3D1M1D7M4D3M2D3M2D14M1I6M1I13M1I19M
28	1186	0.165	2.766E-26	0	652	656	10	963	971	2M1I2M1D16M1D11M35D3M2I4M1I20M1D40M3I4M2I13M1D18M1D27M16D6M3I35M57D6M1I8M42D11M83D6M5I23M27D10M2D19M2D13M4D10M6D28M2D5M1D7M2I6M1I8M1I10M3I12M1I31M1D2M5I9M3D16M2I20M11D21M11D6M3D4M3D8M3D31M5D17M6D2M1D7M9D3M1I16M1I6M1I13M1I21M
25	1184	0.171	3.074E-26	0	650	656	10	960	970	3M1I1M1D16M1D11M35D3M2I2M1I22M1D40M3I4M2I13M1D18M1D27M16D6M3I42M56D8M41D9M8I16M33D10M2D11M26D8M23D42M43D21M2D5M1D7M2I6M1I8M1I10M3I12M1I31M1D2M5I9M3D16M2I19M14D16M2D6M6D6M3D4M9D12M4D31M1D13M3D2M1D7M9D3M1I16M1I6M1I10M1I22M
34	1184	0.174	3.074E-26	0	655	656	10	962	970	3M1I1M1D16M1D11M35D3M2I4M1I20M1D40M3I4M2I13M1D18M1D27M16D6M3I35M57D6M1I9M17D23M16D9M33D10M2D11M20D21M23D19M2I8M51D21M3D12M2I6M1I8M1I10M3I12M1I31M1D2M5I9M3D16M2I20M11D21M11D3M8D6M4D13M4D23M1D21M3D2M1D7M4D3M2D3M2D14M1I6M1I16M4I18M
12	1183	0.192	3.240E-26	0	575	656	7	674	675	23M1D9M35D3M2I4M1I20M1D40M5I17M1D22M1D23M16D6M3I35M5D10M19D9M20D4M15I44M2D12M15D24M8D11M1I10M3D7M2D3M2I8M1I10M1D12M5I7M3I32M4I10M1D15M1I21M5D19M5D2M4I3M2I52M
105	1183	0.174	3.240E-26	0	652	656	10	955	963	2M1I2M1D16M1D11M35D3M2I4M1I17M1D43M3I4M2I13M1D18M1D27M16D6M3I33M2I18M20D8M61D13M12D7M32D12M2D11M26D14M21D26M38D3M6D33M3D7M2I6M1I8M1I10M3I12M1I32M1I2M3I9M3D16M2I16M8D3M6D16M3D14M6D11M8D42M1D6M1D1M3D7M9D3M1I16M1I6M1I13M1I21M
26	1183	0.166	3.240E-26	0	650	656	10	960	970	2M1I2M1D16M1D11M35D3M2I2M1I22M1D40M3I4M2I13M1D18M1D27M16D6M3I42M56D9M19D8M5I12M19D7M4D19M57D10M31D12M25D14M3D10M7D27M2D5M1D7M2I6M1I8M1I10M3I12M1I31M1D2M5I10M3D15M2I20M11D21M11D6M3D18M1D35M10D7M6D2M1D7M4D4M2D2M2D14M1I6M1I13M1I19M
109	1182	0.172	3.415E-26	0	646	656	10	903	915	23M1D9M35D3M2I4M1I21M1D36M3I7M2I13M1D21M1D21M1I6M13D4M1D36M30D22M17I13M32D6M5D6M71D23M44D6M7D20M11D32M3D7M2I6M1I8M1I10M3I12M1I32M1I2M3I9M3D16M2I16M8D5M3D18M4D8M3D2M1I7M1D18M5D41M9D3M1I16M1I5M1I14M1I15M
5	1176	0.178	4.684E-26	0	650	656	10	960	970	2M1I2M1D16M1D11M35D3M2I2M1I22M1D40M3I4M2I13M1D18M1D27M16D6M3I35M57D6M1I11M16D4M2D12M3D5M12D9M33D10M2D9M26D10M31D12M25D14M3D10M7D27M2D5M1D7M2I6M1I8M1I10M3I12M1I31M1D2M5I9M3D16M2I20M11D21M11D6M3D4M9D12M4D23M1D21M3D2M1D7M4D4M2D2M2D14M1I6M1I13M1I19M
85	1174	0.171	5.204E-26	0	650	656	10	960	970	3M1I1M1D17M1D10M32D29M1D41M3I4M2I13M1D18M1D27M16D6M3I35M57D6M1I9M19D8M5I12M19D7M33D10M2D11M26D7M31D17M25D10M3D10M7D27M2D5M1D7M2I6M1I8M1I10M3I12M1I31M1D2M5I9M3D16M2I20M11D20M21D46M7D21M3D2M1D7M4D4M2D2M2D14M1I6M1I10M1I22M
65	1171	0.149	6.095E-26	0	650	656	5	867	879	23M1D9M35D3M2I4M1I17M1D40M3I7M2I13M1D21M1D30M13D37M1I6M151D19M5I9M7D7M1D14M11D12M24D41M6D19M1D1M1I6M3D12M2I6M1I8M1I10M3I12M1I32M4I12M3D15M2I16M7D4M3D17M5D3M12I13M18I14M11I1M3D7M4D4M4D16M1I6M1I13M1I19M
59	1171	0.161	6.095E-26	0	650	656	11	970	982	23M1D9M35D3M2I4M1I17M1D40M3I7M2I13M1D21M1D24M16D6M3I35M32D22M48D17M16D7M12D9M23D10M5D7M59D23M41D12M3D38M3D7M2I6M1I8M1I10M3I12M1I32M1I2M3I9M3D16M2I19M10D19M7D11M14D55M3I2M1D7M9D3M1I16M1I6M1I13M1I19M
118	1170	0.159	6.424E-26	0	646	656	10	965	978	3M1I1M1D16M1D11M35D3M2I4M1I19M1D38M3I7M2I13M1D18M1D33M13D38M1I3M1I5M70D9M7D12M8I25M31D3M8D25M55D6M54D14M6D28M3D12M2I6M1I8M1I10M3I12M1I32M1D1M5I9M3D18M2I14M7D6M12D18M4I4M2D3M24D19M7D36M2I1M1D7M4D4M4D14M1I8M1I13M1I15M
19	1165	0.195	8.359E-26	0	646	656	19	722	735	5M2I16M2D9M2D6M27D1M4D2M1D9M1I50M3I5M1I11M5D4M9D19M3D26M14D10M1D35M7D22M13I51M1I22M4D5M1D12M2D12M2D5M1D7M3I21M1I10M1I9M1I6M1I9M1D14M4I11M3D16M2I16M12D4M13D17M2I11M1I41M2D21M1I4M19I20M2I14M
80	1165	0.166	8.359E-26	28	650	656	31	922	931	4M2D3M2I8M1I13M1D42M3I5M2I13M1D18M1D27M16D5M3I44M68D13M7D18M15D26M43D23M68D19M14D9M7D24M3D12M2I6M1I8M1I10M3I12M1I31M1D2M5I9M3D18M2I14M7D3M6D14M2D7M1D9M6D11M9D9M4D28M2D14M3D5M4D3M2D3M2D14M1I6M1I13M1I19M
130	1164	0.174	8.811E-26	0	646	656	10	970	983	23M1D9M35D3M2I4M1I20M1D39M3I5M2I13M1D21M1D19M1I8M13D6M1D34M72D13M6D12M2I9M7D8M48D20M8D12M19D23M17D7M49D6M5D28M1D8M2D4M2I6M1I8M1I10M3I12M1I34M4I10M3D15M2I16M8D4M3D18M7D3M6D4M9D13M5D25M1D26M5D7M9D3M1I16M1I6M1I13M1I15M
74	1156	0.167	1.343E-25	0	644	656	6	924	926	5M2I16M1D9M35D3M2I4M1I17M1D40M3I7M2I13M1D18M1D33M13D39M16D13M48D8M16D6M97D91M21D21M3D14M2I4M1I8M1I10M3I12M1I31M1D2M5I9M3D18M2I18M9D18M4D4M6D5M3D13M8D17M2I26M2D2M1D2M1D7M4D4M4D14M1I8M1I10M5D5M1I11M
29	1155	0.159	1.415E-25	0	650	656	10	960	970	2M1I2M1D17M1D10M35D3M2I4M1I20M1D40M3I4M2I13M1D18M1D27M16D6M3I35M2I8M99D14M8I16M4D19M57D10M31D12M25D13M4D11M6D27M3D12M2I6M1I8M1I10M3I12M1I31M1D2M5I9M3D16M2I20M11D21M11D6M3D18M1D42M16D2M1D7M4D4M2D2M2D14M1I6M1I13M1I19M
73	1150	0.152	1.842E-25	12	646	656	1	920	933	11M1D9M35D3M2I4M1I17M1D40M3I7M2I13M1D18M1D27M16D6M3I35M16D13M82D11M14I9M7D6M6D40M4D10M95D9M6D28M3D12M2I6M1I8M1I14M3I8M1I31M1D2M5I9M3D16M2I16M7D3M6D9M5D9M6I4M3D2M11D34M12D24M3D2M1D7M4D3M2D3M2D14M1I6M1I13M1I15M
32	1128	0.166	5.866E-25	28	650	656	31	919	929	4M2D3M2I8M1I16M1D40M3I4M2I13M1D18M1D27M16D6M3I42M56D9M17D23M16D9M6D21M55D8M23D42M43D21M2D5M1D7M2I6M1I8M1I10M3I12M1I31M1D2M5I9M3D16M2I18M1D2M10D21M11D19M12D3M4D25M1D19M3D2M1D7M1I17M8D9M1I10M1I22M
8	1128	0.167	5.866E-25	0	652	656	12	1006	1016	20M1D12M35D3M2I4M1I17M1D43M5I17M1D18M1D22M1I8M13D4M1D34M5D3M7D6M10D5M71D8M55D5M12I15M52D13M27D37M18D38M3D12M2I6M1I6M3I12M1I13M1D34M4I9M3D16M2I16M8D10M10D23M11D22M10D28M13D8M13D2M1D6M9D4M1I14M1I8M1I13M1I21M
64	1123	0.164	7.633E-25	0	650	656	10	958	968	2M1I2M1D16M1D11M35D3M2I2M1I19M1D43M3I4M2I13M1D18M1D27M16D6M3I35M28D8M28D10M18D4M2D10M98D11M12D10M14D26M9D6M1D4M2I20M6D29M3D12M2I6M1I8M1I10M3I12M1I31M1D2M5I10M3D15M2I16M8D5M3D20M6D8M6D9M8D50M12D8M4D4M2D2M2D14M1I6M1I13M1I19M
21	1117	0.177	1.047E-24	4	533	656	12	703	745	1M1D18M1D9M35D3M2I4M1I22M1D38M5I17M1D21M1D21M1I6M14D4M1D37M2I4M28D4M5D13M12I25M12D11M37D12M39D25M4D4M2I14M1D4M1I6M3D12M2I6M1I8M1I10M1D15M3I32M4I9M3D15M2I10M1I4M5D2M2D8M3D21M3D7M1D8M
60	1112	0.160	1.362E-24	0	654	656	8	983	994	19M9D7M7D5M33D4M2I2M1I19M1D42M3I5M2I13M1D21M1D24M16D6M3I34M65D11M36D14M13I6D11M12D6M33D13M6D11M14D15M30D8M3D8M35D7M7D29M3D7M2I6M1I8M1I10M3I12M1I34M4I9M3D16M2I19M10D19M7D11M1I1M4D24M5D34M11D7M9D3M1I16M1I6M1I16M4I17M
55	1103	0.165	2.188E-24	0	650	656	10	880	893	23M1D9M35D3M2I4M1I57M3I6M2I14M1D18M1D24M1I6M13D6M1D41M65D4M33D9M67D22M3D14M3D9M6D16M4D32M6D27M3D12M2I6M1I8M1I10M3I12M1I10M1I21M4I11M3D9M1I6M2I37M4D52M8I19M4D3M2D3M2D12M1I9M2I11M1I19M
117	1097	0.172	3.001E-24	0	650	656	12	986	1003	22M1D10M35D3M2I4M1I19M1D41M5I17M1D18M1D33M13D37M2I6M24D9M9D15M62D5M2I26M26D12M40D25M10D7M30D5M7D27M3D10M2I8M1I9M1I22M3I34M4I10M3D15M2I16M8D17M3D7M6D5M2D4M22D13M16D9M5D14M10D23M5D1M1D6M9D4M1I16M1I6M1I13M1I19M
79	1095	0.166	3.335E-24	28	650	656	20	880	889	4M2D11M3I16M1D37M3I7M2I13M1D18M1D24M1I6M13D4M1D42M65D5M32D12M3D2M12I8M17D12M1D21M33D7M4D19M38D9M12D32M3D7M2I6M1I8M1I6M1D8M4I7M1I32M1I2M3I9M3D16M2I16M7D11M11D22M15D55M5D12M1I17M8D9M1I13M1I19M
84	1094	0.163	3.515E-24	28	646	656	25	916	929	4M2D11M3I13M1D40M3I7M2I13M1D18M1D27M16D5M3I36M2I18M49D4M14I11M6D9M10D5M69D4M40D17M72D16M1D9M4I27M2D5M1D7M2I6M1I8M1I14M3I8M1I31M1D2M5I9M3D18M2I14M7D3M6D14M2D5M16D31M4D38M3D2M1D7M4D3M2D3M2D14M1I6M1I13M1I15M
9	1080	0.176	7.347E-24	0	653	656	14	605	639	5M2I14M1D11M32D29M2D41M3I4M2I13M1D21M1D24M16D5M3I37M3I17M45I22M4I14M8D15M74I35M4I9M1D16M1I12M2I5M3D8M3D14M1D9M1D37M3D15M5D15M4D4M4D18M1D5M1I9M1I12M4I10M
114	1068	0.143	1.382E-23	0	654	656	10	922	929	23M1D9M22D5M11D2M1I22M1D39M5I18M1D18M1D27M1D6M13D40M11D22M13I7M16D10M69D11M48D29M47D16M8D4M2I29M3D7M2I6M1I4M1I7M2D7M3I12M1I32M4I12M3D13M7I13M1D3M20D33M9D19M1D36M9D3M7D9M1I17M1I5M1I16M4I17M
110	1062	0.162	1.896E-23	47	652	656	0	872	880	15M1D40M3I4M2I14M1D17M1D27M16D6M3I33M3I6M59D8M41D9M8I16M33D10M2D11M20D5M29D45M43D21M3D12M2I6M1I8M1I10M3I12M1I31M1D2M5I9M3D17M2I19M11D21M11D25M4D41M16D2M1D7M9D3M1I16M1I6M1I13M1I21M
92	1059	0.137	2.220E-23	1	650	656	7	1079	1084	22M1D9M35D3M2I4M1I20M1D40M5I17M1D21M1D30M13D50M59D12M15I3M11D7M67D10M98D31M11D13M30D9M5D28M1D5M2D7M2I6M1I8M1I18M1I6M1I32M4I12M3D15M2I16M1D5M10D9M41D11M9D18M3D16M5D16M36D24M4D19M8D9M1I9M3D24M
18	1034	0.162	8.281E-23	0	580	656	6	929	1248	23M1D9M35D3M2I4M1I20M1D40M5I17M1D18M1D27M1D4M11D4M1D35M4I3M1I8M2D10M12I7M2D8M3D13M3D22M37D11M39D7M154D4M12D4M43D27M2D5M1D7M2I6M1I15M3I7M1I8M1I34M4I9M3D16M2I16M8D15M12D11M3I46M12D16M
103	1026	0.161	1.262E-22	44	650	656	54	877	886	4M2I3M1I46M3I5M2I14M1D18M1D27M1D4M11D4M1D36M57D19M66D4M45D48M1D27M1D15M5D19M1D1M1I11M3D7M2I6M1I8M1I12M1I12M1I32M1D1M5I10M3D14M2I16M7D9M4D17M12D4M9D62M3D2M1D7M9D3M1I17M1I6M1I12M1I19M
14	987	0.162	9.840E-22	3	655	656	92	885	886	2M1D15M1D12M35D3M2I2M1I17M22I7M6I18M4I8M1D23M1D24M2D4M11D6M1D35M3I3M22D14M9D3M13I25M1D3M49D11M6D14M60D24M2I24M1D8M2D4M2I6M1I8M1I7M1D18M3I32M4I9M3D16M2I16M8D8M3D15M7D4M2I4M1I6M4D3M3I11M22I14M1D7M4D4M4D14M1I7M1I14M1I24M
81	948	0.161	7.672E-21	28	570	656	40	821	885	4M2D3M2I4M1I19M1D41M3I4M2I13M1D18M1D27M16D6M3I35M2I18M15D4M13I12M18D15M3D17M15D26M58D12M120D21M2D5M1D7M2I6M1I8M1I10M3I12M1I32M1I2M3I9M3D17M2I19M11D21M11D6M1D50M
123	885	0.160	2.117E-19	28	489	656	28	690	715	4M2D11M3I16M1D37M3I7M2I13M1D21M1D24M1D4M11D4M1D35M55D4M13D17M104D26M1D48M18D18M7D28M1D8M2D4M2I6M1I8M1I10M3I12M1I32M4I12M3D15M1I17M
93	519	0.138	4.967E-11	1	589	656	15	569	803	4M2I16M1D16M25D11M1I59M2D12M2I19M2D3M1D25M8D4M16D4M3D28M2I4M4I9M6D8M21I8M3I45M14I11M6I3M33I23M6I27M9I5M4I4M16I4M16I12M37D2M4D84M
17	514	0.140	6.463E-11	1	588	656	5	536	985	22M1I9M30D6M1I64M2I23M10D34M13D4M2D8M10D2M11D37M20I88M3I20M5I5M11I4M9I36M55I6M4I13M19I69M2I6M
 