46	6782	1.00	0.000E+00	0	925	926	0	925	926	926M
51	6284	0.946	0.000E+00	0	925	926	0	931	932	438M16D8M2I317M4D114M12I35M
50	5970	0.875	0.000E+00	0	918	926	0	901	906	344M2D46M2I49M6I51M3I264M4D114M12I28M
43	5847	0.846	0.000E+00	0	922	926	0	928	931	347M2D46M1I44M17D8M2I46M2I276M4D107M12I32M
54	5818	0.844	0.000E+00	0	925	926	0	922	923	346M4D42M2I45M3D9M2D13M2D41M3I264M4D114M12I32M1I2M
71	5801	0.839	0.000E+00	4	925	926	16	933	934	342M3D42M2I68M6D5M1D35M3I264M4D114M12I32M1I2M
45	5785	0.844	0.000E+00	0	925	926	0	926	927	346M3D42M2I46M16D11M3D14M7I30M3I264M4D114M12I32M1I2M
56	5775	0.829	0.000E+00	0	915	926	0	921	931	323M2I21M2D92M6D16M9D31M1I280M4D113M12I25M
76	5763	0.839	0.000E+00	0	922	926	0	922	925	346M1D38M1I53M17D8M2I51M7I259M4D114M12I32M
35	5732	0.830	0.000E+00	0	922	926	0	926	929	332M1D12M2D49M1I42M14D10M2I20M3I298M5D110M12I32M
69	5719	0.827	0.000E+00	0	919	926	0	918	924	340M8I41M2I46M16D29M1D305M4D108M12I29M
58	5633	0.838	0.000E+00	0	925	926	0	888	889	346M3D42M2I33M16I2M4D23M7I27M3I261M1D5M4I108M12I32M1I2M
41	5618	0.787	0.000E+00	0	925	926	0	923	924	292M3I40M1I10M2D72M1I26M5D4M9D50M1I271M1D108M12I28M1I6M
113	5614	0.792	0.000E+00	0	925	926	0	914	915	350M4I84M17D8M2I13M4I34M3I267M1D47M4I59M12I35M
49	5613	0.792	0.000E+00	0	925	926	0	859	862	327M2I6M2I5M11I82M10I17M4I6M1I12M1I10M13I19M11I233M4D107M12I27M3I5M
109	5613	0.815	0.000E+00	0	918	926	0	913	915	346M2D92M17D8M2I19M1D31M7I28M3I233M4D13M1I36M4I56M12I28M
70	5603	0.807	0.000E+00	0	925	926	0	857	858	311M10D2M32I43M2I46M32I30M3I264M4D114M12I32M1I2M
13	5592	0.807	0.000E+00	0	917	926	0	886	894	342M3I69M3I18M7D11M2I16M7I14M1I13M6I21M8I231M4D114M12I27M
52	5547	0.803	0.000E+00	0	917	926	0	900	913	327M2I6M2I9M2D88M13D12M2I14M4I6M1I12M1I6M6I5M6I256M4D114M12I27M
3	5535	0.783	0.000E+00	0	917	926	0	878	882	327M2I6M2I5M11I82M16D11M2I14M4I6M1I12M1I10M13I19M11I233M4D107M12I27M
57	5498	0.797	0.000E+00	0	922	926	0	927	931	303M1I41M3D82M1D11M17D8M2I51M3I36M2I229M4D110M12I32M
44	5492	0.778	0.000E+00	0	925	926	0	883	886	327M2I6M2I5M11I82M16D11M2I14M4I6M1I12M1I10M13I19M11I233M4D107M12I27M3I5M
77	5475	0.778	0.000E+00	0	925	926	0	919	925	346M6D16M3I19M1I50M13D6M1D11M1D42M10I264M2D111M12I27M3I5M
116	5389	0.764	0.000E+00	0	921	926	0	892	893	352M6I31M4I63M9D31M15I266M1D33M1D15M4I20M1D39M12I31M
48	5288	0.740	0.000E+00	0	918	926	0	896	899	302M2I42M2I41M4I24M4D18M2D3M11D8M2I20M4I20M9I15M6I253M1D39M1D65M12I28M
83	5273	0.762	0.000E+00	7	918	926	32	944	947	295M2I6M1D41M3I32M1D31M4D19M10D5M7D5M2I47M2D9M2I10M5I13M1I240M1D40M2D64M12I28M
82	5181	0.736	0.000E+00	5	918	926	30	944	947	2M1D299M1D40M2I39M1D30M4D21M17D8M2I51M3I14M2I18M5I234M1D40M2D64M12I28M
47	5177	0.739	0.000E+00	0	924	926	0	819	820	347M1I45M1I19M16I16M8I12M49I26M1I229M4D26M22I61M12I32M1D2M
78	4961	0.687	0.000E+00	0	917	926	0	936	940	294M1I50M1D36M1I38M3D15M13D104M2D226M2D10M5D7M5D33M1D11M1D53M12I27M
42	4936	0.680	0.000E+00	0	918	926	0	930	933	294M2I50M5I36M1I21M1I7M4D20M13D81M1D9M4D18M3I224M4D6M4D6M4D31M2D64M12I28M
55	4877	0.724	0.000E+00	0	917	926	0	885	893	112M1I232M3D24M2I85M11D20M4I23M3I7M1D13M6D112M1I49M1I44M18I3M1I6M9I103M1I5M12I27M
23	4862	0.675	0.000E+00	0	918	926	0	932	935	294M1I53M5I34M1I22M1I7M4D16M9D8M4D77M1D7M2D249M5D9M7D31M2D64M12I28M
66	4746	0.648	0.000E+00	0	917	926	0	919	923	82M1D212M1I54M13I25M1I22M1I6M4D33M13D44M3I23M1D252M4D4M3D6M5D33M2D64M12I27M
130	4732	0.625	0.000E+00	0	917	926	0	979	983	278M1I18M3D44M1D4M1D7M2D42M1D16M10D5M1D32M3D11M18D9M2D15M5D20M5D17M1D17M2D229M7D9M11D41M2D64M12I27M
79	4444	0.666	1.136E-100	53	917	926	1	885	889	241M1I50M1D46M1I25M3D18M13D104M3D230M2D6M6D9M4D31M2D64M12I27M
39	4407	0.518	7.952E-100	0	917	926	0	960	965	281M1I60M4D22M1I45M8D13M2D25M2D9M21D23M1D42M2D232M1I14M2I10M20D98M12I27M
111	4389	0.532	2.050E-99	0	917	926	0	933	938	281M1I60M4D22M1I106M2D36M8D9M2I236M1I23M18D27M1D74M12I27M
112	4385	0.514	2.529E-99	0	917	926	0	966	971	281M1I59M4D23M1I40M5D15M5D28M2D12M11D20M11D43M6D231M1I10M13D13M5D10M1D18M1D73M12I27M
30	4367	0.517	6.519E-99	0	917	926	0	967	972	281M1I59M4D23M1I45M8D12M8D19M1D12M16D27M1D25M8D24M1I224M1I10M16D4M1D6M2D29M1D75M12I27M
61	4360	0.524	9.420E-99	0	917	926	0	928	933	281M1I60M4D22M1I62M2D24M3D70M3I230M1I10M16D10M3D40M1D64M12I27M
115	4352	0.540	1.435E-98	0	917	926	0	978	982	285M2D46M1D15M3D36M1D29M10D15M3D21M9D10M7D12M1D12M5D28M6D31M2D232M15D6M5D36M3D65M12I27M
85	4343	0.519	2.303E-98	0	917	926	0	965	970	281M1I60M1D9M1D13M1I45M8D13M2D39M13D15M12D27M8D13M2I232M1I29M19D23M1D75M12I27M
28	4341	0.520	2.559E-98	0	917	926	0	966	971	281M1I62M2D66M8D13M2D40M13D15M12D26M8D13M2I232M1I29M19D23M1D75M12I27M
27	4333	0.520	3.898E-98	0	917	926	0	965	970	281M1I62M2D20M1I45M8D13M2D37M20D21M5D23M8D13M2I232M1I18M3D12M16D22M1D75M12I27M
33	4333	0.520	3.898E-98	0	915	926	0	963	970	281M1I62M2D20M1I45M11D14M5D12M12D12M5D23M2D52M6D228M1I17M12D9M7D23M1D78M12I25M
86	4312	0.514	1.176E-97	0	917	926	0	965	970	281M1I62M2D20M1I45M8D12M23D3M3D15M1D79M6D232M1I16M12D10M7D26M1D75M12I27M
67	4308	0.519	1.452E-97	5	917	926	6	959	964	260M5I12M4D64M3D18M1I48M8D17M2D27M18D23M4D18M5D24M1D232M1I14M3D16M11D22M1D72M12I27M
6	4306	0.521	1.613E-97	0	916	926	0	964	970	281M1I62M2D20M1I45M17D3M5D9M9D3M3D15M1D64M8D13M2I232M1I29M19D22M1D76M12I26M
119	4303	0.514	1.888E-97	0	917	926	0	963	968	281M1I59M1D16M2D24M2I22M5D35M1D22M17D16M11D22M3D21M3D233M1I17M3D9M15D23M1D75M12I27M
131	4302	0.521	1.990E-97	0	917	926	0	891	896	281M1I60M4D22M1I41M9I13M7I9M26I2M7I28M1D11M10D236M1I12M2I27M24D21M1D62M12I27M
62	4299	0.526	2.330E-97	0	917	926	0	926	931	281M1I60M4D22M1I72M14D29M14I42M2D232M1I14M2I11M20D97M12I27M
38	4298	0.518	2.456E-97	0	916	926	0	963	969	281M1I60M4D22M1I45M6D12M8D19M1D8M16D30M1D21M5D24M1D230M1I10M16D5M3D35M1D74M12I26M
25	4297	0.518	2.589E-97	0	917	926	0	965	970	281M1I62M2D20M1I45M8D13M2D39M13D16M12D26M8D13M2I232M1I29M19D23M1D75M12I27M
31	4294	0.522	3.031E-97	0	917	926	0	965	970	281M1I62M2D20M1I45M8D12M8D14M12D17M4D25M3D26M8D13M2I232M1I29M19D23M1D75M12I27M
106	4290	0.522	3.741E-97	0	917	926	0	965	970	281M1I62M2D20M1I40M5D15M11D21M1D8M16D26M2D30M8D12M2I230M1I21M5D5M14D28M1D75M12I27M
26	4284	0.517	5.129E-97	0	925	926	0	969	970	281M1I62M2D20M1I45M8D12M8D19M1D8M16D22M2D33M8D13M2I232M1I29M19D23M1D75M12I27M4I4M
64	4281	0.509	6.006E-97	0	917	926	0	963	968	281M1I59M4D23M1I45M7D22M2D16M2D12M11D25M9D38M6D231M1I26M19D36M1D62M12I27M
29	4279	0.519	6.672E-97	0	917	926	0	965	970	281M1I62M2D20M1I45M8D13M2D39M13D18M12D20M6D251M1I29M19D23M1D75M12I27M
118	4276	0.531	7.813E-97	0	917	926	0	974	978	281M1I52M3D30M1I61M18D35M4D5M12D14M5D4M6D228M1I20M2D21M1I17M4D10M15D14M3D9M1D74M12I27M
59	4276	0.535	7.813E-97	0	925	926	0	980	982	6M1D269M1I18M3D40M1D14M3D36M1D27M1D5M16D20M2D14M3D8M14D9M1D8M5D30M11D26M4D185M1I64M4D30M1D11M1D57M12I25M3I7M
5	4273	0.518	9.148E-97	0	917	926	0	965	970	281M1I62M2D20M1I45M8D13M2D25M23D23M2D33M8D13M2I232M1I29M19D23M1D75M12I27M
24	4269	0.519	1.129E-96	0	915	926	0	963	970	281M1I62M2D20M1I45M8D12M8D19M1D8M16D22M2D52M6D228M1I15M1I13M20D23M1D75M12I25M
94	4264	0.506	1.469E-96	0	917	926	0	919	924	281M1I42M3I15M6D22M1I29M1I42M12D27M15I15M3D29M1D231M1I10M19D9M1I41M4I59M12I27M
105	4261	0.521	1.720E-96	0	917	926	0	958	963	281M1I60M4D22M1I45M8D43M18D25M7D8M4D10M1D39M1D219M1I23M12D23M1D78M12I27M
75	4258	0.517	2.013E-96	0	917	926	0	965	970	281M1I59M1D27M2D42M8D12M8D19M1D17M6D20M11D19M7D14M1D10M3I230M1I16M9D8M3D2M7D34M1D64M12I27M
108	4251	0.513	2.910E-96	0	917	926	0	923	928	281M1I61M3D21M1I29M1I25M1I17M10D29M3D36M4I10M4I233M1I14M18D26M2I26M1I55M12I27M
107	4247	0.504	3.591E-96	0	915	926	0	962	969	281M1I59M1D72M8D29M1D11M24D18M2D52M6D231M1I13M9D12M10D99M12I25M
16	4241	0.525	4.923E-96	5	917	926	39	975	978	276M1I28M1I49M1I36M1D9M1D18M10D33M17D67M6I184M1I39M1I10M19D44M1I69M12I27M
72	4240	0.518	5.189E-96	0	917	926	0	954	958	281M1I59M3D23M1I56M10D15M4D12M11D60M1D16M8D15M1I176M1I37M1I14M11D10M6D100M12I27M
53	4236	0.518	6.404E-96	0	917	926	0	959	964	281M1I60M4D22M1I45M8D22M2D21M17D27M7D7M3I36M2D228M1I14M9D9M10D24M1D77M12I27M
127	4229	0.517	9.255E-96	0	917	926	43	1009	1013	281M1I64M3D18M1I62M18D13M11D7M1D10M5D12M4D16M6D231M1I37M1I14M17D25M1I27M1D57M12I27M
15	4223	0.510	1.269E-95	2	917	926	38	980	983	272M1I35M1I13M1I35M1I36M1D13M1D14M10D37M6D50M3D4M2D30M2D169M1I39M1I13M19D42M1D69M12I27M
22	4218	0.515	1.651E-95	0	917	926	0	953	958	281M1I45M3I12M3D68M1D30M1D6M1D11M21D23M1D24M8D7M1D24M3I216M1I13M5D10M13D23M1D78M12I27M
34	4187	0.518	8.428E-95	0	917	926	0	965	970	281M1I62M2D20M1I40M5D4M3D13M8D14M16D10M1D25M2D48M6D232M1I17M9D9M10D26M1D75M12I27M
65	4111	0.514	4.589E-93	7	925	926	2	877	879	274M1I19M2D40M1D9M3D84M13D52M1I40M2D187M1I43M46I75M12I27M3I5M
73	4098	0.517	9.092E-93	23	917	926	2	929	933	258M1I55M3D27M1I81M5D8M20D90M1D168M1I40M2I16M12D5M8D41M1D62M12I27M
68	4074	0.515	3.213E-92	1	917	926	6	897	901	10M10I7M2I251M1I60M4D22M1I41M3I14M6I18M5I23M1I12M2I12M1I37M1I175M1I37M1I12M14D17M3D34M1D61M12I27M
102	4063	0.486	5.730E-92	0	917	926	0	959	964	268M6I8M5D86M2D45M8D10M2D18M5D24M4D14M8D8M6D267M1I15M3D13M12D4M5D20M1D72M12I27M
60	4037	0.491	2.249E-91	5	925	926	1	990	994	10M2D16M8D6M5D238M1I29M3D42M2D41M1D25M2D9M15D14M2D14M4D15M14D10M5D25M3D45M9D169M1I76M11D20M1D13M1D55M12I25M5I5M
74	4017	0.528	6.440E-91	7	880	926	1	905	926	274M1I52M2D30M1I40M14D9M3D31M2D8M11D24M7I233M2I31M2I17M12D28M1I11M1D72M
32	3845	0.509	5.466E-87	42	917	926	1	924	929	239M1I62M2D20M1I45M8D20M8D11M1D13M15D24M3D26M8D13M2I236M1I25M19D22M1D76M12I27M
104	3816	0.484	2.512E-86	0	915	926	0	931	938	44M32I205M1I62M2D20M1I45M8D12M20D26M5D23M2D52M6D232M1I24M19D25M1D74M12I25M
80	3811	0.500	3.268E-86	42	917	926	1	927	931	239M1I50M1D11M2D21M18D64M1I11M11D7M1D10M6D51M1D9M1D24M8D175M1I37M1I25M17D38M1D61M12I27M
84	3788	0.497	1.096E-85	47	917	926	0	925	929	234M1I64M3D18M1I41M10D29M2D11M2D51M13D11M7D20M1D9M16D179M1I37M1I27M17D97M12I27M
117	3735	0.384	1.779E-84	0	915	926	2	989	1003	266M3D11M3I38M11D31M5D24M1I55M4D85M9D26M1D89M1D126M1D13M4D3M5D35M7D17M37D56M12I25M
128	3687	0.395	2.222E-83	0	925	926	0	875	876	5M1D262M6D11M4I18M20I32M4I30M16I44M8I41M10I15M10D6M7I87M1I8M2D148M2D36M14D66M12I23M3I9M
92	3620	0.380	7.536E-82	5	917	926	1	1080	1084	275M3D19M23D15M3D6M2D14M11D35M4D26M8D26M8D6M2D13M1D71M13D5M7D16M6D96M2D126M1I11M40D22M2D6M25D13M17D14M3D58M12I27M
122	3530	0.355	8.568E-80	7	911	926	6	989	1001	263M3I7M4D60M23D22M1D35M13I20M2I33M6I57M5I12M4I79M1D117M1D20M2D17M8D13M15D6M3D16M41D61M3D10M7D9M3D15M
110	3477	0.476	1.392E-78	90	917	926	0	875	880	176M5I9M4D64M2D20M1I45M8D13M2D37M20D21M5D24M8D12M2I236M1I25M19D23M1D75M12I27M
101	3415	0.366	3.628E-77	0	919	926	16	934	936	2M1I265M8I3M1D20M4I105M6I73M1I45M1I15M9D65M2D99M11D85M2I26M11D56M12I26M
8	3376	0.371	2.822E-76	4	915	926	6	1008	1016	263M2D61M8D6M2D10M11D10M1D9M9D4M4D27M13D21M8D17M2D99M2I98M2D137M2D11M3D18M6D9M7D8M7D10M17D55M12I20M1D5M
18	3372	0.324	3.483E-76	5	914	926	1	1242	1248	272M4D20M4I20M1D19M1D5M14D19M3D40M9D5M29D19M6D14M7D37M5D12M2D14M3D8M23D99M1I15M1D126M1I10M80D12M155D9M1D38M6D55M12I24M
81	3344	0.496	1.519E-75	39	823	926	7	821	885	242M1I60M4D22M1I45M6D7M8D24M1D8M9D30M7D21M5D24M1D231M1I16M8I44M
103	3313	0.434	7.755E-75	26	917	926	0	882	886	49M4I10M5I5M2I164M6I22M2D34M7I7M4I43M2I28M6I37M2I16M23D23M3I37M5D83M2D140M1D27M11D85M12I29M
100	3293	0.360	2.220E-74	4	914	926	3	790	806	263M11I58M2I25M38I12M1I14M13I11M3I27M2I11M42I9M2I79M1D2M1D85M5I1M7D32M2D35M4I78M1D10M12I24M
91	3287	0.366	3.044E-74	4	925	926	8	785	788	101M1D162M1D11M4D3M2I12M12I6M4I40M1I11M28I18M4I35M48I9M26I9M2I63M2I8M1D8M1D81M3I3M3I36M2I28M1D32M2I6M3I34M2D17M7I8M1I23M5I3M
126	3265	0.353	9.683E-74	6	915	926	10	806	808	96M2I162M1D13M3I28M13I6M1I13M28I19M8I19M2I9M6I12M34I14M27I8M1D16M8D133M1I37M2I27M4I16M4D7M1D30M7D6M4D15M6D37M1I2M1I15M12I25M
114	3252	0.367	1.919E-73	5	918	926	5	927	929	215M1D45M10I8M4D9M3I108M6D83M5D35M7D87M1I1M3D85M5I16M3D55M3D22M2D33M6D53M12I28M
98	3240	0.343	3.606E-73	1	925	926	9	773	776	105M1D170M6D12M15I26M75I13M2I5M6I19M30I14M12I36M1D5M2I63M2I14M1D2M1D74M1I6M1I3M5I35M2I21M4I32M2I45M2D19M8I30M5I4M
124	3163	0.357	2.070E-71	5	911	926	1	708	713	258M3D6M12D15M36I8M11I8M5I8M41I10M8D11M12I15M21I7M61I8M2I40M1D24M1I16M2D82M1I32M2I23M1D8M12I8M3I14M6I44M1D6M1I8M12I21M
97	3160	0.347	2.423E-71	1	911	926	22	774	786	105M1D160M4D11M3D11M15I30M21I6M21I25M1I9M5I3M69I35M10I72M3I14M1D2M1D84M6I35M2I28M3I39M3I34M1D17M10I22M
10	3145	0.337	5.334E-71	0	917	926	21	778	784	106M1D160M3D4M2D18M15I27M30I8M39I21M29I42M8I14M20I5M2I63M2I14M3D1M1I84M6I36M2I33M1I5M6I58M2D19M10I29M
0	3125	0.338	1.527E-70	0	925	926	8	751	754	106M1D170M11D7M20I30M21I6M32I10M19I5M14I8M62I32M1D4M2I63M3I13M1D2M1D77M1D4M1I3M5I35M2I12M8D11M11I37M1I30M2D21M10I28M5I4M
95	3078	0.346	1.809E-69	5	913	926	1	708	720	97M2I172M7I10M14I11M22I24M8I6M51I4M10I20M42I18M9I16M4D2M1I32M2D32M1D13M1D50M2I16M1D51M6I14M15I14M7I24M1I32M1I18M12I23M
96	3043	0.314	1.140E-68	5	913	926	38	933	948	30M5I227M7D16M9I29M2I41M2I23M3I14M1I40M34D42M6I32M6I16M1D60M4I17M2D49M1I32M1I55M3D16M8I87M12I23M
120	3036	0.350	1.648E-68	0	916	926	2	753	764	104M2I171M3I48M1I40M14I11M6I8M5I7M20I9M7D11M10I10M58I5M5I35M2D39M1D7M1D47M2I18M1D49M4I6M2I9M14I5M16I18M1I7M1I32M1I18M12I26M
7	3033	0.340	1.929E-68	0	925	926	2	818	857	5M1D98M1D162M5I14M4I40M2I56M24I12M5I19M31I18M12I10M13I16M2I39M2D43M3D46M2I17M1D14M6I40M2I28M2D37M4D38M2D19M12I24M5I6M
1	3024	0.334	3.097E-68	0	921	926	0	769	787	267M6I9M3I4M66I11M18I12M8I24M4I18M35I11M12I9M2I11M3I11M2I27M1D13M2D40M1D3M1D45M1I4M1I16M2D14M2I9M1D12M4I11M4I13M3D15M1D47M1I30M1D6M2D5M7D10M4D3M2D5M7I20M1I7M
87	3022	0.334	3.440E-68	1	914	926	3	738	770	100M1D168M8D22M9I26M5I12M31I11M48I17M55I5M20I16M2I39M2D42M2D47M2I17M1D16M7I27M3I17M1D34M2I25M1D34M2D20M12I23M
40	3021	0.342	3.626E-68	0	914	926	1	745	776	104M1D162M11I12M6D9M3D20M22I13M5I11M40I3M9I31M34I7M41I7M3I2M2I39M2D37M3D4M1I47M2I18M1D14M7I25M3I20M4D95M2D19M12I24M
89	3011	0.341	6.136E-68	3	914	926	5	746	777	101M1D162M12I5M9I4M36I17M7I17M7I10M14I21M10I9M60I4M1I37M2I39M2D37M3D4M1I45M1I4M1I16M1D14M7I28M3I17M1D17M3D78M2D19M12I24M
20	3001	0.345	1.038E-67	4	910	926	6	736	772	261M10I9M1I5M6D10M5D12M1I12M6I9M31I6M24I4M6I7M24I3M68I32M3I39M2D36M3D5M1I47M2I17M1D11M2I6M5I23M3I20M4D31M1D22M1I42M2D18M12I20M
2	2997	0.337	1.281E-67	1	914	926	6	773	781	105M1I54M1I104M36I17M1I31M5I26M3I8M22I15M23I10M38I6M2I33M6I38M1D31M1D10M2D49M1D11M1D6M4D58M5D7M1I20M25I8M4D48M3D11M5D12M9I23M
37	2962	0.317	8.075E-67	2	910	926	0	799	829	13M2D144M1I105M4D19M10I35M9I13M39I8M25D19M15I8M1I5M2I11M17I12M20I5M2I29M3I40M2D40M1D2M1D49M2I16M1D13M1I11M2I22M4I21M2D3M8I13M1I67M2D17M12I20M
63	2956	0.351	1.107E-66	3	914	926	5	746	778	98M1D165M7I4M11I4M51I14M2I8M7I11M17I12M1I15M3I11M17I5M13I8M18I12M2I14M1I7M2I3M2I39M2D43M2D46M2I17M1D16M7I24M3I20M1D34M2I15M1D43M4D3M2I15M12I24M
88	2949	0.330	1.600E-66	3	910	926	5	734	770	262M10I8M50I3M13I17M45I1M2D34M28I19M19I34M2I39M2D37M3D4M1I45M1I4M1I12M1D19M7I24M3I20M1D47M2D11M1D41M2D15M12I20M
14	2940	0.352	2.568E-66	3	915	926	83	883	886	106M25I4M4I2M1D70M1D61M2I13M1I24M3I51M8I26M2I11M9I5M10I43M7I34M1I11M1I9M2I76M1D5M1D126M2I19M24I17M3I59M12I25M
125	2936	0.322	3.170E-66	5	910	926	27	805	813	262M2D29M13I23M12I10M7I8M16D5M58I85M8I11M2I7M6I61M13I130M2I21M5D15M10I9M3I10M4I49M12I21M
36	2925	0.312	5.653E-66	2	917	926	0	804	829	12M2D145M1I105M4D19M10I35M9I14M6I9M23D36M16I4M5I12M16I3M49I5M2I17M1I13M2I39M2D40M1D2M1D49M2I16M1D13M1I11M2I22M4I19M5D3M11I12M1I64M4D4M2I14M12I19M2I6M
21	2747	0.366	6.579E-62	0	772	926	0	702	745	2M1I211M1D78M29I13M2I7M4I22M4I23M8I23M2I44M11I15M4I43M2I81M2D72M1I10M4D2M5I27M4I23M
123	2738	0.425	1.056E-61	44	731	926	0	713	715	222M11I3M8D20M1I138M3D22M17D19M4D18M3D199M1D21M2D14M
121	2542	0.324	3.168E-57	11	791	926	1	618	619	255M6D31M49I6M26I28M29I2M6D8M37I9M7D18M36I5M1I22M1D11M2D44M2D46M1I4M1I16M2D14M2I9M3I21M4I43M
12	2527	0.343	6.972E-57	4	815	926	1	674	675	263M3I35M3I14M4I7M4I20M19I20M44I18M2I6M13I14M14I6M12I11M1I9M2I28M1I6M2D35M1D7M1I4M2I45M2I17M1D13M5I5M1I33M6I8M3I46M
9	2302	0.291	9.612E-52	3	915	926	5	609	639	98M1D167M7I8M50I6M17I10M82I10M52I4M12I15M8D8M5I3M26I3M45I45M2I17M1D16M7I27M3I17M1D28M2I26M1D39M2D21M12I23M
11	2177	0.325	6.888E-49	0	776	926	0	579	596	40M27I2M5I201M5D18M8I20M35I21M22I10M10I25M32I4M54I9M5I25M1D10M2D41M1D5M1D49M2I16M2D14M2I8M3I22M4I28M
19	1912	0.219	7.784E-43	5	908	926	12	722	735	26M1D18M2D44M1I9M1I44M1D11M5D6M8D18M3D5M1I25M2D51M5D14M1D14M17I25M74I8M15I4M1I17M75I17M3I13M2D6M2D47M1I13M1D5M2D82M4D38M9I13M1I17M8I23M1D9M14I23M1D8M13I17M
90	1368	0.173	2.076E-30	0	911	926	0	690	697	33M1I14M5I52M1I37M3D7M2D13M1I21M1I21M1D6M13I4M1I35M18D6M4D12M24I13M8I6M94I25M1I24M5I6M61I31M2I5M1I3M2D10M1D22M5D38M1I3M5D7M3I18M2D19M14I25M4I4M14I13M2D12M2I15M3I8M1D3M2D5M1I10M1D12M1D10M1D10M11I22M
4	1266	0.173	4.437E-28	9	915	926	8	687	688	40M4I52M1I37M3D6M2D14M1I22M1I20M1D3M3D9M12I38M5I10M36I16M2I26M20I7M3D19M11I9M7I29M16I12M39I13M2I6M5I25M3I14M3D2M1D18M6D4M3I5M5D7M2I26M4D8M3I16M2D14M9I6M3I16M2I13M19I5M44I9M4D12M7I7M1D19M9I17M1D10M
129	1209	0.160	8.894E-27	10	908	926	0	646	656	23M1I9M35I3M2D4M1D20M1I37M3D7M2D13M1I18M1I24M1D6M13I4M1I35M29D13M118I24M9I29M74I12M4D4M7I26M3I12M2D6M1D8M1D10M3D11M1D33M4D11M3I16M2D16M8I7M3I16M4I9M1I6M16I44M2I8M2D2M1I9M1D16M1D6M1D10M11I19M
99	958	0.187	4.813E-21	5	632	926	17	448	450	28M1I14M5I52M1I37M3D4M1D14M1I23M1I36M10I35M9D17M16I10M13I13M8I23M26I17M97I10M24I6M9I31M3I9M4D2M2I5M4D25M
17	837	0.181	2.794E-18	9	833	926	3	900	985	22M2I25M3I14M1I4M1D25M1I39M2D3M1D21M9D19M1I18M12D7M1D16M10D31M2I8M9D6M5D45M7D3M7D11M13D51M19D21M6D5M3D23M5D58M25D21M1I11M7D8M6D10M3I26M6I12M15I3M3I12M1D11M3D3M8D18M57I5M1I35M7D43M2D36M
93	584	0.142	1.680E-12	11	566	926	13	739	803	34M7I41M1I12M1I38M3D3M4D15M2I4M1I13M2D29M4I6M2I6M20D31M2I9M4D6M2D34M9D51M116D28M8D35M3D15M5D32M12D21M8D51M5I17M
 27	7050	1.00	0.000E+00	0	969	970	0	969	970	970M
29	6714	0.995	0.000E+00	0	969	970	0	969	970	970M
26	6679	0.992	0.000E+00	0	969	970	0	969	970	970M
5	6628	0.990	0.000E+00	0	969	970	0	969	970	970M
6	6624	0.986	0.000E+00	0	969	970	0	969	970	970M
28	6618	0.988	0.000E+00	0	969	970	0	970	971	367M1D603M
31	6577	0.986	0.000E+00	0	969	970	0	969	970	970M
86	6575	0.974	0.000E+00	0	969	970	0	969	970	970M
25	6570	0.988	0.000E+00	0	969	970	0	969	970	970M
106	6515	0.975	0.000E+00	0	969	970	0	969	970	970M
85	6501	0.974	0.000E+00	0	969	970	0	969	970	970M
34	6477	0.974	0.000E+00	0	969	970	0	969	970	970M
24	6473	0.944	0.000E+00	0	969	970	0	969	970	970M
33	6434	0.936	0.000E+00	0	969	970	0	969	970	970M
64	6175	0.882	0.000E+00	0	969	970	0	967	968	349M2D66M1I85M1I9M1I6M1I451M
30	6175	0.889	0.000E+00	0	969	970	0	971	972	349M2D162M1I70M1D388M
38	6153	0.886	0.000E+00	0	969	970	0	968	969	349M2D61M2I99M1I458M
112	6134	0.872	0.000E+00	0	969	970	0	970	971	352M2D150M1I317M1I31M1D118M
119	6081	0.874	0.000E+00	0	969	970	0	967	968	349M2D42M2I118M1I334M1I123M
75	6073	0.868	0.000E+00	0	969	970	0	969	970	349M2D162M1I9M1I448M
39	6066	0.882	0.000E+00	0	969	970	0	964	965	349M2D162M1I8M4I314M1I35M1I95M
53	6057	0.868	0.000E+00	0	969	970	0	963	964	352M2D159M1I36M7I415M
107	6046	0.861	0.000E+00	0	969	970	0	968	969	853M1I116M
111	6016	0.853	0.000E+00	0	969	970	0	937	938	349M2D66M33I371M1I150M
32	5996	0.987	0.000E+00	42	969	970	1	928	929	928M
61	5955	0.852	0.000E+00	0	969	970	0	932	933	349M2D66M1I72M10I3M28I441M
104	5949	0.911	0.000E+00	0	969	970	0	937	938	44M32I894M
105	5943	0.860	0.000E+00	0	969	970	0	962	963	349M2D81M1I80M1I307M1I6M6I138M
62	5900	0.850	0.000E+00	0	969	970	0	930	931	349M2D60M18I6M16I62M1I8M4I314M1I35M1I95M
22	5865	0.826	0.000E+00	0	969	970	0	957	958	334M1I86M7I34M2I47M1I306M1I151M
131	5791	0.819	0.000E+00	0	969	970	0	895	896	349M2D66M1I70M78I287M3D119M
67	5663	0.764	0.000E+00	5	969	970	6	963	964	329M1I13M2D108M2I53M1I311M5I8M1D9M1I124M
110	5643	0.969	0.000E+00	90	969	970	0	879	880	880M
108	5629	0.786	0.000E+00	0	969	970	0	927	928	334M1I14M2D37M1I23M2I4M33I60M1I35M1D17M2I255M1I56M4I90M
94	5625	0.779	0.000E+00	0	969	970	0	923	924	334M1I14M2D37M1I23M34I43M3I21M1I50M2I255M1I55M5I90M
102	5231	0.700	0.000E+00	0	969	970	0	963	964	334M1I13M2D105M2I20M6I357M1D132M
118	5140	0.686	0.000E+00	0	968	970	0	977	978	338M1I11M2D56M1I39M4D50M1D35M1D46M1I180M1I13M2D49M1D19M1I14M3D114M
72	5113	0.674	0.000E+00	0	968	970	0	957	958	333M1I16M2D56M1I38M7I42M1D37M1D30M1I17M1I177M1I59M1I22M1I12M1I115M
127	5018	0.655	0.000E+00	0	968	970	43	1012	1013	337M1I12M2D56M1I38M4D57M1D31M2D28M1I17M1I177M1I60M1I21M1I12M1I115M
81	4796	0.864	0.000E+00	39	852	970	7	820	885	310M2D65M2I60M1I34M1I305M2D36M
16	4739	0.597	0.000E+00	0	967	970	34	977	978	304M1I20M1I28M1I37M1D21M3I27M1I24M2I30M1D31M10I19M2I12M2I177M1I121M2I91M
115	4739	0.592	0.000E+00	0	968	970	0	981	982	305M3D43M2D14M1D33M1D37M2I30M3I19M1D15M4D30M1D47M1D217M1D21M1D59M2D94M
73	4731	0.632	0.000E+00	23	968	970	2	932	933	311M1I13M2D60M1I35M5I44M1I5M3I51M5I200M1I34M1I23M1D152M
68	4678	0.613	0.000E+00	3	968	970	8	900	901	8M10I7M2I320M2D59M34I20M3I7M12I3M13I30M1D26M2D22M1I177M1I62M1I22M1I125M
15	4668	0.584	0.000E+00	0	967	970	36	982	983	303M1I21M1I35M2I33M1D34M2D9M6I55M1D34M10I16M2I14M2I175M1I214M
80	4643	0.657	0.000E+00	42	968	970	1	930	931	291M1I16M2D56M1I38M4D57M1D29M1D26M1D22M1I177M1I61M1I15M1I133M
84	4623	0.636	0.000E+00	47	968	970	0	928	929	286M1I16M2D66M1I29M4D56M1D21M1D42M6D14M1I177M1I68M1I9M1I33M1I98M
130	4622	0.569	0.000E+00	0	968	970	0	982	983	295M3D52M2D19M1D28M1D46M2D40M3I34M5D14M1D46M1D218M1D25M1I46M1D102M
74	4538	0.614	1.750E-103	7	957	970	1	924	926	398M1I24M3D55M20I38M1D26M1I188M2I31M1I29M1D12M8I15M1I87M2D14M
59	4466	0.557	7.913E-102	0	963	970	0	973	982	7M1D287M3D54M2D18M1D29M1D36M2D54M1D18M4D34M2D12M6D23M1D182M6D6M7I28M1D23M14I8M1I40M1D83M
56	4434	0.514	4.305E-101	0	969	970	0	927	931	268M8D6M7I41M2I41M1D43M8I22M7I66M5I43M7I226M1D24M4I10M11I35M1I93M
54	4428	0.525	5.914E-101	0	969	970	0	919	923	281M1D68M2D17M1D23M2I19M8I12M8I41M3I25M9I33M3I6M6I231M1D25M1D5M16I22M1I106M
3	4421	0.519	8.567E-101	0	968	970	0	881	882	268M9D5M8I51M17I16M1D45M8I12M8I27M3I4M19I28M7I18M3I7M1I19M8I213M1D25M15I41M1I92M
41	4391	0.514	4.193E-100	0	969	970	0	923	924	266M5D11M4I18M3I25M1D12M2I24M1D46M17I83M5I26M1I31M6I215M1D14M1I6M4I8M13I35M1I88M3D5M
44	4382	0.528	6.751E-100	0	969	970	0	882	886	268M2D9M1I55M2I6M15I9M1D45M8I12M8I27M3I4M19I28M10I25M1I19M8I213M1D25M15I41M1I93M
78	4378	0.530	8.343E-100	0	968	970	0	939	940	280M1D21M1I26M1I37M1D23M1I32M5I36M4I6M5I2M12I32M1I19M5I10M1I10M3D10M2D10M5D205M1D25M7I59M1D83M
51	4377	0.536	8.797E-100	0	967	970	0	925	932	281M1D62M2I21M1D44M8I12M8I41M3I22M2I33M8I13M2D232M1D28M1D5M16I22M1I104M
52	4370	0.508	1.274E-99	0	969	970	0	904	913	267M9D6M8I50M4I31M1D46M19I49M22I17M7I269M1D25M15I28M1I106M
76	4355	0.520	2.819E-99	0	969	970	0	921	925	267M5D10M4I45M1I39M1D23M1I31M11I9M4I66M5I17M1I19M12I230M1D12M8I19M4I3M3I19M1I106M
113	4354	0.524	2.972E-99	0	964	970	0	905	915	271M5D6M4I59M4I3M2I16M1D41M3I5M5I19M7I35M1I26M8I9M9I262M1D17M6I11M12I32M5I87M
49	4352	0.509	3.304E-99	0	969	970	0	858	862	267M9D6M8I51M17I16M1D45M31I15M3I6M16I16M28I19M5I32M2D214M1D25M15I41M1I93M
43	4350	0.522	3.673E-99	0	969	970	0	927	931	266M5D11M4I85M1D16M1I89M17I21M3I11M9I6M1I20M2D235M1D25M1D5M16I22M1I106M
42	4348	0.516	4.083E-99	0	968	970	0	932	933	279M1D21M2I34M7I22M1D28M1I17M8I30M1D26M4I45M5I13M1D23M2I19M6I200M1D25M8I6M1D51M1D87M
109	4347	0.515	4.305E-99	0	967	970	0	914	915	281M1D85M1D45M8I19M7I35M2I22M2I34M16I239M1D22M1D8M17I31M5I90M
35	4347	0.513	4.305E-99	0	969	970	0	925	929	266M12D2M11I48M1D39M1D16M1I37M16I21M2I47M8I6M4I14M2I255M1D14M8I16M6I24M1I106M
50	4343	0.521	5.320E-99	0	969	970	0	904	906	267M5D10M4I85M1D15M2I27M31I15M3I6M3I5M4I72M3I6M6I231M1D25M1D5M16I22M1I106M
77	4338	0.504	6.932E-99	0	969	970	0	923	925	277M1D77M2D35M1I80M15I26M5I10M7I20M9I228M1D21M7I13M10I22M1I101M5D5M
46	4335	0.520	8.125E-99	0	965	970	0	917	926	267M5D10M4I62M2I21M1D44M8I12M8I19M1I12M15I25M3I26M8I13M2D232M1D20M3I10M16I22M1I75M12D27M
45	4332	0.519	9.524E-99	0	969	970	0	926	927	267M5D10M4I73M1D12M1D23M2I19M11I37M1D13M10I12M3I53M3I6M6I231M1D25M1D5M16I22M1I101M3D5M
48	4321	0.518	1.705E-98	0	968	970	0	898	899	267M5D10M4I12M2I32M1D12M5I17M1D29M4I31M7I29M8I38M9I6M6I25M10I12M5I215M1D28M18I128M
57	4317	0.522	2.107E-98	0	964	970	0	921	931	278M1D23M1I44M1D20M1D53M8I7M1I27M1I10M4I34M5I26M11I11M3I15M3D213M1D14M8I17M7I22M1I101M
23	4314	0.515	2.469E-98	0	968	970	0	934	935	279M1D22M1I30M6I52M1I21M9I8M4I42M1I4M3I28M10I60M3D8M2D207M1D24M7I52M1D90M
69	4310	0.518	3.052E-98	0	969	970	0	920	924	267M5D10M4I58M1I6M9I11M1D22M2I31M11I42M7I77M6I228M1D17M5D3M4I9M16I22M1I106M
71	4302	0.525	4.661E-98	4	965	970	16	926	934	263M5D10M4I73M1D12M1D23M2I14M5I20M11I39M10I9M2I48M3I6M6I231M1D25M1D5M16I22M1I102M
13	4291	0.495	8.343E-98	0	969	970	0	890	894	268M8D4M7I43M3D36M7I40M45I23M8I50M2I21M1I22M5I213M1D25M15I41M1I93M
60	4281	0.520	1.417E-97	5	969	970	1	991	994	5M2D21M10D7M3D256M3D70M1D24M1D44M1D20M1D109M1D21M2D4M8D169M1I31M1D24M2I25M6I37M1D89M
116	4279	0.523	1.575E-97	0	969	970	0	892	893	266M5D11M4I50M7I45M4I19M3I4M8I20M4I35M3I23M8I7M16I23M5I227M1D21M3I4M15I39M4I22M1D70M
66	4255	0.497	5.609E-97	0	968	970	0	922	923	82M1D198M1D21M1I34M14I40M1I31M13I40M1I4M3I94M10I208M1D39M7I38M1D90M
83	4247	0.515	8.567E-97	0	964	970	25	942	947	4M1I2M1D260M7D8M6I20M1I31M1I6M3I4M1I18M1D25M1D19M8I7M3I51M3I22M2I16M10I22M2I236M1D31M18I37M1D87M
82	4244	0.518	1.004E-96	5	964	970	30	942	947	2M1D260M5D10M4I29M1D22M4I30M1D25M1D24M1I7M11I24M1D22M3I21M2I39M16I234M1D25M7I14M11I26M1D87M
70	4242	0.502	1.116E-96	0	969	970	0	857	858	267M5D10M4I20M17I3M15D12M22I11M1D23M2I19M31I15M3I6M3I4M11I5M2I9M17I33M3I6M6I228M1D28M1D5M16I22M1I103M3D3M
58	4178	0.510	3.304E-95	0	969	970	0	885	889	267M5D10M4I73M1D12M1D23M2I20M17I4M27I9M5I38M5I33M3I6M6I231M1D10M1I14M21I22M1I106M
65	4162	0.525	7.706E-95	7	969	970	2	876	879	296M2D47M2D11M1D51M6I6M19I8M11I23M1D17M4D24M1D24M2D30M1D175M1I36M11I23M54I90M
47	4123	0.490	6.073E-94	0	964	970	0	810	820	267M12D1M11I67M3I13M1D20M1I29M53I7M15I19M34I13M12I14M1I215M1D18M3D10M18I19M23I82M
55	3991	0.495	6.575E-91	0	969	970	0	889	893	112M1I168M1D62M1D19M1D7M2I42M8I9M8I44M1D2M3I16M1I3M9I49M2I112M1I49M1I38M20I7M4I2M1I20M21I20M1I69M1I36M
79	3880	0.505	2.342E-88	52	968	970	0	888	889	228M1D21M1I26M1I32M1D28M1I21M8I30M3I23M3I2M3I86M1D17M6I200M2D4M1I11M4D13M11I47M1D90M
103	3802	0.490	1.455E-86	26	968	970	0	885	886	49M4I8M5I7M2I170M5I15M1D23M1D26M12I37M2I36M1I55M11D25M20I24M11I3M3I97M2D122M1D23M5I59M3I91M
117	3779	0.378	4.914E-86	0	969	970	0	1002	1003	5M2D265M9D3M8I11M1I13M2I15M5D10M10I62M3I19M1I46M7I73M6D109M1D129M2D16M22D36M4D24M7D94M7D8M
92	3726	0.368	8.126E-85	5	965	970	1	1083	1084	264M2D9M2D14M1I47M1D41M2D75M3I15M1D8M4D18M11D33M17D14M5D27M9D94M2D137M53D14M19D56M5I82M3D4M
128	3702	0.380	2.895E-84	2	962	970	0	867	876	3M3D262M6I6M9D21M8I25M20I15M13I32M22I5M45I35M1D47M10D101M1D120M1D19M1D16M1D17M7I37M1D79M
122	3531	0.343	2.470E-80	7	969	970	6	971	1001	261M2D35M6I3M5I18M21I12M27D27M3I34M7I36M14I10M1I24M5I6M2I37M8I5M3I77M1D119M2D21M4D6M17D13M30D50M2I69M1I8M2I12M
8	3517	0.352	5.181E-80	0	969	970	0	1014	1016	5M2D262M14D50M7D23M2D24M9D13M6I92M6I105M3I81M2D127M1D11M12D54M10D99M1D9M
18	3491	0.321	2.052E-79	5	965	970	1	1247	1248	261M5D39M2I43M12D49M7D38M7D36M8I31M3D62M17D10M21D69M1I12M1D141M4D13M87D8M2D10M86D2M37D38M6D81M2D7M
101	3459	0.370	1.116E-78	5	961	970	20	928	936	260M6I22M9I9M3I20M4I6M6I18M16I29M1D49M19I22M1I81M7D5M5D61M2D104M11D40M1D12M2I15M1I8M8I8M3I34M3D76M
126	3305	0.348	3.873E-75	0	964	970	3	807	808	6M1D98M2I159M10I4M9D21M7I26M8I5M3I15M13I46M21I3M2I9M11I11M21I6M73I6M7D133M1I31M1D4M3I28M4I4M1D13M2D113M1I2M1I41M
91	3264	0.341	3.393E-74	5	969	970	9	787	788	97M1D163M18D3M14I4M27I5M34I10M28I14M24I29M2I14M18I12M5I46M27I6M2I64M2I10M4D5M2I79M3I3M3I36M1I12M17I20M1I8M2I21M2I4M1I3M1I33M2D17M4D27M1D4M
100	3251	0.336	6.752E-74	0	969	970	0	801	806	3M1I268M10I13M17I34M3I20M15I24M34I9M1I6M7I5M11I5M3I19M21I12M22I16M11I75M1D5M1D85M3I3M5D30M3D26M13I8M9I36M2I50M1D19M4D16M
114	3244	0.347	9.780E-74	5	961	970	5	922	929	209M1D51M5I22M2I41M3D63M2D44M3I5M5I18M10I23M3I32M9I99M2D87M5I11M3D43M1D12M6D11M1I17M5I35M9I77M
97	3149	0.335	1.494E-71	1	969	970	22	784	786	103M1D162M9D12M1I7M27I5M34I16M22I6M6I5M41I10M23I18M3I15M20I24M1I15M5I6M2I61M3I11M1D5M1D84M6I34M1I14M2D8M11I10M2I6M10I20M5I42M1D16M2D31M
98	3147	0.315	1.660E-71	5	969	970	13	774	776	99M1D162M9D10M2I8M27I5M34I15M36I12M18I24M29I14M35I24M8I22M4D63M2I11M1D5M1D75M1I8M6I34M1I11M1D29M12I24M14I2M1I32M2D22M4D28M
7	3132	0.317	3.673E-71	5	969	970	8	825	857	100M1D173M21I7M17I10M8I27M38I13M2I6M20I10M10I12M16I35M5I52M2I39M2D43M3D46M2I18M1D20M6I35M1I18M10I43M4I46M2D38M3D6M3D6M
124	3110	0.339	1.177E-70	5	963	970	1	712	713	258M3D2M8D3M12D11M18I26M40I6M2I2M100I32M68I14M2I40M1D22M1I18M2D82M1I32M1I25M19I7M7I7M4I18M10I41M1D6M1I33M
120	3092	0.326	3.052E-70	0	969	970	0	758	764	4M2D99M2I163M5D17M7I41M11I15M1I8M1I22M16I9M50I27M3I6M31I7M32I5M5I5M4I38M2D34M1D7M1D47M2I18M1D50M4I7M1I13M15I12M13I10M23I2M1I35M1I46M
87	3075	0.321	7.506E-70	5	969	970	7	750	770	100M1D162M1I10M7D12M32I11M63I16M62I14M2I8M30I27M9I7M9I7M2I39M2D42M2D47M2I18M1D10M2I7M5I25M2I21M5I10M3I9M5I16M5I17M2I39M2D42M5D8M
10	3065	0.325	1.274E-69	5	969	970	26	782	784	99M1D161M10D14M74I8M1I9M13I28M23I22M25I6M8I11M9I13M4I19M30I6M2I62M2I11M4D5M2I82M6I34M1I17M10I4M5I14M5I24M7I39M2D21M2D29M
89	3053	0.318	2.405E-69	0	969	970	0	759	777	5M2D99M1D165M16I8M25I15M8I23M17I7M5I25M46I7M10I21M68I10M2I5M2I39M2D39M4D3M2I47M2I16M1D13M3I3M4I26M2I19M7I11M1I11M10I41M2D36M2D37M6D9M
0	3048	0.323	3.134E-69	5	969	970	13	752	754	99M1D163M18D10M72I18M28I12M41I9M29I16M14I7M26I10M5I24M2I62M3I10M1D5M1D77M1D7M6I34M1I12M4D5M15I19M1D24M11I4M3I30M2D21M2D31M
96	3042	0.321	4.305E-69	5	969	970	38	941	948	30M5I225M14D16M9I46M12I19M22I16M2I34M7I33M28D5M7I49M11I9M4I18M3D6M1D62M4I9M4D5M2I48M1I32M1I38M1D48M10I23M15I82M
40	3040	0.303	4.786E-69	0	969	970	0	759	776	5M1D98M1D165M16I9M25I2M5D9M5D4M18I13M50I4M10I28M8I9M10I17M3I7M26I5M41I5M2I39M2D39M4D3M2I45M2I18M1D13M3I3M4I24M2I21M4D51M20I46M2D38M7D8M
63	3039	0.316	5.046E-69	5	969	970	7	770	778	100M1D162M1I28M25I12M63I15M3I5M9I24M76I27M7I10M9I6M2I39M2D39M4D2M2I46M2I17M1D11M2I7M5I23M2I21M8I21M5I31M7I40M4D3M2I38M17D8M
95	3025	0.323	1.059E-68	5	969	970	1	718	720	99M2I161M5D18M38I12M61I27M18I24M1I5M14I13M68I7M9I10M3D35M2D41M2D51M2I16M1D51M5I14M34I37M6I1M3I35M1I38M2D8M
20	3019	0.310	1.455E-68	0	969	970	0	754	772	5M2D270M39I19M5D6M4I23M47I17M16I19M74I14M27I7M2I39M2D39M4D3M2I45M2I18M1D24M7I17M1I12M1I10M5I46M4I8M7I42M2D41M7D8M
1	2973	0.306	1.660E-67	0	969	970	0	786	787	269M1D11M6I2M34I50M21I19M4I7M28I28M108I27M1D13M2D38M1D5M1D49M2I16M2D15M3I2M5I48M1D36M4I19M11I5M3I30M1D6M2D9M7D6M8D2M3D21M16D8M
125	2969	0.310	2.052E-67	3	966	970	25	812	813	264M1D4M2D21M11I14M42I6M9I14M5I12M14D14M25I14M24I21M14I36M3I19M7I4M6I61M13I127M1I10M1D15M21I2M4I26M8I82M1I4M
2	2963	0.310	2.819E-67	3	965	970	8	780	781	103M1I54M1I169M78I2M29I11M1I7M1I14M11I21M39I28M18I34M1D43M3D49M1D11M1D6M4D62M5D22M37I18M5I6M1D36M3D11M5D12M3D16M4D7M
88	2957	0.306	3.873E-67	5	969	970	7	752	770	270M10I4M41I7M12I7M15I2M54I2M55I36M14I19M3I31M2I39M2D39M4D3M2I47M2I12M1D14M2I7M5I24M1I12M1I10M5I10M3I9M5I36M3I44M2D38M7D8M
37	2956	0.310	4.083E-67	2	969	970	0	810	829	13M2D144M1I105M16D4M22I10M25I11M57I7M15I7M12I17M16I9M15D9M1I12M10I31M2I32M1D13M2I39M2D37M1D5M1D49M2I16M1D13M1I15M2I19M3I17M10D16M5I9M3I11M29I42M2D48M
36	2942	0.308	8.568E-67	2	969	970	0	819	829	12M2D145M1I105M12D11M16I17M13I13M64I26M45I6M10D10M1I12M10I31M2I25M1D20M2I39M2D37M1D5M1D49M2I16M1D13M1I15M2I22M2I6M1I8M10D15M18I4M3I3M2I17M14I36M4D3M2I36M2D5M7D5M
14	2886	0.321	1.660E-65	5	965	970	85	885	886	105M25I3M4I2M1D70M1D53M5D8M6I23M4I22M8I27M26I32M22I27M17I35M5I9M2D40M4I5M2I76M1D5M1D128M1I9M6D14M25I7M28I84M
123	2780	0.439	4.539E-63	44	772	970	0	713	715	226M2I21M4I104M1I8M2I4M1I58M7D28M12I37M3I181M1D23M2D14M
21	2747	0.349	2.604E-62	5	821	970	4	720	745	209M1D51M7D10M6I10M31I18M1I29M29I62M22I61M23I20M2I76M1D5M1D72M1I10M5D1M6I37M3I13M9D9M
12	2521	0.329	4.083E-57	5	853	970	2	674	675	260M7D13M4I24M16I8M41I6M24I24M26I7M31I31M10I21M15I21M2I27M1I11M2D31M1D7M1I3M2I45M2I18M1D13M2I36M9I43M1I13M
121	2502	0.315	1.116E-56	11	831	970	1	618	619	256M12D10M5I7M12I12M102I4M25I36M8I8M41I5M15I4M3D4M6I20M1I22M1D12M2D42M2D51M2I16M2D14M2I9M3I22M5I3M2D37M
9	2398	0.279	2.746E-54	5	969	970	7	621	639	100M1D162M3D23M32I11M57I15M68I9M99I9M37I6M39I45M2I18M1D13M2I4M5I25M2I21M15I20M3I34M2I37M2D41M6D9M
11	2129	0.303	4.193E-48	0	822	970	0	581	596	42M32I192M3D6M3D19M9I14M67I29M77I24M44I13M7I10M4I25M1D14M2D37M1D5M1D49M2I16M2D14M2I8M3I23M3I22M4I7M
19	1801	0.206	1.455E-40	2	964	970	9	730	735	30M1D17M2D44M1I11M1I42M1D11M5D4M8D20M1I3M3D27M2D51M12D17M40I8M59I16M34I13M31I18M61I17M3I5M4I12M2D6M2D46M1I5M1D16M2D78M4D52M1I12M6I34M6I6M18I5M19I17M1D8M1I25M
90	1380	0.155	6.933E-31	0	961	970	0	692	697	4M1I2M1D25M1I14M5I53M1I40M5D17M1I21M1I29M12I3M1I34M3D5M25D5M27I28M25I6M49I5M77I10M38I12M15I21M9I26M2I5M1I7M2D6M1D22M5D38M1I3M5D7M3I19M2D18M14I25M3I17M13I19M8I15M13I1M1D8M1I4M1I10M1D12M1D10M1D15M1D18M
4	1267	0.171	2.746E-28	9	964	970	8	687	688	39M4I53M1I37M3D6M2D14M1I22M1I22M4D10M12I39M23I4M24I14M13I24M2I17M2D19M22I6M7I15M21I6M2I16M55I19M7I2M2I5M5I25M3I14M3D2M1D8M2I11M5D8M3I7M2D7M1D7M3D11M2D6M2D3M3I18M2D14M1I7M7I6M4I11M83I8M2D8M3I7M3I3M2I15M3D23M3D22M
129	1168	0.152	5.182E-26	10	960	970	0	650	656	2M1D2M1I16M1I11M35I3M2D4M1D20M1I40M3D4M2D13M1I18M1I33M13I36M9D14M93I1M100I5M11D6M1I9M1I15M29I21M2I14M3I11M3I7M4I19M3I12M2D6M1D8M1D7M3D14M1D32M1I2M5D9M3I16M2D19M14I16M2I11M1I16M4I27M7I18M14I2M1I7M4I4M2I2M2I14M1D6M1D13M1D19M
99	952	0.262	4.787E-21	5	349	970	17	361	450	7M1D2M1I16M1I13M5I55M1I37M3D4M1D14M1I23M1I40M10I32M16D53M1I28M
17	827	0.157	3.578E-18	9	961	970	3	973	985	21M2I26M3I14M1I4M1D26M1I38M2D3M1D15M2I6M11D17M1I16M12D9M3D4M12D7M4I33M17D31M2D57M13D35M7D14M1D81M1I27M10D34M20D15M3D28M5I10M2I14M4I10M17I6M3I12M10D3M6I3M8D17M57I6M1I47M6D21M1D46M3D9M1D10M14I6M4I5M5I6M6D17M1D11M
93	661	0.149	2.343E-14	11	606	970	13	763	803	32M3D13M10I27M1I12M1I38M3D3M4D16M2I3M1I13M2D28M10D5M8D10M4I32M9D28M5D35M2D12M5D22M104D24M5D58M15D67M4D78M4I10M1I6M
 128	6532	1.00	0.000E+00	0	875	876	0	875	876	876M
117	4198	0.498	8.678E-97	5	867	876	6	988	1003	262M2I35M5D10M1D4M11D20M22D35M13D10M7D10M17D10M1I25M4D28M10D8M9I18M4D212M1D12M4D36M13D21M20D95M
131	3785	0.399	3.491E-87	0	875	876	2	895	896	3M3I263M6D5M9I21M8D22M1I48M5D86M1I29M9D78M2I7M1D125M1I12M1I72M8D78M1I8M
54	3785	0.414	3.491E-87	6	875	876	5	920	923	261M6I13M4D20M20D25M25D32M4D5M1I20M1D20M8D55M10I6M14D88M1D8M2I153M5I22M6I9M1I102M
52	3780	0.413	4.563E-87	4	875	876	3	904	913	264M6I11M4D21M35D54M7D49M11D23M2D33M9I94M1D8M2I151M5I32M9I12M2D80M1I8M
8	3775	0.425	5.963E-87	2	875	876	3	1012	1016	293M8D30M36D16M31D13M10D13M4D36M4D21M6D26M15D21M3I86M2I16M3D140M12D11M5D45M6D15M3D78M2I7M
49	3774	0.427	6.291E-87	0	875	876	0	859	862	5M1I262M6I11M4D73M5D19M3I47M4I32M11I17M13D78M1D7M2I153M5I22M7I111M
71	3774	0.413	6.291E-87	2	874	876	13	933	934	266M6I7M4D26M15D12M2I25M2D39M2D9M31D18M8D30M12D23M9I16M1D78M1D8M2I153M5I22M6I9M1I93M3D8M
50	3771	0.420	7.388E-87	6	875	876	5	905	906	262M6I11M4D22M22D27M17D77M3D31M1D18M11D7M7I16M1I77M1D8M2I153M5I22M6I9M1I102M
48	3766	0.418	9.656E-87	0	875	876	0	898	899	5M1I262M6I11M4D18M8D10M2D9M1D36M5D16M5D12M2D18M19D15M9D23M1D23M9I95M1D7M2I150M1I12M7I25M6I88M2I7M
69	3765	0.417	1.019E-86	6	875	876	5	921	924	262M6I11M4D22M15D17M4D20M11D25M6D28M2D54M27D16M2I13M1I85M1D8M2I150M7I10M3I23M4I14M2D87M
113	3760	0.414	1.331E-86	0	875	876	0	912	915	5M1I265M2I30M20D10M2D23M1D8M12D48M13D14M1D9M15D36M3D15M8I94M1D8M2I138M1D11M9I22M11I98M1D9M
70	3759	0.431	1.405E-86	6	875	876	5	855	858	262M6I11M4D21M20D25M1I40M2D68M3I9M22I94M1D8M2I153M5I22M6I9M1I102M
13	3757	0.422	1.563E-86	0	875	876	0	888	894	5M1I262M6I11M4D58M1D30M4D14M8D7M28D11M2D60M11I92M1D8M2I151M5I24M6I9M1I91M3I8M
109	3745	0.404	2.973E-86	0	871	876	0	913	915	5M1I263M6I7M4D24M13D33M1D46M5D40M21D19M6D9M13D31M4D84M1D8M2I153M6I21M11I103M
56	3744	0.413	3.136E-86	0	875	876	2	925	931	3M3I262M6I11M4D42M5D23M1I22M3D20M3D27M15D7M22D12M12D20M2D6M8I2D17M14D78M1D8M2I145M5I30M6I9M1I94M3I5M
130	3739	0.395	4.099E-86	6	875	876	5	982	983	263M3I35M25D14M10D12M16D28M25D29M9D5M5D6M18D40M12D23M10I95M1D7M2I143M4D149M2I4M
51	3738	0.406	4.325E-86	6	875	876	5	928	932	262M6I7M2I2M6D22M15D12M2I25M1I37M21D10M18D12M1D33M10D12M10D14M10I15M7D78M1D8M2I153M5I22M6I9M1I102M
76	3734	0.409	5.357E-86	6	875	876	5	922	925	262M6I7M2I2M6D19M20D9M2D34M13D22M4D23M9D17M1I39M9D31M1D12M6D76M2I8M1D153M5I22M6I9M1I102M
35	3733	0.410	5.652E-86	6	875	876	5	926	929	261M5D1M6I5M1I24M20D8M3D30M7D4M15D28M3D13M3D20M8D35M15D25M7I8M1I85M1D8M2I150M6I15M3I20M2I102M
3	3731	0.426	6.291E-86	6	875	876	5	880	882	262M6I11M4D23M10D5M10D16M2D31M2D32M2I69M11I17M13D78M1D7M2I153M5I22M7I100M3I8M
41	3730	0.409	6.637E-86	6	875	876	5	921	924	262M6I7M4D23M5D5M2D4M2D45M9D17M25D9M5D22M11D36M5D23M8I3M8D14M1D78M2I8M1D153M4I8M4I11M6I9M1I102M
44	3729	0.419	7.002E-86	0	875	876	0	880	886	5M1I261M5D10M7I22M17D23M5D34M2D29M2I71M9I17M11D78M1D7M2I153M5I22M7I100M3I8M
16	3723	0.419	9.655E-86	8	874	876	41	977	978	260M2I8M1I22M1D13M4D45M13D25M3D10M3D25M34D24M25D24M7I95M2I7M1D87M1I37M1I41M2D122M2I6M
33	3720	0.384	1.134E-85	0	875	876	2	966	970	3M3I263M6D5M9I22M13D5M4D3M4D9M9D17M11D35M24D21M10D6M8D7M14D20M1D37M9I14M8D81M2I7M1D118M1I19M1D53M1I19M4D78M4I5M
45	3719	0.414	1.196E-85	2	875	876	1	924	927	266M6I7M2I2M6D21M13D53M10D11M17D23M8D18M10D9M3D44M10I6M14D88M1D8M2I153M5I22M6I9M3I11M2D89M
116	3708	0.411	2.156E-85	6	874	876	5	892	893	262M6I11M4D18M20D39M10D26M1I53M7D41M11I18M14D77M3I7M2D137M1I22M7I14M10I38M1D67M
94	3705	0.396	2.531E-85	0	875	876	0	923	924	2M1I265M6D6M9I21M29D22M2D12M10D41M2D12M20D66M1D8M9I14M2D89M1I124M1I13M1D25M3D27M6I93M1I8M
43	3702	0.410	2.973E-85	4	875	876	3	928	931	264M6I11M4D21M13D52M9D23M25D6M2D22M15D33M13D25M7I8M1I85M1D8M2I153M5I22M6I9M1I102M
25	3699	0.378	3.491E-85	1	875	876	3	966	970	2M3I263M6D5M9I13M1I29M2I45M10D19M3D45M5D35M14D6M11D14M57D77M2I7M1D118M1I31M2I14M7D38M1I84M4I5M
38	3694	0.383	4.562E-85	0	867	876	2	961	969	3M3I262M6D6M9I21M8D22M1I32M16D19M23D9M3D23M33D16M2D39M9I5M12D12M9D84M1I127M1I12M1D16M4D50M1I85M
115	3694	0.401	4.562E-85	6	875	876	5	980	982	263M3I33M16D5M21D16M20D22M17D47M9D6M2D18M1D18M3D28M9I18M26D77M1D7M2I146M1D14M1D16M2D27M3D86M3I6M
47	3693	0.425	4.813E-85	6	871	876	5	812	820	262M6I7M4D42M4I25M2I21M7D29M3I8M1I25M1I9M1I9M16I91M1D8M2I164M34I96M
82	3692	0.414	5.078E-85	8	872	876	33	945	947	260M6I11M4D22M21D5M2D6M17D63M10D6M2D39M1I22M9D21M4I6M8D89M1D7M2I177M5I7M8I98M
46	3688	0.398	6.291E-85	0	875	876	0	925	926	5M1I262M18D66M4D38M16D37M8D33M15D23M9I15M1D79M1D8M2I148M11I8M3I23M4I11M2D58M12D23M3D9M
77	3687	0.406	6.637E-85	6	875	876	5	919	925	261M1I12M1I22M20D10M2D11M11D16M1D38M7D16M24D71M9I18M6D76M1D8M2I162M12I20M2I102M
62	3687	0.389	6.637E-85	0	867	876	2	923	931	3M3I262M6D6M9I16M1D10M3D27M3D23M16D19M15D21M23D66M8I19M7D85M1I125M1I30M15D6M11I35M2I80M
6	3684	0.378	7.794E-85	1	867	876	3	962	970	2M3I263M6D5M9I22M13D5M4D4M13D57M35D10M43D35M1I47M10I101M1I120M1I31M5D54M1I85M
57	3683	0.403	8.222E-85	0	875	876	2	927	931	3M3I261M2I38M19D23M3D45M41D35M3D44M5D10M10I18M7D76M1D8M2I154M5I20M7I112M
30	3681	0.378	9.152E-85	0	867	876	2	964	972	3M3I263M6D5M9I23M8D20M1I47M2D18M3D52M1D30M34D18M52D83M1I127M1I13M2D15M1D10M2D40M1I85M
23	3679	0.398	1.019E-84	6	872	876	5	933	935	264M2I35M19D19M16D8M13D28M12D66M12D37M9I16M3D5M1D74M1D7M2I142M3I26M1D124M
78	3679	0.398	1.019E-84	0	875	876	0	938	940	5M1I264M1I6M1I64M4D45M11D21M12D31M13D26M9I1M35D24M6D70M1D7M2I152M3I58M1D77M3I5M
119	3675	0.381	1.262E-84	6	875	876	5	965	968	262M6D6M9I21M8D22M1I46M3D45M2I46M3D8M39D15M46D88M1I125M1I30M13D3M6I5M3I26M1I89M3I6M
61	3673	0.398	1.405E-84	6	875	876	5	932	933	262M6D6M9I22M13D5M4D3M4D9M9D22M13D33M21D21M1D11M2D25M3D30M10I101M1I127M1I12M1I16M6D40M1I93M1I8M
28	3673	0.377	1.405E-84	1	875	876	3	968	971	2M3I262M6D6M9I21M8D90M3D48M5D30M14D3M22D14M46D86M1I120M1I31M5D54M1I84M3I6M
112	3670	0.379	1.649E-84	6	867	876	5	963	971	262M6D6M9I21M8D34M1I34M3D20M2D52M1D29M39D18M46D83M1I126M1I12M11D44M1D12M8I89M
39	3667	0.383	1.937E-84	0	875	876	2	961	965	3M3I262M6D6M9I16M1D10M3D27M3D37M3D20M2D29M1D52M34D18M47D85M1I125M1I12M1I16M4I7M9D42M2I79M4I5M
31	3667	0.378	1.937E-84	0	875	876	2	966	970	3M3I262M6D6M9I21M8D20M7D22M26D27M22D23M12D5M8D6M2D61M5I10M8D9M9D83M1I120M1I31M5D54M1I84M4I5M
15	3665	0.409	2.156E-84	8	874	876	43	982	983	259M2I11M1I18M1D15M4D44M12D26M3D10M3D10M7D17M29D24M4D13M1D7M9I11D19M11D76M2I7M1D87M1I37M1I12M2D72M2D79M2I6M
34	3664	0.383	2.274E-84	1	875	876	3	969	970	2M3I262M6D6M9I22M13D5M4D3M4D29M20D32M22D27M20D6M2D61M5I10M8D8M9D78M2I7M1D118M1I31M2I14M7D38M1I86M1I6M
26	3663	0.371	2.399E-84	1	874	876	3	969	970	2M3I263M6D5M9I21M8D42M33D27M24D8M43D35M1I47M10I101M1I120M1I31M5D54M1I92M
106	3663	0.381	2.399E-84	1	867	876	3	962	970	2M3I263M6D5M9I13M1I29M2I43M10D21M3D28M11D20M38D12M2D13M10I17M46D85M1I118M1I31M2I14M7D38M1I85M
83	3660	0.411	2.818E-84	8	872	876	32	945	947	261M3I13M1D22M19D27M8D33M9D5M1D9M10D20M4D16M13D50M7I2M8D93M1D7M2I142M4I16M9I124M
111	3659	0.396	2.972E-84	0	875	876	2	935	938	3M3I262M6D6M9I21M8D22M1I32M16D19M15D17M6D6M8D17M1D43M7D10M1I17M7D86M1I127M1I24M4D49M1I89M3I6M
27	3656	0.375	3.490E-84	0	867	876	2	962	970	3M3I262M6D6M9I22M13D5M4D4M13D25M11D34M24D8M43D35M1I47M10I101M1I120M1I19M1I16M1I17M7D20M7I8M6D82M
22	3655	0.388	3.682E-84	6	867	876	5	950	958	263M6D5M9I22M13D5M4D3M4D28M19D22M4D17M9D3M8D9M1D9M30D5M4D59M11I14M1D79M2I7M1D125M1I20M1D19M3D39M1I85M
24	3655	0.380	3.682E-84	0	875	876	2	966	970	3M3I262M6D6M9I22M13D5M4D3M4D9M9D17M11D35M22D24M34D30M1D37M9I14M8D87M1I120M1I19M2I25M7D39M1I84M4I5M
86	3649	0.377	5.078E-84	0	867	876	2	962	970	3M3I262M6D6M9I22M13D5M4D3M4D28M20D33M22D7M45D25M1I57M10I95M2I7M1D118M1I33M5D52M1I85M
108	3644	0.390	6.637E-84	0	875	876	2	925	928	3M3I263M6D5M9I20M17D11M12D12M2D13M10D37M1D13M23D69M2D7M9I14M2D87M1I127M1I24M4D43M5I91M3I6M
42	3641	0.400	7.793E-84	6	875	876	5	932	933	264M1I6M5I1M4D24M13D72M9D25M20D7M14D31M15D23M9I16M3D79M1D7M2I152M3I16M1D119M2I6M
85	3639	0.382	8.674E-84	1	867	876	3	962	970	2M3I262M6D6M9I74M3I14M10D18M3D56M3D3M2D23M36D18M46D77M2I7M1D118M1I31M2I14M7D38M1I85M
105	3637	0.385	9.655E-84	1	875	876	3	960	963	2M3I264M1I9M2I23M13D5M4D3M4D9M9D22M13D33M7D19M26D5M8D4M2D15M12D45M9I15M8D80M2I7M1D125M1I12M1I11M1I44M1I91M3I8M
127	3637	0.386	9.655E-84	6	875	876	48	1011	1013	266M3I31M13D5M4D2M4D8M75D36M5D7M4D102M3I100M3I7M2D84M1I36M2I4M1D10M1I14M1I57M3D76M3I8M
58	3634	0.418	1.134E-83	0	875	876	0	886	889	5M1I262M6I11M4D42M7D46M4D38M16D9M3D22M12D23M9I16M1D78M1D8M2I134M7I12M5I22M6I9M1I102M
53	3634	0.380	1.134E-83	1	867	876	3	956	964	2M3I262M6D6M9I22M17D41M26D28M5D25M3D11M4D12M9D33M1D12M7I18M33D83M1I127M1I12M1D14M4D52M1I85M
29	3634	0.384	1.134E-83	1	875	876	3	966	970	2M3I262M6D6M9I22M13D5M4D4M13D25M11D34M22D28M20D6M2D61M5I6M10D10M7D86M1I120M1I31M5D54M1I84M4I5M
18	3633	0.356	1.196E-83	6	869	876	1	1244	1248	266M3I10M5D15M6D26M15D11M5D10M9D37M5D14M28D14M2D20M53D26M5D6M11D10M7D19M8D69M1I134M1D5M2I12M7D8M12D7M62D9M27D28M43D8M58D13M17D81M
5	3631	0.376	1.331E-83	0	875	876	2	966	970	3M3I262M6D6M9I13M1I29M2I45M13D77M5D22M14D6M11D14M57D83M1I120M1I31M5D54M1I84M4I5M
122	3627	0.412	1.649E-83	6	849	876	4	949	1001	263M3I10M2D10M4D22M1D18M31D57M1D8M10D33M1I18M6D16M8I19M1D7M4D70M2I7M2D124M1D14M20D36M3D11M29D28M1D59M
107	3623	0.380	2.043E-83	0	875	876	2	966	969	3M3I264M1I9M2I22M8D22M1I30M14D21M4D29M60D35M13D23M8I19M7D83M1I127M1I13M5D39M1I15M3I8M2D84M3I6M
72	3621	0.393	2.274E-83	0	866	876	2	950	958	3M3I263M3I34M13D5M4D2M4D10M8D21M9D15M7D18M18D11M31D48M2D17M2D12M9I8M1D89M1D4M2I87M1I35M2I4M1D11M11D17M4I32M6I91M
66	3615	0.402	3.136E-83	6	875	876	5	921	923	77M1D187M1I6M1I46M1D34M5D16M8D11M1D20M33D6M1D33M2D6M1D15M8I2M10D94M3I9M2D135M1D16M4I13M1D119M3I5M
75	3610	0.384	4.099E-83	0	867	876	2	962	970	3M3I262M6D6M9I13M1I29M2I35M2D9M15D20M2I51M5D27M14D4M21D16M45D83M1I127M1I12M1D27M4D30M1I94M
59	3606	0.392	5.078E-83	8	875	876	8	980	982	259M2D10M5I22M11D55M40D4M12D89M3D7M17D6M9I4M21D14M25D77M1D7M2I89M1I48M1I60M9I90M
64	3603	0.385	5.962E-83	0	866	876	2	959	968	3M3I263M6D5M9I21M8D22M1I32M16D21M3D39M8D8M62D38M8I14M7D88M1I127M1I12M1I16M1I24M1I29M7D79M
67	3578	0.376	2.274E-82	4	875	876	4	961	964	265M3I27M1D11M3D26M2D37M3D20M2D22M2I31M1D26M5D8M34D4M37D5M9D81M1D4M2I116M1I78M1I91M3I8M
118	3567	0.387	4.098E-82	0	875	876	2	976	978	3M3I263M3I31M8D55M14D10M3D27M4D20M2D17M13D11M7D8M15D14M4I19M27D4M13D76M1D8M2I83M1I19M2D22M1I48M9D33M2I78M3I8M
73	3500	0.372	1.482E-80	24	875	876	2	931	933	245M3I31M8D35M1D78M1D57M65D19M8D77M1I91M1I38M2I38M4D48M1D77M3I8M
102	3494	0.376	2.043E-80	6	875	876	5	961	964	270M3I26M13D5M4D3M4D23M48D9M5D59M4D15M1I29M10D16M8I10M2D8M9D79M1D6M2I113M1I25M5D15M1D58M1I74M3I8M
60	3472	0.365	6.636E-80	6	875	876	1	990	994	11M2D15M10D7M3D228M2I4M1I32M15D20M13D9M54D16M5D21M5D11M21D22M2D17M2D42M10I19M8D76M1D7M2I89M1I53M1I35M5I28M3D77M2I7M
101	3460	0.366	1.262E-79	4	873	876	18	935	936	267M9I34M30D13M3D17M19D48M1I72M9I19M7D7M3D62M2D7M2I2M2I3M3D85M11D56M2I10M3I38M3I15M1D84M
65	3455	0.391	1.649E-79	6	875	876	0	877	879	261M3I34M10D69M2D11M18D20M27D38M2D17M2D6M9I1M7D10M1D6M15D78M2I7M1D89M1I32M13I18M49I96M
68	3453	0.387	1.835E-79	18	875	876	9	899	901	5M3D11M2I233M3I31M8D11M1D43M14D6M3D18M13D10M1D46M2D27M10I13M7D82M1D7M2I85M1I39M1I25M3D27M1I110M3I6M
74	3450	0.390	2.155E-79	8	842	876	1	902	926	260M1I11M2I89M8D35M1D16M4D52M44D17M22D78M2I7M1D86M2I33M2I19M2D8M3D39M8I13M1I54M
55	3432	0.401	5.651E-79	6	875	876	5	887	893	107M1I155M1I10M1I22M20D32M15D20M9D24M3D19M1D14M12D35M3D18M9I4D18M9D77M1D7M2I10M1I48M1I42M23I3M2I11M7I5M5I22M6I24M1I49M1I29M3I5M
92	3426	0.356	7.792E-79	8	873	876	3	1083	1084	263M1D23M4D26M13D14M19D57M1D8M24D14M15D16M34D15M3D10M3D8M9D4M8I14M22D4M4D77M1D134M1I10M41D38M1D21M2D8M3D6M24D87M
100	3409	0.378	1.936E-78	5	875	876	3	798	806	265M13I35M11I20M7I7M6I25M1I45M13I11M10I98M1D83M2D9M4I1M4D30M2D28M13I31M7I55M1I2M2D40M
126	3399	0.381	3.308E-78	8	867	876	11	805	808	97M2I159M4I39M1D13M8I8M1I21M23I64M5I13M3D8M22I73M2I8M1D49M1I27M2D9M4I29M4I17M2I69M8D37M2I40M
124	3392	0.379	4.812E-78	5	867	876	0	711	713	260M2D12M8D12M2D31M8I1M12D20M101I7M20I12M8I37M1D25M1I12M1D88M1I32M6I6M4D23M21I12M15I53M1D6M1I32M
98	3377	0.367	1.074E-77	4	875	876	11	775	776	101M1D163M5I1M2D36M22I17M2I23M9I21M6I5M16I10M13I7M14I20M3D64M2I11M1D80M1I9M6I32M2I16M22I85M2D22M4D29M
91	3364	0.387	2.155E-77	5	875	876	8	787	788	100M1D162M5D1M5I6M1D13M7I9M23I45M7I19M3I27M3I13M27I84M2I11M1D90M6I32M2I15M12I21M1I21M4I14M3I34M2D17M4D32M
97	3313	0.380	3.308E-76	4	866	876	24	776	786	101M1D163M5I4M3D28M22I19M8I14M16I32M16I29M18I79M3I11M1D90M6I32M2I16M2D2M6I6M9I15M1I15M7I12M1I36M1D16M2D23M
32	3304	0.367	5.356E-76	43	867	876	1	921	929	226M3I24M1I29M2I45M13D62M5D38M14D5M11D14M57D83M1I128M1I23M5D38M1D20M2I80M
104	3297	0.362	7.791E-76	1	875	876	3	934	938	2M3I39M32I191M6D6M9I22M13D5M4D3M4D9M9D19M11D33M22D21M12D8M10D17M13D38M4D6M10I15M5D80M2I7M1D126M1I23M2I13M7D29M3I14M2D78M4I5M
0	3290	0.372	1.133E-75	4	875	876	11	753	754	101M1D163M4I9M8D11M14I11M15I12M21I9M27I17M13I18M3I13M11I14M5I64M3I10M1D83M1D7M6I32M2I14M7D7M20I13M1I15M3I15M3I30M2D22M2D31M
120	3283	0.381	1.649E-75	5	867	876	6	751	764	100M2I161M6I10M3I16M5I7M18I10M16I15M15I53M1I6M2I11M1D15M3D59M2D36M1D55M2I16M1D24M2D4M5I6M1I10M2I30M47I18M1I35M1I39M
80	3262	0.367	5.076E-75	43	867	876	1	924	931	229M3I27M8D12M1D40M24D14M12D9M1D7M10D10M2D34M27D23M7D10M7D5M6I6M3D10M7D81M2I7M1D85M1I39M1I24M3D28M1I111M
114	3257	0.350	6.635E-75	5	870	876	4	926	929	216M1D52M8I24M50D10M1D79M19D32M11D37M11I82M2D13M1D7M2I66M5I11M3D70M5I136M
7	3254	0.365	7.791E-75	0	875	876	2	820	857	107M1D161M8I19M2I25M5I13M1I36M11I24M1D48M17I18M2I39M2D33M3I7M5D44M1I4M1I16M1D30M2I19M6I32M4I14M1I11M1D10M6I45M2D51M
79	3251	0.389	9.148E-75	53	875	876	0	887	889	214M1I9M1I28M12D8M25D35M1D9M4D6M4D3M2D20M3D24M12D44M1D9M10I18M4I3M23D70M1D7M2I138M3D16M6I11M1D119M3I5M
10	3249	0.373	1.018E-74	4	875	876	24	783	784	101M1D163M4I36M22I16M8I14M7I23M9I11M9I14M2I18M22I12M2I63M2I10M1D90M6I32M2I17M22I44M1D6M2I32M2D21M2D30M
95	3237	0.374	1.936E-74	6	875	876	1	715	720	99M2I161M9I30M21I18M19I9M10I26M5I19M17I22M26I37M2D27M2I13M3D49M2I16M1D51M6I22M24I8M1I7M12I15M2I35M1I40M2I5M
84	3212	0.368	7.384E-74	51	867	876	3	922	929	217M6D5M9I24M13D77M11D6M8D15M1I27M13D11M4D17M33D5M4I11M31D97M1I85M1I39M1I38M1I45M2D80M
87	3177	0.354	4.811E-73	0	867	876	1	738	770	107M1D169M4D7M1I18M26I12M22I6M29I19M6I25M27I21M2I39M2D36M1D55M2I16M1D18M7I24M4I8M1D12M17I12M5I33M5D6M1D34M2D43M
40	3151	0.346	1.936E-72	4	867	876	4	745	776	104M1D161M3D25M32I1M6I11M27I2M1I21M18I6M1I13M15I4M3D13M12I18M1D41M2D33M1I9M2D44M1I4M1I16M1D13M3I4M4I24M4I8M1D13M2D26M10I4M1I12M3I52M2D42M
63	3141	0.351	3.307E-72	3	867	876	4	746	778	104M1D167M11I23M2D1M17I5M4I7M15I11M29I19M12I36M13I18M2I39M2D41M1D50M2I15M1D19M7I28M3I16M6I29M2I13M8I50M2D43M
103	3134	0.340	4.811E-72	27	875	876	0	884	886	49M4I8M5I12M2I159M1I5M7I43M2D65M3D13M1D52M4I18M28D13M31D91M1D178M4I107M3I6M
89	3129	0.347	6.288E-72	4	867	876	5	746	777	104M1D165M12I24M17I14M34I18M1I22M16I29M17I12M8I39M2D33M1I9M2D48M2I16M1D13M3I3M4I26M4I7M1D41M8I4M1I12M3I52M2D42M
88	3125	0.349	7.790E-72	3	875	876	4	747	770	263M4I7M53I13M14I11M23I72M14I3M2I13M2I39M2D33M2I8M3D48M2I12M1D21M7I24M4I7M1D42M8I16M4I55M2D34M2I6M3D5M
20	3117	0.348	1.196E-71	5	868	876	6	741	772	263M4D24M6D30M6I16M54I19M58I20M2I39M2D33M1I9M2D44M1I4M1I16M1D17M7I24M4I7M1D42M8I16M4I52M2D43M
1	3113	0.351	1.481E-71	5	875	876	4	771	787	263M13I36M8I12M24I30M18I8M10I3M1I12M4I12M6I8M4I4M18I22M1D14M2D34M3I5M4D50M2I16M2D14M2I13M3I20M4I17M10I25M2I17M2I19M1D36M3D8M5D7M13D32M
96	3110	0.354	1.739E-71	5	875	876	37	942	948	31M5I225M18D67M5D9M2D30M3D36M36D25M1D16M1D16M8I24M8D60M4I8M3I7M4D49M1I32M1I54M1I13M12I25M8I101M
36	3095	0.364	3.883E-71	5	867	876	2	804	829	10M2D145M1I107M5I12M2D30M6I37M21D15M14I16M3I32M9I6M1I11M9I8M12I41M2D37M1D55M2I16M1D13M1I12M2I18M4I23M4D11M20I31M7I37M4D4M2I30M1D8M
2	3091	0.374	4.811E-71	0	874	876	4	780	781	106M1I55M1I109M7I16M2I25M6I16M11I11M20I8M15I10M10I36M12I55M1D36M2I8M4D47M1D11M1D8M4D53M1I8M5D12M5I4M17I11M15I53M1D6M2D7M5D9M3D30M
37	3085	0.357	6.634E-71	6	875	876	3	809	829	10M2D144M1I107M5I12M2D34M8I30M20D2M3D18M20I20M3I13M2I11M1I12M18I14M4I40M2D33M2I6M3D51M2I16M1D13M1I12M2I18M4I24M2D9M18I34M7I40M2D37M2I10M
125	3084	0.337	6.999E-71	6	863	876	27	805	813	262M6I72M16D17M2I29M17I35M8I7M14I18M4I63M1I5M13I118M2I29M4D3M13I13M17I18M2I70M
14	3019	0.354	2.273E-69	2	873	876	81	885	886	102M24I4M1I7M3I72M1D53M5I10M1D73M1D42M3D22M3D8M1D25M2D12M9I7M3D15M7D73M2I6M3D115M2I29M20I11M23I90M3I4M
110	2948	0.352	1.018E-67	91	875	876	0	877	880	177M6D6M9I22M13D5M4D3M4D29M20D32M22D9M6D12M6D6M8D6M2D61M5I10M8D8M9D78M2I7M1D126M1I23M2I28M1I29M7D79M3I6M
21	2885	0.386	2.971E-66	4	721	876	2	702	745	211M1D53M5I11M3D62M2D118M12I13M1D6M2I75M1D78M1I10M4D2M5I27M6I4M2D17M
81	2853	0.368	1.648E-65	40	797	876	7	879	885	228M6D6M9I22M13D5M4D3M4D9M9D26M13D29M20D6M6D20M15D17M12D45M8I14M7D88M1I128M1I63M25D30M
12	2750	0.375	4.096E-63	5	765	876	1	674	675	263M5I94M45I49M16I18M2I26M1I12M2D23M1I13M2I52M2I16M1D14M3I5M3I26M6I15M2I11M2I34M
121	2638	0.360	1.648E-60	12	742	876	1	618	619	297M17I3M9I7M82I17M4I5M10D19M7I14M5D4M2I22M1D15M2D33M3I7M4D48M2I15M2D15M2I12M3I21M4I29M2I11M
123	2541	0.401	2.970E-58	45	680	876	0	713	715	228M2I53M3D3M13D26M8D17M14D13M7D31M17D47M9I5M9D14M16D76M1D7M2I69M1D20M2D14M
9	2483	0.310	6.630E-57	3	868	876	4	609	639	104M1D169M24I9M48I8M48I16M9I12M13I13M17I4M63I6M14I46M1I1M1I16M1D13M3I4M4I29M3I17M17I12M5I33M6D40M2D44M
11	2296	0.352	1.480E-52	2	726	876	1	580	596	41M32I209M3D30M21I12M11I6M22I5M37I37M10I11M10I25M1D15M2D33M3I6M4D49M2I15M2D14M1D7M5I15M1I11M4I26M
19	1916	0.221	1.017E-43	5	875	876	11	730	735	28M1D14M5D1M3I43M1I11M1I42M1D11M5D4M8D20M1I3M3D27M2D8M5D7M5I33M5I7M2D31M19I22M3I11M15I13M82I18M4I12M2D6M2D46M1I22M2D78M4D37M1D10M2I6M7I8M4I3M1I15M4I12M3I17M27I17M1D14M7I19M
90	1458	0.195	4.554E-33	8	868	876	7	694	697	25M1I11M5I56M1I40M5D17M1I21M1I24M1I4M11I4M1I36M1D11M13D22M3I6M21I9M20I22M29I8M12I19M47I38M3I7M2D6M1D23M6D5M2I31M1I3M5D10M3I16M2D18M11I21M2I6M12I11M12I29M9I12M1I7M1I4M1I10M1D14M1D8M1D13M1D22M
4	1391	0.197	1.646E-31	10	873	876	8	685	688	39M4I53M1I38M3D4M2D18M1I19M1I22M4D10M12I36M14I39M7I8M3I14M3I18M9I20M2I9M14I16M1I8M27I15M2I5M5I15M1I1M1D11M3I11M3D2M1D8M2I7M1I6M2D4M1D7M5D29M2D8M2D3M3I15M2D23M12I9M4I8M15I5M61I11M1I9M3I2M2I14M3D25M3D9M6I11M
129	1209	0.162	2.812E-27	11	849	876	0	633	656	21M1I11M35I3M2D4M1D20M1I40M5D17M1I21M1I30M13I36M13D8M9D10M70I6M44I12M12I13M2I22M10I21M6I33M3I7M2D6M1D8M1D26M3D31M4D10M3I15M2D21M14I14M6I8M2D12M16I35M5I17M1I7M4I3M2I3M2I12M1D8M1D16M
99	1090	0.210	1.646E-24	8	581	876	19	448	450	25M1I12M5I55M1I38M3D4M1D13M1I23M1I36M2I3M8I33M2I13M5D27M24I5M85I14M9I17M11I16M5I23M1I3M1D6M3I14M3D4M1D6M1D25M
17	753	0.168	1.131E-16	10	802	876	3	909	985	21M2I26M3I14M1I4M1D25M1I43M3D20M9D18M1I10M4D3M4D7M4D6M3D5M1I11M9D25M4D11M5I11M1D30M1D48M33D38M16D35M18D15M5D15M8I9M31D11M3I19M3I4M6I12M4I9M8D20M6D15M15I26M14I27M5D14M11D17M6D72M1I29M
93	605	0.123	3.128E-13	12	869	876	13	801	803	34M7I41M1I10M1I40M1D4M6D14M2I4M1I13M2D26M1I3M3I6M2I5M20D42M3I7M6I38M1I25M3I41M102D66M12I18M5I9M1D3M1D6M16I9M22I17M5I11M29I4M21I3M3I8M38I9M4D3M2D93M17I5M9I33M
 