12	5145	1.00	0.000E+00	0	674	675	0	674	675	675M
7	2864	0.395	2.276E-66	1	674	675	7	715	857	101M1D166M13D13M3D31M1D25M7D24M1I90M1D53M5D78M1I3M1D32M4D11M1D45M
1	2859	0.433	2.982E-66	1	673	675	4	648	787	267M6I8M2I11M11I2M10I15M5I18M5I66M1D22M1D3M1D43M1I6M5D68M1D13M3D11M2I20M2D58M
63	2857	0.426	3.322E-66	1	674	675	6	658	778	97M1D169M15I26M2D72M4I19M16I33M1D38M2I11M6D83M1I32M3D11M1D9M3D36M
91	2848	0.425	5.403E-66	1	673	675	8	690	788	98M1D174M6D99M2I17M5I56M1D6M2I29M2D63M2D19M1I47M4D10M1D23M2D9M1D13M
88	2847	0.429	5.703E-66	1	674	675	6	646	770	261M8I11M5I50M29I8M1I20M1I57M1D43M1I5M5D85M1I32M3D11M1D6M3D39M
87	2840	0.411	8.325E-66	1	671	675	6	647	770	93M1D168M13D6M2I14M10I11M2I29M18I26M13I20M9I30M1D38M4D96M1I28M3D16M2D16M2D25M
40	2840	0.420	8.325E-66	1	674	675	5	653	776	97M1D165M12D5M2I13M1I57M12I11M30I13M3I11M1I30M1D43M1I6M3D3M2D80M1I29M3D17M4D43M
89	2839	0.420	8.787E-66	1	674	675	6	654	777	100M1D161M5I27M6D35M2I11M2I20M30I16M3I8M1I30M1D43M1I6M3D3M2D80M1I29M3D15M4D45M
120	2821	0.439	2.324E-65	0	654	675	5	672	764	101M2I159M2D6M5D43M2D49M3I12M1D16M6D3M3I16M2I9M2I26M1D49M4D82M5D5M1D45M1I11M1I9M
20	2798	0.422	8.053E-65	1	674	675	6	648	772	261M8I14M8D80M27I13M15I33M1D38M4D96M1I32M3D11M1D6M3D39M
0	2778	0.427	2.373E-64	1	673	675	12	665	754	98M1D163M8D10M1D20M1I6M10I57M8I11M18I7M8I3M1I30M1D6M2I26M4I12M5D51M2D16M2I1M1D8M1D39M4D10M7D23M4D22M
10	2775	0.431	2.790E-64	1	673	675	25	689	784	98M1D166M8D21M1I21M7I19M8I19M4I34M5I48M1D6M2I28M2D65M2D18M1I43M4D14M3D21M2I9M1D13M
97	2771	0.430	3.464E-64	1	673	675	25	695	786	98M1D163M5D8M1D6M4D16M1I6M3D55M7I17M10I25M9I30M1D6M2I26M1D67M2D18M1I47M4D11M7D22M1I21M
95	2754	0.418	8.679E-64	1	662	675	0	634	720	96M2I176M4I2M1I23M1I13M1I67M32I33M1D52M4D79M3D7M3D52M3D21M
36	2754	0.377	8.679E-64	1	670	675	2	722	829	10M2D145M1I105M11D53M2I17M25D20M1I42M1D25M2I28M1D40M1I9M5D80M1D7M2D30M2D10M11D20M3I19M
98	2751	0.415	1.021E-63	1	674	675	12	682	776	98M1D178M1I6M10I15M1I27M1I13M2I66M1D33M1D6M2I42M2D51M2D18M1I7M1I39M4D9M3D26M2D21M
100	2746	0.383	1.337E-63	0	672	675	2	701	806	262M4I9M5D63M4D26M2D35M1I15M1D37M1D9M2I32M1I6M5D50M2D17M1I12M11D3M3I30M8D55M
124	2740	0.410	1.849E-63	1	669	675	0	632	713	274M15D6M41I34M12D32M31I33M1D7M1I42M3D51M2D16M1I19M5D28M1I2M5D9M2D13M6I22M
128	2720	0.379	5.449E-63	1	674	675	5	765	876	263M5D34M3D15M2D14M4D42M36D38M16D18M2D26M1D12M2I23M1D13M2D52M2D16M1I14M3D5M3D30M6D10M4D46M
37	2710	0.380	9.354E-63	0	670	675	1	722	829	12M2D144M1I105M11D53M2I14M28D14M1I8M2D31M5I15M1I46M1D43M1I6M5D80M1D7M2D27M2D13M11D20M3I19M
121	2655	0.399	1.827E-61	8	653	675	1	618	619	254M7D8M2D12M10I12M3I27M1I7M9D13M30I21M19I3M7D24M2D53M4D67M1D11M3D7M1I4M1I20M2D38M
70	2615	0.357	1.586E-60	2	672	675	5	758	858	262M3D33M23D49M2D29M4D8M4D14M18D23M6D4M2D28M1D6M2I35M1I9M3D47M2D17M1I13M5D5M1D33M6D9M7D43M
52	2611	0.334	1.969E-60	1	672	675	4	808	913	263M3D35M3D16M5D15M7D9M13D21M36D36M13D7M24D22M8D27M1D6M2I35M1I7M1D4M2D45M2D17M1I13M5D5M1D33M6D9M7D43M
126	2571	0.360	1.709E-59	3	673	675	10	702	808	94M2I163M7D7M6I6M5I26M4I94M9D12M8D29M1D7M2I30M4D5M1I7M1I46M1D19M1I12M4D35M2D12M8D45M
109	2570	0.336	1.804E-59	1	674	675	4	828	915	263M4I5M7D26M3D14M4D5M10D12M9D24M4D16M55D17M24D26M14D11M3D28M1D6M2I35M1I7M1D4M2D45M2D17M1I13M5D5M1D31M6D10M8D46M
48	2562	0.341	2.780E-59	1	672	675	4	808	899	267M17D13M24D8M9D47M4D28M33D20M8D34M12D6M2D28M1D11M2I30M1I6M1D5M2D45M2D17M1I13M5D5M1D31M6D10M9D9M1D35M
54	2559	0.336	3.269E-59	2	672	675	5	823	923	264M2D9M3D30M15D40M13D24M57D6M5D14M12D24M12D7M6D4M2D28M1D6M2I35M1I7M1D4M2D45M2D17M1I13M5D5M1D33M6D9M7D43M
49	2558	0.357	3.450E-59	1	672	675	4	762	862	263M3D20M4D33M17D16M24D9M6D45M4D31M6D6M2D28M1D6M2I35M1I9M3D47M2D17M1I13M5D5M1D33M6D7M7D45M
35	2558	0.332	3.450E-59	1	672	675	4	829	929	271M3D27M3D14M4D8M5D8M8D21M11D11M20D14M31D20M45D29M2D28M1D6M2I35M1I7M1D4M2D45M2D17M1I13M5D5M1D31M6D10M8D44M
3	2551	0.346	5.036E-59	2	672	675	5	786	882	266M60D11M12D36M2D38M4D34M4D28M6D9M2D28M1D6M2I35M1I7M1D4M2D45M2D17M1I13M5D5M1D33M6D8M7D44M
50	2551	0.344	5.036E-59	2	672	675	5	808	906	262M3D35M3D8M20D9M4D20M1D34M36D5M10D20M33D29M2D28M1D6M2I35M1I9M3D47M2D17M1I13M5D5M1D31M6D11M7D43M
56	2550	0.336	5.316E-59	2	672	675	5	831	931	262M3D35M3D13M22D42M3D15M63D20M14D6M24D26M1D3M2D28M1D6M2I35M1I7M1D4M2D45M2D17M1I13M5D5M1D10M4D21M2D10M7D44M
21	2548	0.366	5.923E-59	1	628	675	3	696	745	209M1D58M3D45M10D27M36D53M5D25M1D33M1D7M2I35M1I6M5D50M2D17M1I5M1I7M4D7M1D27M2D12M
58	2546	0.351	6.599E-59	1	671	675	4	788	889	263M3D35M3D14M4D6M4D9M16D18M2D24M30D18M18D25M14D12M6D27M1D6M2I35M1I7M1D4M2D45M2D17M1I13M5D5M1D33M6D51M
47	2544	0.367	7.352E-59	1	656	675	4	729	820	263M3D32M2D25M9D8M5D14M8D56M16D26M2D27M1D6M2I35M1I7M1D4M2D45M2D17M1I13M5D5M1D31M6D12M8D12M3D14M
13	2540	0.348	9.125E-59	1	674	675	4	796	894	263M3D35M3D14M4D5M14D36M6D6M48D22M10D7M8D35M2D28M1D6M2I35M1I7M1D4M2D45M2D17M1I13M5D5M1D31M6D27M7D29M
41	2540	0.338	9.125E-59	1	674	675	4	828	924	263M3D49M7D10M4D24M7D22M69D31M38D21M1D3M2D28M1D6M2I35M1I6M1D5M2D45M2D17M1I13M5D5M1D31M6D17M5D15M1D24M
69	2538	0.339	1.017E-58	1	672	675	4	824	924	263M3D35M3D14M4D6M10D16M13D15M44D38M28D16M6D12M13D6M2D2M2D28M1D6M2I35M1I7M1D4M2D45M2D17M1I13M5D5M1D31M6D12M7D42M
23	2535	0.324	1.196E-58	1	674	675	4	825	935	262M3I10M6D18M22D45M1D16M8D12M14D10M3D25M22D19M60D31M1D11M2I30M1I7M1D4M2D45M2D14M1I16M6D36M6D49M1D7M
122	2533	0.338	1.332E-58	0	674	675	2	822	1001	268M4D13M3D34M48D4M6D8M8D21M4D26M32D52M11D26M1D6M2I35M1I8M4D48M2D17M1I12M2D7M4D32M7D10M5D4M8D33M1D7M
76	2531	0.336	1.484E-58	1	672	675	4	825	925	265M4D9M1I6M2D24M21D10M2D19M35D11M19D12M12D31M15D25M12D6M6D4M2D28M1D6M2I35M1I9M3D47M2D17M1I13M5D5M1D31M6D11M7D43M
42	2530	0.331	1.566E-58	1	674	675	4	839	933	262M2I10M5D19M21D45M1D21M79D27M18D6M5D10M4D49M1D11M2I30M1I7M1D4M2D45M2D17M1I13M6D36M6D12M7D6M4D12M6D26M
71	2530	0.335	1.566E-58	1	672	675	16	834	934	263M3D18M2D50M4D13M23D25M60D14M8D13M11D8M12D19M3D28M1D6M2I35M1I9M3D47M2D17M1I13M5D5M1D31M6D11M7D43M
115	2527	0.316	1.842E-58	1	674	675	4	862	982	266M42D18M51D14M25D10M25D7M8D11M8D72M1D4M6D15M3D7M2D27M1D6M2I35M1I9M3D47M2D17M1I13M2D30M1D7M9D55M
116	2526	0.342	1.944E-58	1	674	675	4	805	893	263M3D29M8D26M4D13M18D18M1D13M8D10M38D23M10D8M12D19M1D2M2D27M1D6M2I35M1I6M1D5M2D45M2D17M1I13M5D37M7D8M9D47M
8	2526	0.338	1.944E-58	1	674	675	6	886	1016	261M9D13M7D15M49D24M21D22M33D17M21D23M5D11M4D21M9D14M16D6M5D24M1D6M2I28M2D9M1D7M1D47M1D2M1D16M1I13M6D40M6D7M5D17M7D28M
34	2525	0.330	2.052E-58	2	671	675	5	849	970	261M3I40M16D13M8D14M57D14M5D15M52D22M4D32M1D9M22D26M1D11M2I31M1I7M1D3M2D45M2D18M1I13M2D36M9D53M
44	2524	0.346	2.166E-58	1	672	675	4	786	886	267M3D31M3D14M1D8M17D12M24D9M6D13M3D45M25D17M6D7M2D28M1D6M2I35M1I7M1D4M2D45M2D17M1I13M5D5M1D31M6D11M7D43M
6	2523	0.332	2.287E-58	2	671	675	5	849	970	262M4I6M1D32M19D13M5D14M4D5M7D18M9D12M13D18M52D16M6D10M28D14M22D25M1D7M2I35M1I8M3D47M2D18M1I13M2D36M9D53M
78	2519	0.325	2.838E-58	1	673	675	4	849	940	263M2I40M27D11M46D15M29D11M11D44M6D11M15D28M6D26M1D11M2I30M1I7M1D4M2D45M2D17M1I13M6D18M1I5M1D14M6D7M21D46M
25	2518	0.334	2.996E-58	2	671	675	5	849	970	262M4I6M1D32M19D13M5D14M4D6M7D17M9D12M13D18M52D16M6D10M28D13M22D26M1D7M2I35M1I7M1D3M2D45M2D18M1I13M2D36M9D53M
29	2512	0.327	4.143E-58	2	674	675	5	853	970	261M3I40M19D9M44D10M18D22M5D29M62D27M15D21M2D27M1D11M2I31M1I8M3D47M2D18M1I13M2D36M9D47M1D9M
86	2512	0.331	4.143E-58	2	674	675	5	857	970	261M3I40M16D13M8D14M57D14M5D12M52D25M4D32M1D9M22D26M1D11M2I31M1I7M1D3M2D45M2D18M1I13M2D36M9D14M2D15M3D27M
66	2511	0.322	4.373E-58	2	674	675	5	829	923	77M1D185M2I17M1D38M18D18M1D21M8D3M46D24M47D37M1D28M1D6M2I35M1I6M1D5M2D45M2D17M1I13M5D5M1D13M1I17M7D10M11D20M6D26M
131	2510	0.351	4.616E-58	2	671	675	5	772	896	262M5I5M2D32M14D39M43D25M1D25M6D10M21D10M1D9M2D27M1D7M2I35M1I7M1D3M2D45M2D18M1I13M2D36M9D14M2D13M2I24M
46	2510	0.340	4.616E-58	1	672	675	4	813	926	263M3D35M3D14M4D7M4D20M19D20M63D44M5D12M18D8M2D28M1D6M2I35M1I9M3D47M2D17M1I13M5D5M1D33M6D8M3D44M
117	2510	0.347	4.616E-58	0	674	675	5	855	1003	262M3D19M5D15M21D21M25D9M15D18M17D14M6D36M25D10M20D21M13D27M1D9M2I25M3D65M2D16M1I13M6D37M7D9M8D32M2D14M
113	2508	0.333	5.142E-58	1	672	675	4	818	915	261M6D72M53D11M4D13M7D12M42D36M10D14M1D5M2D27M1D6M2I35M1I7M1D4M2D45M2D17M1I13M5D5M1D33M6D10M4D42M
45	2507	0.333	5.428E-58	1	672	675	4	827	927	263M3D18M2D50M4D13M23D25M61D18M18D25M12D7M6D4M2D28M1D6M2I35M1I7M1D4M2D45M2D17M1I13M5D5M1D33M6D9M7D43M
57	2507	0.332	5.428E-58	2	669	675	5	829	931	262M3I9M6D6M2D30M24D42M4D16M28D16M21D14M34D13M12D9M4D3M2D27M1D6M2I35M1I7M1D4M2D45M2D17M1I13M5D36M7D10M8D21M1D20M
94	2506	0.327	5.729E-58	1	674	675	4	833	924	261M7I22M3D14M17D9M16D18M11D24M1D4M8D16M21D7M15D7M14D8M2D21M8D6M13D26M1D12M2I30M1I7M1D3M2D45M2D15M1I16M4D6M2D9M4I17M9D10M21D46M
27	2506	0.338	5.729E-58	2	674	675	5	853	970	261M3I40M19D13M5D14M4D5M7D18M9D5M11D10M2D15M52D16M6D10M28D14M22D25M1D11M2I31M1I8M3D47M2D18M1I13M2D36M9D43M1D13M
130	2506	0.323	5.729E-58	2	674	675	5	873	983	274M2D7M3D12M77D8M27D12M8D8M3D27M31D7M7D6M12D47M3D14M2D28M1D6M2I35M1I7M1D4M2D46M2D13M1I16M5D36M7D13M6D38M1D5M
51	2505	0.340	6.047E-58	2	672	675	5	831	932	262M3D35M3D14M4D10M8D16M15D21M55D16M5D13M19D15M3D9M9D8M9D3M2D28M1D6M2I35M1I7M1D4M2D45M2D17M1I13M5D5M1D31M6D13M7D41M
28	2501	0.329	7.506E-58	2	674	675	5	854	971	261M3I40M52D11M12D8M18D22M5D15M45D11M17D30M15D21M2D27M1D7M2I35M1I8M3D47M2D18M1I13M2D36M9D47M1D9M
26	2499	0.327	8.363E-58	2	674	675	5	853	970	262M4I6M1D32M19D13M5D14M57D14M5D29M62D27M15D21M2D27M1D7M2I35M1I8M3D47M2D18M1I13M2D36M9D47M1D9M
106	2498	0.333	8.827E-58	2	674	675	5	857	970	261M3I40M19D13M5D14M57D13M5D30M48D29M9D21M22D25M1D7M2I35M1I7M1D3M2D45M2D18M1I13M2D36M9D14M2D15M3D27M
24	2492	0.330	1.221E-57	2	674	675	5	853	970	261M3I40M19D13M5D14M57D14M5D23M52D10M7D23M18D21M2D27M1D7M2I35M1I8M3D47M2D18M1I13M2D36M9D47M1D9M
85	2491	0.327	1.289E-57	2	674	675	5	857	970	261M3I34M29D22M35D9M17D16M5D29M62D27M15D21M2D27M1D7M2I35M1I7M1D3M2D45M2D18M1I13M2D36M9D14M2D15M3D27M
31	2490	0.328	1.360E-57	2	671	675	5	849	970	261M3I40M19D10M5D19M20D33M13D18M52D16M6D10M28D13M22D26M1D7M2I35M1I8M3D47M2D18M1I13M2D36M9D53M
108	2487	0.320	1.599E-57	2	674	675	5	836	928	261M3I40M16D9M16D15M20D13M20D11M22D17M12D16M11D13M9D25M2D26M1D7M2I35M1I8M3D47M2D18M1I13M2D36M9D10M21D46M
62	2487	0.333	1.599E-57	2	674	675	5	836	931	261M3I37M16D14M10D16M30D22M9D10M25D10M21D44M4D8M13D24M1D7M2I35M1I7M1D3M2D46M2D17M1I13M2D36M9D12M6D8M15D36M
22	2487	0.330	1.599E-57	0	672	675	3	866	958	262M3I11M5D5M2D25M12D13M4D11M24D21M31D11M43D47M10D10M8D5M15D27M1D7M2I35M1I8M3D48M2D17M1I13M2D36M9D10M19D8M2D15M6D21M
16	2487	0.322	1.599E-57	2	673	675	39	868	978	263M3I8M5D8M49D6M53D23M23D23M9D53M3D35M2D28M1D6M2I35M1I9M3D47M2D17M1I13M4D5M1D31M5D11M5D44M
105	2486	0.326	1.688E-57	2	674	675	5	867	963	261M3I40M16D33M34D12M37D8M11D5M28D12M22D18M6D26M9D5M2D26M1D7M2I35M1I7M1D3M2D46M2D17M1I13M2D36M9D10M6D5M9D41M
33	2485	0.335	1.782E-57	2	674	675	5	853	970	261M3I40M16D8M41D6M18D11M6D16M5D22M30D43M27D13M22D26M1D7M2I35M1I7M1D3M2D45M2D18M1I13M2D36M9D39M1D17M
83	2481	0.338	2.212E-57	2	672	675	29	849	947	2M1D266M3D12M2D31M4D5M7D15M24D6M53D8M9D42M6D18M20D13M1D4M2D28M1D6M2I35M1I7M1D4M2D45M2D17M1I13M5D5M1D33M6D10M4D42M
61	2478	0.328	2.601E-57	1	674	675	4	838	933	262M3I40M19D9M63D32M5D22M21D37M17D9M1D10M2D26M1D7M2I35M1I8M3D47M2D15M1I16M2D36M9D9M20D9M2D28M1D10M
111	2478	0.330	2.601E-57	2	674	675	5	842	938	261M3I41M16D33M21D16M9D5M2D14M69D18M12D12M3D19M2D27M1D7M2I35M1I8M3D47M2D18M1I9M2D40M9D9M19D9M2D38M
77	2475	0.337	3.059E-57	1	672	675	4	822	925	263M1I11M4D8M4D14M8D10M5D30M6D17M2D43M12D23M86D3M2D28M1D6M2I35M1I7M1D4M2D45M2D17M1I13M5D5M1D31M6D10M5D44M
112	2471	0.331	3.797E-57	1	673	675	4	851	971	261M2D31M24D22M30D5M18D12M6D15M5D12M36D16M25D28M10D15M5D6M2D27M1D7M2I35M1I8M3D48M2D17M1I13M2D36M9D14M1D14M2I25M
43	2467	0.337	4.713E-57	1	674	675	4	835	931	263M3D22M4D10M71D26M3D9M11D13M20D58M3D11M12D7M6D4M2D28M1D6M2I35M1I7M1D4M2D45M2D17M1I13M5D5M1D31M6D10M8D18M1D28M
82	2467	0.336	4.713E-57	2	672	675	30	849	947	2M1D264M17D19M38D8M20D6M20D38M1D8M9D42M8D22M15D13M2D28M1D11M2I30M1I7M1D4M2D45M2D17M1I13M5D5M1D31M6D12M2D11M2D31M
67	2467	0.321	4.713E-57	0	674	675	4	869	964	268M2D16M59D12M13D21M17D11M21D24M13D18M8D16M7D21M18D17M2D27M1D11M2I42M2D46M2D17M1I13M5D5M1D10M4I13M1D5M8D9M6D9M1D7M11D30M
53	2462	0.340	6.175E-57	2	673	675	5	845	964	261M3I44M9D13M16D6M1D4M57D7M1D4M25D7M28D8M3D16M9D31M7D12M2D7M1D26M1D7M2I35M1I8M3D47M2D15M1I16M4D6M2D9M4I17M9D55M
72	2460	0.338	6.879E-57	2	674	675	5	869	958	261M2D35M3D15M1D11M10D5M6D11M11D16M9D5M1D14M13D22M20D11M23D7M12D3M18D7M26D27M1D6M2I29M1D15M1D48M2D17M1I12M5D16M4I17M9D10M25D46M
59	2459	0.311	7.261E-57	3	674	675	7	885	982	273M2D70M2D12M41D23M11D16M32D8M18D19M79D27M1D7M2I35M1I6M1D5M2D45M2D17M1I13M9D36M2D10M6D8M3D38M
39	2458	0.321	7.665E-57	2	674	675	5	870	965	261M3I37M16D14M10D16M57D14M5D18M36D10M21D28M15D21M2D27M1D7M2I35M1I7M1D3M2D46M2D17M1I13M2D36M9D10M6D10M15D36M
38	2457	0.316	8.090E-57	2	674	675	5	873	969	261M3I40M16D35M21D21M1I6M21D17M6D13M21D16M58D10M22D26M1D7M2I35M1I8M3D47M2D18M1I13M2D36M9D9M6D11M16D36M
107	2457	0.320	8.090E-57	2	672	675	5	851	969	261M3I40M16D29M62D13M8D14M52D26M10D15M15D21M2D27M1D7M2I35M1I8M3D47M2D18M1I13M5D5M1D10M4I17M9D39M1D15M
18	2457	0.329	8.090E-57	1	667	675	0	903	1248	263M2I7M9D26M18D8M9D6M25D33M10D3M23D14M8D17M79D6M8D12M26D28M11D26M1D9M2I23M2I16M4D48M2D17M1I13M2D6M4D31M5D48M
125	2454	0.361	9.514E-57	1	660	675	26	732	813	261M1I8M1D61M33D119M1D7M2I26M1I3M9I4M1I48M2D17M1I13M2D6M4D26M1D3M3D15M15D28M
96	2452	0.338	1.060E-56	1	674	675	37	856	948	31M5I225M9D45M12D50M6D45M64D23M43D27M1D11M2I87M1D14M1I16M9D36M2D23M7D33M
119	2447	0.322	1.389E-56	1	674	675	4	872	968	262M3I37M16D11M17D16M20D17M33D16M36D12M25D28M15D21M2D27M1D7M2I35M1I7M1D3M2D46M2D17M1I13M2D36M9D12M6D7M16D8M1I28M
15	2447	0.319	1.389E-56	2	674	675	41	868	983	260M4I10M6D30M2D7M4D9M8D17M31D8M11D4M4D27M35D17M43D29M2D28M1D6M2I35M1I9M3D47M2D14M1I16M4D5M1D31M5D10M1D46M
5	2445	0.330	1.547E-56	2	674	675	5	853	970	261M3I40M19D13M5D14M57D14M5D22M30D7M32D27M15D21M2D27M1D7M2I35M1I8M3D47M2D18M1I13M2D36M9D47M1D9M
30	2444	0.328	1.633E-56	2	673	675	5	877	972	261M3I40M19D11M7D16M57D8M10D17M6D7M25D10M25D18M13D27M3D4M2D27M1D7M2I35M1I8M3D48M2D17M1I13M2D30M1D7M8D9M20D8M2D15M2D22M
74	2432	0.319	3.123E-56	4	674	675	1	840	926	260M3I36M47D13M16D26M46D18M17D12M1D14M9D39M11D27M1D6M2I44M2D49M2D13M1I16M4D15M4I13M1D4M7D10M9D5M7D16M1I24M
102	2430	0.312	3.480E-56	2	674	675	5	857	964	260M5I6M2D30M16D11M11D3M67D18M29D12M8D39M7D21M18D17M2D27M1D7M2I46M2D46M2D17M1I13M5D5M1D10M4I18M9D9M12D46M
118	2423	0.315	5.079E-56	1	674	675	4	873	978	267M55D17M33D16M14D22M5D10M1D18M40D36M3D32M14D5M2D28M1D6M2I32M1I9M1D8M2D42M2D17M1I13M5D37M7D9M9D31M6D15M
75	2422	0.322	5.361E-56	2	673	675	5	853	970	261M3I40M16D32M34D13M38D13M4D2M56D33M15D25M2D27M1D7M2I35M1I8M3D47M2D15M1I16M2D36M9D14M2D41M
127	2410	0.321	1.025E-55	0	674	675	46	904	1013	272M2D26M23D19M48D14M5D15M30D5M40D8M16D17M1D48M2D28M1D9M2I43M2D46M2D17M1I12M5D16M4I17M9D12M6D24M1I19M
2	2403	0.353	1.497E-55	1	668	675	9	686	781	101M1I55M1I103M4I10M2D35M6I20M1I34M2I11M6I33M2D27M1D11M1I25M4D16M1D45M3D11M13D21M4I5M1D25M10D40M1I13M
64	2394	0.320	2.434E-55	2	674	675	5	873	968	262M4I7M6D7M6D13M76D20M7D20M5D8M9D9M22D14M2D7M14D26M15D25M2D27M1D7M2I32M1I11M3D47M2D18M1I13M2D36M9D9M20D9M2D28M1D10M
92	2378	0.301	5.778E-55	1	672	675	0	923	1084	262M1D5M5D16M66D69M7D9M4D13M35D51M94D26M1D6M2I35M1I8M5D48M2D17M1I12M5D8M1D29M5D7M25D47M
65	2371	0.327	8.434E-55	0	654	675	0	790	879	2M2I259M2D18M90D15M9D40M11D35M2D24M14D22M10D7M2D27M1D7M2I50M2D42M2D14M1I16M5D36M9I27M
101	2359	0.302	1.613E-54	1	673	675	19	841	936	262M4I35M18D7M68D30M12D26M4D27M7D29M6D31M1D6M2I26M1D17M1D8M2D41M2D14M1I16M19D3M2I32M6D11M12D43M
55	2356	0.335	1.897E-54	2	672	675	5	800	893	105M1I164M3D14M3D27M14D13M5D40M28D22M24D7M34D12M18D12M2D5M2D28M1D6M2I35M1I7M1D4M2D7M1I37M2D9M1I7M1I13M5D17M13I40M1D20M
73	2325	0.319	1.013E-53	19	673	675	1	820	933	257M2D19M27D36M13D14M10D11M46D5M31D9M8D24M10D31M1D27M1D6M2I44M2D48M2D17M1I13M5D15M4I11M1D6M7D10M6D45M
68	2316	0.309	1.647E-53	14	674	675	9	812	901	4M3D10M2I242M2D12M41D6M8D38M1D18M14D5M17D62M2D10M19D29M1D6M2I50M2D42M2D17M1I13M5D18M1I19M6D8M26D46M
11	2309	0.396	2.404E-53	0	640	675	3	581	596	39M32I219M2I17M20I3M6I17M8I20M2I19M2I46M2D43M1I6M5D70M1D11M3D10M2I21M2D25M
60	2278	0.292	1.284E-52	1	674	675	0	885	994	11M2D16M8D6M5D242M2D45M7D7M3D5M116D15M22D29M2D27M16D11M1D10M11D26M1D12M2I30M1I6M1D8M2D42M2D17M1I13M5D27M1I9M7D10M4D45M
104	2218	0.308	3.284E-51	2	674	675	5	821	938	38M32I191M3I40M19D13M5D14M57D14M5D22M30D18M5D25M22D13M22D26M1D11M2I31M1I7M1D3M2D45M2D15M1I16M2D36M9D41M1D15M
81	2215	0.309	3.862E-51	36	673	675	7	819	885	227M3I40M16D33M29D12M41D12M4D4M34D4M12D17M10D31M4D8M13D24M1D7M2I35M1I8M3D47M2D15M1I16M2D36M9D10M1D17M1D28M
32	2199	0.317	9.167E-51	39	671	675	1	808	929	225M4I6M1D32M19D13M5D16M20D27M7D8M6D14M52D18M6D10M28D13M22D26M1D7M2I35M1I8M3D47M2D18M1I13M2D36M9D53M
114	2176	0.286	3.177E-50	1	674	675	4	829	929	211M1D53M3I16M40D7M28D17M10D20M6D28M21D20M20D27M10D21M2I26M1D6M2I35M1D9M3D49M2D9M2I3M4I12M8D5M1D35M5D6M8D46M
14	2169	0.348	4.637E-50	1	651	675	84	800	886	106M25I3M4I2M1D69M1D52M3D6M2I32M10D18M2I24M6D5M27D29M12D16M4D9M14D14M3D33M1D9M2I32M1I6M5D50M2D14M1I16M5D5M1D26M2D5M2D11M4D22M
9	2141	0.348	2.105E-49	1	671	675	6	517	639	97M1D164M1I11M24I18M12I10M32I17M99I4M12D5M10I81M1I29M3D18M4D38M
80	2135	0.304	2.911E-49	39	674	675	1	832	931	224M3I10M5D22M29D11M5D4M51D18M8D14M13D6M40D8M16D30M1D30M1D6M2D27M1D6M2I32M1I11M3D48M2D17M1I13M5D18M1I5M3I3M1D7M8D9M16D46M
79	2114	0.313	9.055E-49	49	673	675	0	798	889	214M2I41M27D12M17D9M36D4M15D33M18D28M12D9M9D23M7D28M1D11M2I30M1I9M3D47M2D17M1I13M5D5M1D13M1I18M7D9M13D9M8D36M
84	2066	0.312	1.211E-47	48	672	675	4	812	929	214M3I11M5D22M23D18M68D3M3D8M4D13M8D57M9D17M14D4M40D6M2D28M1D6M2I32M1I12M3D48M2D16M1I12M5D16M4I12M1D6M8D9M1D15M2I27M
103	1986	0.295	9.132E-46	23	674	675	0	777	886	49M4I8M5I7M2I164M3I23M31D14M21D15M6D28M10D16M3D20M33D15M16D26M2D3M2D26M1D11M2I31M1I9M5D48M2D16M1I13M6D15M4I18M10D55M
123	1904	0.311	7.670E-44	41	582	675	0	688	715	234M48D8M7D20M21D8M3D21M8D13M42D30M1D52M14D25M1D6M2I45M2D48M2D30M
110	1864	0.297	6.660E-43	87	674	675	0	767	880	175M2D31M24D19M28D8M18D11M6D16M5D12M52D25M4D32M1D9M22D26M1D11M2I31M1I7M1D3M2D45M2D15M1I16M2D36M9D14M2D13M3D29M
19	1624	0.217	2.853E-37	1	673	675	11	672	735	29M1D13M5D2M3I40M1I10M1I45M1D15M2D3M11D16M1I4M3D27M2D51M7D11M1I34M20I19M40I36M4I6M2D11M2D8M1D6M2I30M2I10M4D8M2D43M2D16M1I13M9D5M1D17M1D6M2D15M5D32M1I6M3D9M
4	1371	0.226	2.468E-31	0	602	675	0	592	688	6M2D41M4I51M1I37M3D4M2D17M1I21M1I20M1D3M3D9M12I85M2I10M5D6M1I18M3I34M1D20M14I9M5I15M1D12M5I11M3D2M1D9M3D9M3D5M1I7M3D32M4D9M1I15M1D15M4D9M1D11M
90	1328	0.205	2.520E-30	4	672	675	7	606	697	26M1I9M5I57M1I40M5D17M1I22M1I23M12I8M1I34M24D12M3I13M21I13M3I7M14I3M2I30M15I11M16I21M1D16M5I3M2D10M1I4M3D3M6D10M2D5M2I33M1I3M5D10M1I14M1D16M2D4M7I23M1I16M4I17M2I16M
129	1167	0.184	1.512E-26	7	674	675	0	575	656	23M1I9M35I3M2D4M1D20M1I40M5D17M1I22M1I23M16I6M3D33M3I7M2D14M18D18M12I8M3I24M28I12M26I8M2I20M1D10M3I7M2I3M2D8M1D10M1I12M5D7M3D32M4D10M1I15M1D21M5I16M8I2M7D3M2D52M
99	1121	0.229	1.815E-25	2	507	675	17	448	450	25M1I19M5I45M1I42M3D4M1D14M1I24M1I39M10I31M8D38M22I15M41I36M8I25M1D8M3I3M2I6M2D10M2D9M4D18M
17	704	0.184	1.107E-15	6	512	675	3	538	985	22M2I11M1D8M4I19M1I4M1D21M1I41M3D26M9D19M1I16M12D9M3D5M1I11M9D30M2I5M13D26M4D10M9D36M6D18M1D47M1D25M9I7M5I4M8I9M15I19M6D10M
93	604	0.180	2.460E-13	8	388	675	13	395	803	32M3D10M10I30M1I11M1I39M2D4M5D15M2I5M1I12M2D25M4I9M1I6M19D32M2I21M10I55M3D43M
 106	7170	1.00	0.000E+00	0	969	970	0	969	970	970M
86	6675	0.985	0.000E+00	0	969	970	0	969	970	970M
85	6671	0.984	0.000E+00	0	969	970	0	969	970	970M
26	6649	0.978	0.000E+00	0	969	970	0	969	970	970M
34	6611	0.985	0.000E+00	0	969	970	0	969	970	970M
5	6610	0.976	0.000E+00	0	969	970	0	969	970	970M
25	6600	0.976	0.000E+00	0	969	970	0	969	970	970M
28	6596	0.976	0.000E+00	0	969	970	0	970	971	367M1D603M
29	6581	0.977	0.000E+00	0	969	970	0	969	970	970M
27	6531	0.975	0.000E+00	0	969	970	0	969	970	970M
6	6528	0.973	0.000E+00	0	969	970	0	969	970	970M
24	6521	0.948	0.000E+00	0	969	970	0	969	970	970M
31	6517	0.974	0.000E+00	0	969	970	0	969	970	970M
33	6340	0.940	0.000E+00	0	969	970	0	969	970	970M
64	6208	0.885	0.000E+00	0	969	970	0	967	968	349M2D67M1I84M1I9M1I6M1I451M
30	6204	0.902	0.000E+00	0	969	970	0	971	972	349M2D162M1I70M1D388M
53	6170	0.880	0.000E+00	0	969	970	0	963	964	352M2D159M1I35M6I4M1I412M
75	6161	0.875	0.000E+00	0	969	970	0	969	970	349M2D162M1I9M1I448M
38	6151	0.896	0.000E+00	0	969	970	0	968	969	349M2D62M2I98M1I458M
107	6115	0.872	0.000E+00	0	969	970	0	968	969	853M1I116M
119	6076	0.883	0.000E+00	0	969	970	0	967	968	349M2D42M2I118M1I333M1I124M
112	6062	0.878	0.000E+00	0	969	970	0	970	971	352M2D150M1I314M1I34M1D118M
39	6054	0.890	0.000E+00	0	969	970	0	964	965	349M2D162M1I8M4I314M1I35M1I95M
62	5990	0.858	0.000E+00	0	969	970	0	930	931	349M2D64M34I64M1I8M4I314M1I35M1I95M
105	5978	0.866	0.000E+00	0	969	970	0	962	963	349M2D82M1I79M1I308M1I5M6I138M
61	5940	0.853	0.000E+00	0	969	970	0	932	933	349M2D62M1I76M10I3M28I441M
32	5928	0.973	0.000E+00	42	969	970	1	928	929	928M
22	5919	0.832	0.000E+00	0	969	970	0	957	958	334M1I83M7I37M2I47M1I308M1I149M
104	5894	0.916	0.000E+00	0	969	970	0	937	938	43M32I895M
111	5890	0.859	0.000E+00	0	969	970	0	937	938	349M2D68M33I370M1I149M
131	5784	0.818	0.000E+00	0	969	970	0	895	896	349M2D62M1I74M78I285M3D121M
110	5623	0.979	0.000E+00	90	969	970	0	879	880	880M
108	5615	0.794	0.000E+00	0	969	970	0	927	928	334M1I14M2D37M1I24M35I63M1I35M1D17M2I256M1I55M4I90M
94	5588	0.789	0.000E+00	0	969	970	0	923	924	334M1I14M2D37M1I25M34I40M3I22M1I50M2I256M1I53M5I91M
67	5568	0.759	0.000E+00	5	969	970	6	963	964	329M1I13M2D108M2I53M1I311M5I142M
102	5297	0.702	0.000E+00	0	969	970	0	963	964	334M1I13M2D108M2I18M6I364M1D124M
72	5167	0.677	0.000E+00	0	968	970	0	957	958	333M1I16M2D56M1I38M7I42M1D37M1D30M1I17M1I178M1I58M1I18M1I16M1I115M
118	5104	0.692	0.000E+00	0	968	970	0	977	978	338M1I11M2D56M1I39M4D50M1D35M1D46M1I180M1I13M2D47M1D22M1I13M3D114M
127	4997	0.656	0.000E+00	0	968	970	43	1012	1013	337M1I12M2D56M1I38M4D57M1D31M2D28M1I17M1I178M1I58M1I20M1I14M1I115M
115	4820	0.589	0.000E+00	0	968	970	0	981	982	305M3D43M2D14M1D33M1D32M6I13M4D18M3I19M1D15M4D30M1D48M1D216M1D21M1D59M2D94M
15	4776	0.581	0.000E+00	0	967	970	36	982	983	303M1I21M1I34M2I34M1D17M3I27M1I56M1D31M10I19M2I21M2I168M1I214M
73	4772	0.633	0.000E+00	23	968	970	2	932	933	311M1I13M2D60M1I35M5I44M1I5M3I38M5I213M1I34M1I34M1D141M
16	4751	0.601	0.000E+00	5	967	970	39	977	978	299M1I20M1I28M1I37M1D21M3I27M1I29M2I25M1D38M10I12M2I21M2I168M1I60M1I19M1D42M2I90M
81	4739	0.819	0.000E+00	39	881	970	7	875	885	310M2D62M2I63M1I34M1I305M2D38M26D27M
130	4693	0.572	0.000E+00	0	968	970	0	982	983	295M3D52M2D19M1D28M1D46M2D39M3I35M5D14M1D46M1D206M1D34M1I49M1D102M
74	4675	0.627	0.000E+00	7	937	970	1	902	926	398M1I24M3D54M4I13M8I5M2I22M5I26M1I188M2I33M1I23M6I21M1I11M1I81M
68	4656	0.605	0.000E+00	0	968	970	0	900	901	4M5D7M10I7M2I320M2D55M34I29M15I7M13I28M1D26M2D22M1I178M1I58M1I25M1I125M
80	4612	0.658	0.000E+00	42	968	970	1	930	931	291M1I16M2D56M1I38M4D57M1D29M1D26M1D22M1I178M1I61M1I14M1I133M
84	4588	0.646	0.000E+00	47	968	970	0	928	929	286M1I16M2D59M1I36M4D56M1D21M1D42M6D14M1I178M1I67M1I9M1I33M1I98M
59	4543	0.556	0.000E+00	0	969	970	0	979	982	7M1D287M3D54M2D18M1D29M1D36M2D54M1D18M4D34M2D12M6D23M1D182M6D6M7I28M1D16M2I10M11I10M2I17M1D107M
56	4413	0.517	2.374E-101	0	969	970	0	927	931	266M5D11M4I58M2I24M1D56M11I37M4I26M6I30M3I3M1D26M4I219M1D26M15I32M1I106M
3	4383	0.512	1.175E-100	0	968	970	0	881	882	268M9D5M8I51M17I16M1D40M31I20M3I10M13I25M9I8M1I270M1D24M15I29M1I105M
43	4382	0.528	1.240E-100	0	969	970	0	927	931	268M2D10M1I87M1D16M1I86M12I25M8I12M1I12M9I12M2D230M1D29M15I29M1I106M
45	4374	0.528	1.899E-100	0	968	970	0	922	927	281M1D73M1D12M1D23M2I14M5I16M6I30M1I6M13I20M2D40M7I7M2I232M1D29M15I29M1I105M
54	4369	0.525	2.479E-100	0	969	970	0	919	923	281M1D68M2D17M1D23M2I14M5I16M6I26M1D13M10I25M8I28M7I7M2I232M1D29M15I29M1I106M
51	4363	0.533	3.414E-100	0	967	970	0	925	932	281M1D62M2I21M1D39M5I16M6I26M1D12M11I59M8I12M2D230M1D29M15I29M1I104M
76	4361	0.523	3.799E-100	0	969	970	0	921	925	266M5D11M4I45M1I39M1D27M1I11M5I16M6I41M9I51M5I3M8I241M1D17M3I19M12I22M1I106M
116	4358	0.517	4.457E-100	0	969	970	0	892	893	265M7D8M6I53M7I44M4I18M5I13M10I46M3I24M8I14M7I7M14I234M1D27M18I46M4I15M1D70M
41	4348	0.519	7.597E-100	0	969	970	0	923	924	278M1D21M3I36M1I26M1D55M12I26M1I10M4I38M5I6M6I14M3I26M2D215M1D24M19I6M1D28M1I101M3D5M
44	4347	0.523	8.013E-100	0	969	970	0	882	886	268M2D10M1I54M2I6M15I9M1D56M11I21M1D17M11I59M36I219M1D24M15I29M1I106M
60	4327	0.517	2.328E-99	5	969	970	1	991	994	5M2D21M10D7M3D256M3D70M1D24M1D23M6I13M4D1M1I21M5D108M1D20M8D5M2D169M1I31M1D24M2I25M6I34M1D92M
42	4325	0.511	2.590E-99	0	968	970	0	932	933	279M1D21M2I34M7I22M1D28M1I30M8I17M1D22M10I23M1D62M1I17M6I200M1D27M8I6M1D51M1D87M
52	4321	0.505	3.205E-99	0	969	970	0	904	913	267M9D6M8I52M4I29M1D40M36I26M14I27M2D281M1D29M15I29M1I106M
113	4316	0.521	4.185E-99	0	969	970	0	914	915	274M2D4M1I61M4I3M2I16M1D41M4I5M4I12M1I39M10I18M3I12M2I24M9I241M1D23M3I3M15I39M5I87M4D5M
78	4313	0.532	4.910E-99	0	968	970	0	939	940	280M1D21M1I45M1I18M1D23M1I34M8I17M3I17M12I18M3I22M1I19M5I8M1I12M3D10M5D12M2D198M1D16M2I19M5I54M1D83M
50	4312	0.528	5.179E-99	0	969	970	0	904	906	268M2D10M1I87M1D15M2I22M5I13M11I35M13I18M3I4M9I30M3I9M6I226M1D29M15I29M1I106M
77	4308	0.513	6.411E-99	0	969	970	0	919	925	277M1D77M2D39M1I75M12I25M8I25M14I8M2I227M1D21M6I13M11I22M1I101M1D5M
109	4306	0.508	7.132E-99	0	967	970	0	914	915	281M1D85M1D55M11I22M2D17M10I59M16I234M1D30M16I37M5I90M
49	4304	0.512	7.935E-99	0	969	970	0	858	862	267M9D6M8I51M17I16M1D41M45I8M1D9M13I18M5I15M15I8M6I36M2D211M1D24M15I29M1I106M
69	4297	0.516	1.152E-98	0	969	970	0	920	924	277M1D62M1I6M9I11M1D16M2I37M11I42M7I58M2I11M4I235M1D18M6D4M21I29M1I106M
46	4295	0.523	1.282E-98	0	965	970	0	917	926	281M1D62M2I21M1D44M8I12M8I19M1I12M10I26M8I26M8I12M2D230M1D31M19I23M1I75M12D27M
35	4290	0.510	1.674E-98	0	969	970	0	925	929	266M12D2M11I48M1D39M1D16M1I37M16I27M2D11M4I31M8I23M5I19M1I225M1D30M14I29M1I106M
23	4269	0.516	5.129E-98	0	968	970	0	934	935	279M1D22M1I30M6I52M1I26M2D41M1I10M12I26M1D33M5I16M1D16M10I2M2D207M1D25M7I51M1D90M
57	4260	0.525	8.287E-98	0	965	970	0	922	931	278M1D23M1I44M1D20M1D58M9I29M1I11M7I23M2I36M11I237M1D29M15I29M1I102M
13	4259	0.509	8.741E-98	0	969	970	0	890	894	266M5D11M4I41M3D36M7I41M6I12M8I26M24I17M2I24M5I10M6I5M5I17M5I212M1D29M15I29M1I106M
48	4255	0.519	1.082E-97	0	968	970	0	898	899	268M2D10M1I14M2I32M1D12M5I17M1D21M4I39M7I23M4I10M13I40M6I14M7I19M8I219M1D28M18I128M
71	4253	0.525	1.204E-97	4	965	970	16	926	934	277M1D73M1D12M1D23M2I14M5I16M6I26M1D13M10I25M8I16M8I4M1I247M1D29M15I29M1I102M
66	4234	0.493	3.315E-97	0	968	970	0	922	923	82M1D198M1D21M1I30M6I21M8I23M1I34M8I16M1D22M10I96M10I208M1D35M7I42M1D90M
83	4211	0.507	1.130E-96	5	964	970	29	942	947	2M1D261M8D4M7I22M1I21M3D13M7I4M1I18M1D25M1D21M3D33M1D24M12I43M6I8M11I10M3I228M1D33M18I37M1D87M
82	4209	0.519	1.257E-96	5	964	970	30	942	947	2M1D261M2D10M1I31M1D22M4I30M1D25M1D21M3D33M1D15M1D12M9I19M3I4M9I19M14I26M1I8M1I210M1D28M18I37M1D87M
70	4197	0.507	2.384E-96	0	969	970	0	857	858	281M1D20M1I3M17D7M36I3M4I11M1D23M2I14M5I13M11I22M27I28M10I8M21I6M2I232M1D29M15I29M1I103M3D3M
65	4191	0.532	3.283E-96	7	969	970	2	876	879	296M2D47M2D11M1D51M6I5M12I9M18I23M1D17M4D24M1D24M2D30M1D175M1I36M30I6M35I107M
58	4132	0.515	7.629E-95	0	969	970	0	885	889	281M1D73M1D12M1D23M2I78M13I25M38I8M12I225M1D15M1I13M21I23M1I106M
47	4118	0.492	1.609E-94	0	965	970	0	811	820	266M12D2M11I66M3I14M1D20M1I37M12I23M8I8M94I19M1I205M1D29M15I21M23I88M
55	4026	0.485	2.173E-92	0	969	970	0	889	893	112M1I168M1D62M1D19M1D7M2I49M16I46M4D11M8D21M2I11M9I8M4I5M11I115M1I49M1I38M19I9M6I20M21I20M1I69M1I36M
79	3850	0.501	2.586E-88	52	968	970	0	888	889	228M1D21M1I45M1I13M1D28M1I34M8I17M1D22M10I88M1D15M6I200M1D19M3I21M4I42M1D90M
103	3779	0.488	1.139E-86	26	968	970	0	885	886	49M4I8M5I7M2I170M5I15M1D23M1D39M12I27M2I33M1I55M11D25M20I12M11I15M3I99M2D120M1D67M8I106M
117	3752	0.381	4.807E-86	0	969	970	0	995	1003	2M2D267M10D4M9I10M1I13M2I15M5D44M10I28M3I34M1D32M8I64M3I5M8D109M1D128M2D17M22D37M4D23M7D102M
92	3708	0.363	5.021E-85	5	965	970	1	1083	1084	262M4D25M1I47M1D27M6I57M2I18M5D24M6I2M13D18M11D32M23D15M1I26M9D95M2D135M25D13M2I34M11D15M24D16M9D78M3D4M
128	3691	0.377	1.243E-84	3	962	970	1	867	876	2M3D263M6I5M9D13M1D29M2D45M10I19M3I33M1I49M1D17M87I85M1D118M1D47M5I44M1D79M
122	3521	0.345	1.074E-80	7	969	970	6	971	1001	261M2D35M6I3M5I18M13I13M3I3M17D5M3I56M2I37M13I16M2I23M5I10M7I27M3I11M3I79M1D117M2D21M4D6M17D19M9D26M16D20M3D67M3I22M
101	3451	0.357	4.487E-79	0	961	970	15	928	936	265M6I20M3I23M1I45M11I41M2I48M1I4M13I56M9I7M4I12M4I17M2D1M1D58M2D104M11D40M1D12M2I15M1I8M7I44M1I77M
8	3434	0.358	1.111E-78	0	969	970	0	1015	1016	2M2D266M15D7M1I41M7D23M2D25M1D3M6D1M4I102M6I82M2D11M1D10M6I80M2D127M1D11M12D54M10D97M2D11M
18	3413	0.314	3.404E-78	5	960	970	1	1240	1248	264M5D36M2I43M12D49M7D38M7D36M8I31M3D55M31D13M7D74M1I11M1D172M18D11M155D9M18D3M25D17M6D83M
126	3300	0.350	1.408E-75	6	964	970	10	807	808	98M2I159M10I4M9D21M7I26M8I5M12I3M24I15M45I22M17I24M48I4M3I9M7D12M5D135M1I31M1D4M3I28M4I4M1D13M2D113M1I2M1I41M
91	3251	0.339	1.920E-74	5	969	970	9	787	788	97M1D163M14D5M10I6M27I5M34I7M76I22M2D14M10I27M2I15M8I8M9I36M3I64M2I10M4D5M2I79M3I3M3I36M1I12M17I31M3I23M1I1M3I34M2D17M4D27M1D4M
100	3234	0.336	4.753E-74	0	969	970	0	801	806	2M1I269M10I10M25I6M2I8M26I4M9I44M17I38M11I6M1I19M21I11M22I12M4I5M7I75M1D5M1D85M3I3M5D30M3D21M22I19M3I22M2D7M1I43M1D23M4D18M
114	3207	0.344	2.005E-73	0	961	970	0	922	929	220M1D46M5I21M2I41M3D32M6I98M10I25M3I30M9I32M4D6M4I59M2D87M5I11M3D43M1D17M1I54M7I10M1I77M
98	3172	0.317	1.296E-72	5	969	970	13	774	776	99M1D162M10D7M3I10M27I5M34I15M22I22M21I33M20I14M19I9M40I86M2I10M1D5M1D75M1I8M6I34M1I14M5I11M15I15M2I25M3I2M1I32M2D22M4D28M
97	3128	0.330	1.354E-71	5	969	970	26	784	786	99M1D162M9D12M1I7M27I5M34I15M22I8M6I8M21I35M15I16M52I33M7I62M3I10M1D5M1D84M6I34M1I13M3D4M21I18M1I3M2I25M5I36M1D16M2D31M
7	3083	0.315	1.491E-70	5	969	970	8	825	857	100M1D162M2D16M40I10M8I26M23I67M5I9M14I34M44I20M7I38M2D43M3D46M2I18M1D21M6I30M1I21M11I20M6I6M1D29M2D32M2D38M3D6M3D6M
96	3082	0.330	1.573E-70	5	969	970	38	941	948	30M5I227M16D16M1I28M4I38M34I12M8I33M7I26M24D32M3I28M3I2M8I12M4I19M3D5M1D62M4I9M4D5M2I48M1I32M1I38M1D19M18I18M6I34M1I82M
124	3076	0.340	2.166E-70	5	963	970	1	712	713	258M3D2M8D3M12D11M36I17M117I14M11I24M54I10M9I15M3I40M1D24M1I16M2D82M1I32M1I26M30I16M3I17M7I39M1D6M1I33M
10	3071	0.318	2.828E-70	5	969	970	26	782	784	99M1D161M15D3M48I6M31I8M22I26M8I6M13I33M12I26M44I3M9I20M7I62M2I11M4D5M2I82M6I34M1I14M5I11M14I12M1I3M2I26M5I32M2D21M2D29M
120	3060	0.328	5.084E-70	5	969	970	7	758	764	98M2I163M3D35M5I21M62I9M4I26M4I21M1I35M42I7M37I10M4I33M2D39M1D7M1D47M2I18M1D50M3I3M2I17M15I12M13I10M23I2M1I35M1I46M
89	3050	0.320	8.664E-70	0	969	970	0	760	777	5M2D99M1D165M16I8M25I15M8I21M23I12M37I22M8I7M10I19M61I4M2I14M9I38M2D43M2D48M2I16M1D13M3I3M4I26M2I19M13I37M5I26M2D36M2D38M7D8M
40	3043	0.304	1.258E-69	0	969	970	0	759	776	5M1D98M1D165M69I11M79I42M12I26M26I8M6I7M1I17M3I11M3I39M2D43M2D46M2I18M1D13M3I3M4I36M2I11M13I35M5I26M2D36M2D38M7D8M
0	3035	0.324	1.928E-69	5	969	970	13	752	754	99M1D163M18D10M72I18M28I12M41I6M29I19M14I7M26I10M5I7M1I19M1I60M3I10M1D5M1D77M1D7M6I34M1I15M1D12M19I10M1I30M5I31M2D21M2D31M
20	3022	0.310	3.856E-69	0	969	970	2	754	772	275M39I19M5D6M4I23M47I17M16I19M16I12M84I9M3I39M2D43M2D46M2I18M1D24M7I16M2I27M4D32M18I19M2I37M2D41M7D8M
95	3018	0.328	4.772E-69	5	969	970	1	715	720	99M2I161M9D1M15I9M16I20M64I7M1I11M25I29M1I3M14I15M72I20M2I32M2D43M2D52M2I16M1D51M5I16M16I19M18I16M6I1M3I35M1I38M1I7M
87	3017	0.320	5.034E-69	5	969	970	7	752	770	100M1D162M1D11M5D14M2I28M105I9M49I23M48I6M4I25M1I36M2D42M2D47M2I18M1D23M7I19M2I25M13I29M9I17M1I5M3D33M2D42M7D8M
88	2996	0.308	1.542E-68	5	969	970	7	752	770	268M10I5M56I20M19I22M8I9M15I32M12I12M83I10M3I39M2D43M2D48M2I12M1D14M2I7M5I23M2I23M5I10M3I31M6I18M2I40M2D38M7D8M
37	2991	0.308	2.014E-68	4	969	970	2	810	829	11M2D144M1I105M16D8M20I16M13I10M67I30M9D3M41I10M5D18M14I29M4I26M1D13M2I39M2D37M1D5M1D49M2I16M1D13M1I15M2I19M3I19M3D12M15I16M4I3M11I52M2D48M
63	2987	0.318	2.492E-68	5	969	970	7	768	778	100M1D168M1I23M75I4M7I37M13I26M22I8M59I7M7I11M9I5M2I39M2D39M4D2M2I46M2I17M1D11M2I7M5I23M2I31M8I9M4I12M1I6M5I15M2I40M4D3M2I38M15D8M
1	2972	0.311	5.546E-68	0	969	970	0	786	787	269M1D8M40I43M48I12M21I26M19I14M72I15M1I26M1D13M2D38M1D5M1D49M2I16M2D15M1I6M3I6M1I26M3I14M14I59M3I30M1D6M2D9M7D6M8D2M3D21M16D8M
36	2965	0.313	8.054E-68	3	969	970	1	810	829	11M2D145M1I105M16D4M22I10M25I11M57I7M15I7M12I25M11I5M10D35M1I9M4I15M8I19M1D20M2I39M2D37M1D5M1D49M2I16M1D13M1I15M2I19M3I17M10D15M36I4M1I56M4D3M2I46M
125	2952	0.310	1.611E-67	3	958	970	25	805	813	264M1D4M2D21M11I33M20I14M10D11M9I26M16I30M19I21M54I22M13I62M13I127M1I10M1D14M5D7M13I20M19I6M6I70M
2	2927	0.309	6.109E-67	3	964	970	8	779	781	103M1I54M1I168M107I14M1I7M1I11M11I24M52I27M5I35M1D43M3D49M1D11M1D6M4D62M5D22M21I8M13I20M7I33M3D11M5D12M3D16M4D6M
14	2877	0.321	8.786E-66	2	963	970	79	885	886	3M3D105M25I4M3I72M1D51M10D3M2I12M13I37M8I25M17I20M4I15M27I22M11I59M9I35M6I75M1D5M1D128M1I11M25I20M23I7M1D74M2D5M
123	2813	0.438	2.666E-64	44	772	970	0	713	715	230M3I11M3I76M6I9M1D24M1D25M1I14M1D28M3D27M8I32M2I4M2I6M1D181M1D17M2D20M
21	2685	0.353	2.454E-61	1	811	970	0	701	745	213M1D51M7D8M6I12M31I18M1I15M29I76M22I23M7I12M4I11M8I11M3I5M1I19M2I76M4D5M2I70M1I10M5D1M6I27M4I6M1D15M
121	2528	0.309	1.060E-57	11	831	970	1	618	619	256M15D6M8I15M24I12M115I53M61I4M6I20M1I22M1D11M2D44M2D50M2I16M2D14M2I9M3I22M3I42M
12	2508	0.329	3.080E-57	5	857	970	2	674	675	260M7D13M4I28M9I9M15I14M78I22M2I5M18I15M26I16M9I12M6I21M2I27M1I7M2D35M1D7M1I3M2I45M2I18M1D13M2I36M9I14M2I15M3I27M
9	2344	0.277	1.933E-53	5	969	970	7	617	639	100M1D170M51I33M35I11M68I9M99I12M10I3M66I45M2I18M1D13M4I4M3I25M2I19M13I35M9I24M2D32M2D41M1D4M1D5M
11	2138	0.304	1.139E-48	5	822	970	5	581	596	37M32I201M6D17M34I8M8I13M28I11M1I28M23I23M11I6M103I25M1D10M2D41M1D5M1D49M2I16M2D14M2I8M3I23M3I22M4I7M
19	1766	0.198	4.684E-40	5	965	970	12	731	735	27M1D17M2D44M1I11M1I42M1D11M5D6M8D18M1I3M3D27M2D53M15D9M102I27M34I16M8I5M15I16M71I16M5I12M2D6M2D47M1I4M1D16M2D76M3D5M1D38M4I5M2I11M18I17M14I7M1I22M11I23M1D8M1I26M
90	1368	0.162	7.707E-31	0	960	970	0	691	697	4M1I2M1D25M1I14M5I53M1I40M5D17M1I21M1I29M12I3M1I34M3D5M25D10M27I23M25I6M49I5M67I13M22I6M23I2M14I13M1I6M3I3M9I31M3I7M2D6M1I5M5I6M2D10M10D33M1I3M5D7M3I19M2D18M14I28M9I13M20I10M5I12M3I14M1D8M1I4M1I10M1D12M1D11M1D14M1D17M
4	1280	0.171	8.408E-29	5	964	970	4	687	688	43M4I53M1I37M3D6M2D14M1I22M1I22M4D10M12I37M1D7M1D17M22I10M2I10M8I11M13I5M58I8M8I10M25I18M4I5M7I22M22I13M4I6M3I1M10I3M3D25M3I14M3D2M1D8M2I11M5D8M3I7M2D6M2I8M6D9M2D7M2D2M3I16M2D16M1I7M7I6M4I19M1I1M81I6M1I1M1I9M1D2M6I15M3D23M3D22M
129	1195	0.159	7.816E-27	10	956	970	0	646	656	3M1D1M1I16M1I11M32I30M1I40M3D4M2D13M1I18M1I33M13I36M9D13M81I2M2I9M101I35M10I17M26I10M1D18M6I28M2I5M1I7M2D6M1D8M1D7M3D14M1D32M1I2M5D9M3I16M2D19M14I16M3I27M25I47M1I7M9I3M1D16M1D6M1D13M1D15M
99	978	0.267	8.278E-22	5	349	970	17	361	450	8M1D1M1I16M1I15M5I53M1I38M3D3M1D14M1I23M1I40M10I29M17D13M1I42M1I28M
17	823	0.160	3.215E-18	9	893	970	3	921	985	21M2I12M1D11M1D6M5I9M1I4M1D26M1I36M2D5M1D15M2I6M11D16M1I17M12D10M8D3M7D7M4I33M17D32M14D15M16D12M5D5M5D40M11I97M7I27M10D34M20D15M3D28M5I10M2I13M6I7M10I4M5I5M3I12M2D32M56I15M8D35M5D11M2D59M3D9M1D10M
93	654	0.149	2.634E-14	11	606	970	13	763	803	32M3D7M10I33M1I12M1I38M3D3M4D15M2I4M1I13M2D29M4I6M2I6M20D32M9D21M21D64M107D22M1D29M1I42M8D68M4D75M5I18M
 51	6859	1.00	0.000E+00	0	931	932	0	931	932	932M
46	6298	0.946	0.000E+00	0	931	932	0	925	926	438M16I8M2D317M4I114M12D35M
54	6056	0.884	0.000E+00	0	931	932	0	922	923	346M4D42M2I88M7I27M3I414M1I2M
50	6045	0.883	0.000E+00	0	925	932	0	902	906	344M2D46M2I44M18I7M2I49M3I411M
43	6037	0.886	0.000E+00	0	928	932	0	928	931	347M2D46M1I47M1D67M2I419M
71	6036	0.883	0.000E+00	4	931	932	16	933	934	342M3D42M2I88M7I27M3I414M1I2M
76	6034	0.878	0.000E+00	0	928	932	0	922	925	346M1D38M1I56M1D72M7I409M
56	5977	0.868	0.000E+00	0	921	932	0	921	931	323M2I18M2D100M1D56M1I422M
45	5946	0.877	0.000E+00	0	931	932	0	926	927	346M3D42M2I81M2I39M3I414M1I2M
35	5931	0.866	0.000E+00	0	928	932	0	926	929	332M1D12M2D49M1I47M2I36M3I306M1D141M
69	5907	0.860	0.000E+00	0	925	932	0	918	924	340M8I41M2I49M1D15M1D25M1D446M
41	5849	0.825	0.000E+00	0	931	932	0	923	924	292M3I40M1I8M2D74M1I94M1I267M3I141M1I6M
109	5789	0.852	0.000E+00	0	925	932	0	914	915	346M2D98M1D37M1D31M7I28M3I251M1I35M4I85M
52	5775	0.831	0.000E+00	0	925	932	0	902	913	327M2I6M2I9M2D90M3I37M4I6M1I12M1I6M6I5M6I403M
13	5768	0.830	0.000E+00	0	924	932	0	887	894	338M1D2M4I70M3I30M9I22M7I14M1I13M6I21M8I377M
3	5767	0.814	0.000E+00	0	923	932	0	878	882	327M2I6M2I5M11I123M4I6M1I12M1I10M13I20M11I370M
57	5733	0.834	0.000E+00	0	928	932	0	927	931	303M1I41M3D82M1D13M1D73M3I38M2I373M
113	5726	0.823	0.000E+00	0	931	932	0	914	915	350M4I86M1D35M4I34M3I270M3I45M4I94M
44	5709	0.807	0.000E+00	0	931	932	0	883	886	327M2I6M2I5M11I123M4I6M1I12M1I10M13I20M11I371M3I4M
70	5688	0.816	0.000E+00	0	931	932	0	857	858	311M10D2M32I43M2I49M46I27M3I414M1I2M
58	5663	0.841	0.000E+00	0	931	932	0	888	889	346M3D42M2I34M26I28M7I27M3I261M7I146M1I2M
77	5654	0.795	0.000E+00	0	931	932	0	922	925	346M6D16M3I19M1I80M1D43M10I267M2I145M
49	5651	0.796	0.000E+00	0	931	932	0	859	862	327M2I6M2I5M11I82M24I17M4I6M1I12M1I10M13I17M11I374M3I4M
116	5524	0.795	0.000E+00	0	927	932	0	892	893	352M6I31M4I50M1D32M4I7M2I13M15I268M3I32M1D15M4I20M1D70M
83	5441	0.786	0.000E+00	7	925	932	32	945	947	295M2I6M1D41M3I32M1D31M4D23M1D69M2D9M2I10M5I10M1I245M3I39M2D93M
48	5390	0.758	0.000E+00	0	924	932	0	896	899	302M2I42M2I41M4I24M4D18M2D10M5I32M4I20M9I15M6I256M3I37M1D93M
82	5355	0.758	0.000E+00	3	925	932	28	945	947	4M1D299M1D40M2I39M1D30M4D23M1D73M3I14M2I18M5I237M3I38M2D93M
47	5199	0.744	0.000E+00	0	928	932	0	816	820	347M1I45M1I21M21I13M17I13M49I27M1I258M22I93M
42	5056	0.701	0.000E+00	0	925	932	0	931	933	294M2I50M5I36M1I21M3D49M1I73M1D9M4D18M3I234M4D6M4D31M2D93M
78	5030	0.705	0.000E+00	0	924	932	0	937	940	294M1I50M1D36M1I28M1I7M4D43M1I91M2D232M3D17M5D31M2D92M
55	4993	0.748	0.000E+00	0	928	932	0	890	893	112M1I231M3D25M2I96M3I20M4I23M3I7M1D13M6D112M1I49M1I44M32I112M1I37M
23	4972	0.692	0.000E+00	0	925	932	0	933	935	294M1I53M5I34M1I22M1I7M4D38M1I76M1D7M2D253M1D9M7D31M2D93M
130	4874	0.641	0.000E+00	0	924	932	0	980	983	278M1I18M3D45M2D10M2D42M1D13M7D8M4D10M6D17M1D39M2D15M5D20M5D17M1D17M2D246M14D37M2D92M
66	4815	0.663	0.000E+00	0	924	932	0	920	923	82M1D212M1I54M13I25M1I22M1I6M4D41M1I49M3I23M1D252M4D16M4D31M2D92M
79	4535	0.683	4.209E-102	53	924	932	1	886	889	241M1I50M1D46M1I25M3D41M1I94M3D228M3D21M5D31M2D92M
115	4475	0.562	9.685E-101	0	925	932	0	980	982	281M1I12M3D37M1D15M3D36M1D29M10D15M3D22M1D11M1D24M1D12M5D28M6D30M2D235M11D13M5D31M3D94M
30	4472	0.521	1.133E-100	0	923	932	0	967	972	281M1I59M4D23M1I85M1D19M18D25M1D25M8D26M2I5M1D216M1I24M15D29M1D102M
33	4465	0.532	1.633E-100	0	921	932	0	963	970	281M1I62M2D20M1I45M8D12M8D41M3D22M2D52M6D228M1I15M12D13M3D25M1D103M
39	4437	0.520	7.058E-100	0	923	932	0	960	965	281M1I46M2I12M6D22M1I45M2I59M21D23M1D42M2D232M1I29M14D126M
112	4435	0.524	7.836E-100	0	923	932	0	966	971	281M1I59M4D23M1I40M5D15M5D41M10D76M6D231M1I11M11D7M1D6M2D13M1D18M1D100M
111	4420	0.536	1.716E-99	0	923	932	0	933	938	281M1I60M4D22M1I40M9I34M2I12M1I58M8D9M2I236M1I14M11D2M3D38M1D101M
61	4403	0.523	4.173E-99	0	925	932	0	930	933	281M1I60M4D22M1I41M9I13M2I45M1D55M2I236M1I14M15D50M1D93M
28	4396	0.531	6.017E-99	0	924	932	0	967	971	281M1I62M2D66M11D37M1I15M9D26M2D29M8D13M2I232M1I27M15D29M1D103M
6	4395	0.536	6.340E-99	0	922	932	0	964	970	281M1I62M2D20M1I41M5D12M11D45M3D22M2D33M8D13M2I232M1I27M15D28M1D102M
38	4388	0.527	9.140E-99	0	922	932	0	963	969	281M1I60M4D22M1I45M6D13M2D38M6D2M3D30M1D21M5D24M1D230M1I12M9D7M6D35M1D100M
31	4387	0.530	9.631E-99	0	924	932	0	966	970	281M1I46M1I11M3D24M1I45M11D34M5D51M5D23M8D13M2I232M1I20M8D10M7D26M1D103M
118	4387	0.538	9.631E-99	0	924	932	0	975	978	281M1I52M3D30M1I61M18D26M1D14M1D5M8D4M3D251M1I20M2D21M1I12M15D33M3D9M1D102M
67	4384	0.536	1.127E-98	5	923	932	6	959	964	276M1I64M3D18M1I49M5D53M6D26M7D19M5D24M1D232M1I14M1I19M11D22M1D99M
86	4379	0.531	1.463E-98	0	923	932	0	965	970	281M1I62M2D20M1I45M11D34M5D19M3D22M2D48M6D232M1I14M12D14M3D28M1D102M
64	4376	0.513	1.711E-98	0	923	932	0	963	968	281M1I59M4D23M1I107M8D23M10D3M1I38M6D231M1I17M15D49M1D89M
119	4375	0.523	1.803E-98	0	923	932	0	963	968	281M1I59M1D16M2D24M2I22M5D58M14D31M1D20M3D21M3D233M1I29M14D24M1D102M
27	4375	0.529	1.803E-98	0	924	932	0	966	970	281M1I62M2D20M1I45M11D37M1I14M11D56M8D13M2I232M1I15M8D19M7D22M1D103M
85	4373	0.529	2.002E-98	0	923	932	0	965	970	281M1I60M1D9M1D13M1I40M5D15M5D42M11D56M8D13M2I232M1I14M12D14M3D28M1D102M
105	4370	0.539	2.342E-98	0	923	932	0	958	963	281M1I60M4D22M1I45M8D12M7D68M2D2M2D8M4D10M1D39M1D219M1I24M8D26M1D105M
127	4370	0.526	2.342E-98	0	924	932	43	1010	1013	281M1I59M3D23M1I62M18D25M1D34M12D244M1I37M1I12M10D19M3D12M1I27M1D85M
25	4363	0.528	3.376E-98	0	924	932	0	966	970	281M1I62M2D20M1I45M11D37M1I14M11D56M8D13M2I232M1I27M15D29M1D103M
72	4360	0.534	3.949E-98	0	924	932	0	955	958	281M1I57M3D25M1I41M3D30M1I25M9D60M1D16M8D15M1I176M1I37M1I14M10D27M2D12M1D103M
29	4360	0.529	3.949E-98	0	924	932	0	966	970	281M1I46M1I11M3D24M1I45M11D37M1I14M8D35M3D17M6D251M1I27M15D29M1D103M
59	4355	0.540	5.129E-98	0	927	932	0	979	982	6M1D275M1I12M3D40M1D14M3D36M1D33M17D35M1D23M5D14M5D30M11D26M4D185M1I98M1D11M1D88M
106	4354	0.533	5.404E-98	0	923	932	0	965	970	281M1I62M2D20M1I40M5D16M6D26M1I12M11D59M8D12M2I230M1I16M12D14M3D28M1D102M
15	4354	0.527	5.404E-98	0	925	932	36	982	983	281M1I28M1I13M1I35M1I36M1D13M1D14M10D37M6D10M1I81M6I169M1I39M1I12M11D5M4D42M1D98M
53	4351	0.521	6.322E-98	0	923	932	0	959	964	282M1I59M4D22M1I45M8D22M2D30M7D78M2D228M1I11M13D14M2D26M1D104M
5	4351	0.530	6.322E-98	0	924	932	0	966	970	281M1I62M2D20M1I45M11D37M1D13M9D58M8D13M2I232M1I27M15D29M1D103M
131	4349	0.520	7.018E-98	0	925	932	0	893	896	281M1I60M4D22M1I41M9I13M1I18M17I11M24I10M11I12M10D236M1I14M1I15M2D14M17D22M1D91M
94	4345	0.511	8.650E-98	0	925	932	0	921	924	281M1I42M3I15M6D22M1I29M1I42M13D41M19I54M7I210M1I16M14D47M4I90M
108	4341	0.521	1.066E-97	0	923	932	0	923	928	281M1I46M2I11M5D23M1I29M1I25M1I18M7D6M1I29M7I23M1I46M7I209M1I14M11D2M3D41M3I95M
24	4339	0.532	1.184E-97	0	921	932	0	963	970	281M1I62M2D20M1I40M5D16M6D26M1D12M9D78M6D228M1I14M12D14M3D28M1D100M
62	4338	0.523	1.247E-97	0	923	932	0	926	931	281M1I60M4D22M1I70M20D10M4I38M11I15M14I8M3I230M1I29M14D126M
26	4337	0.527	1.314E-97	0	925	932	0	967	970	281M1I62M2D20M1I41M5D15M5D39M11D58M8D13M2I232M1I27M15D29M1D104M
34	4337	0.533	1.314E-97	0	923	932	0	965	970	281M1I62M2D20M1I40M5D16M6D23M5D19M3D22M2D48M6D232M1I16M12D12M3D28M1D102M
75	4324	0.529	2.592E-97	0	925	932	0	967	970	281M1I59M1D27M2D42M8D11M3D23M5D50M4D17M7D14M1D10M3I230M1I16M5D12M3D2M7D34M1D93M
16	4319	0.537	3.367E-97	0	924	932	34	976	978	281M1I28M1I49M1I36M1D9M1D18M10D18M2D39M1D57M6I184M1I39M1I13M11D4M4D41M1I97M
107	4316	0.511	3.938E-97	0	921	932	0	962	969	281M1I59M1D109M1D17M18D18M2D52M6D231M1I13M5D16M10D124M
22	4281	0.514	2.453E-96	0	923	932	0	953	958	277M1I49M3I12M3D86M5I10M1I23M16D27M1D24M8D7M1D26M3I214M1I12M6D5M8D33M1D105M
73	4184	0.527	3.905E-94	23	924	932	2	930	933	258M1I55M3D27M1I72M4D27M7D94M1D168M1I40M2I11M16D55M1D90M
65	4140	0.529	3.894E-93	7	929	932	2	875	879	274M1I19M2D40M2D9M2D63M3I9M7I13M10D26M1I24M1I44M2D187M1I39M41I4M9I98M3I7M
102	4135	0.490	5.057E-93	0	923	932	0	959	964	281M1I86M2D49M3D66M2D10M8D8M6D267M1I29M4D5M12D22M1D99M
68	4129	0.520	6.919E-93	2	924	932	7	898	901	9M10I7M2I251M1I60M4D22M1I41M3I39M3I14M7I16M3I5M3I17M6I21M3I4M5I173M1I39M1I14M11D2M2D51M1D89M
60	4084	0.500	7.270E-92	5	924	932	1	988	994	10M2D16M8D6M5D244M1I23M3D42M2D41M1D25M2D9M15D30M1D85M3D4M5D6M5D12M9D169M1I56M1I19M8D24M1D13M1D83M
74	4025	0.529	1.588E-90	7	895	932	1	902	926	274M1I52M2D30M1I40M14D10M3D40M13D11M10I26M11I218M2I31M2I20M1D7M4D23M2D11M1D69M
104	3930	0.499	2.276E-88	0	925	932	0	935	938	44M32I205M1I62M2D20M1I45M11D37M1D10M4D6M3D22M2D52M6D232M1I10M12D14M3D29M1D103M
80	3928	0.512	2.527E-88	42	924	932	1	928	931	239M1I50M1D11M2D21M18D64M1I23M1D17M3D6M3D30M5D6M1D25M1D192M1I39M1I14M11D19M2D34M1D89M
32	3909	0.517	6.822E-88	42	924	932	1	925	929	239M1I62M2D20M1I45M11D37M1D16M9D55M8D13M2I236M1I12M1I17M16D21M1D104M
84	3897	0.517	1.277E-87	47	924	932	0	926	929	234M1I64M3D18M1I41M10D18M8D28M1D15M6D32M5D12M1D27M7D16M1I175M1I37M1I14M11D20M2D122M
117	3826	0.400	5.223E-86	3	921	932	5	989	1003	263M3D11M3I19M5I24M5D18M3D29M5I18M2I40M1I56M7D31M12D26M1D89M1D126M1D12M5D43M7D17M37D81M
128	3742	0.409	4.214E-84	5	925	932	6	872	876	262M6D7M2D2M6I18M10I10M2I7M1I26M1D37M39I22M1I12M10I32M10I15M10D15M7I78M1I8M2D153M5D21M6D10M1D99M
92	3697	0.385	4.427E-83	5	923	932	1	1080	1084	275M3D19M23D15M3D6M2D14M11D35M4D26M8D26M8D41M3D13M1I54M7D16M6D96M2D126M1I10M53D15M3D11M3D5M4D15M17D14M3D85M
122	3582	0.367	1.805E-80	0	902	932	0	949	1001	4M1I265M3I38M7I34M22D18M5I14M5I30M5I25M1I37M6I44M5I12M4I79M1D117M1D25M1D12M14D17M6D6M3D16M41D68M
110	3522	0.492	4.154E-79	90	923	932	0	875	880	191M1I62M2D20M1I40M5D15M5D42M6D33M5D24M8D12M2I236M1I23M15D29M1D102M
18	3416	0.328	1.058E-76	5	920	932	1	1242	1248	272M4D22M10I10M1D29M2I46M3D38M6D17M10D41M10D11M2D19M24D37M41D67M1I15M1D126M1I13M103D5M39D8M89D9M1D37M6D80M
101	3409	0.372	1.526E-76	5	923	932	20	932	936	263M8I3M1D20M4I105M6I33M3D44M2I12M1I34M7I7M5D5M5I64M2D99M11D59M5D22M1D35M1I80M
8	3409	0.370	1.526E-76	5	921	932	7	1008	1016	262M4D13M5D39M11D35M4D9M9D4M4D34M1D44M2D6M9D19M3I30M4D56M6I79M2D137M16D14M1I5M5D32M1D9M17D75M1D5M
103	3399	0.441	2.573E-76	26	924	932	0	883	886	49M4I8M5I7M2I164M5I11M1I11M2D43M11I41M2I40M2I15M2D27M26D20M8I7M10I26M3I6M2I83M2D141M1D34M7D111M
81	3390	0.493	4.119E-76	39	840	932	7	820	885	242M1I60M4D22M1I45M1D11M7D37M5D36M4D20M5D24M1D231M1I16M12I43M
126	3351	0.355	3.163E-75	0	921	932	4	806	808	102M2I162M2D12M4I28M13I6M1I13M28I19M8I19M2I14M4I9M4I14M59I9M1D9M6I145M1I37M2I27M4I19M1D38M7D6M4D16M6D37M2I41M
100	3298	0.360	5.048E-74	2	920	932	1	790	806	265M11I61M2I22M2I3M1D27M18I18M7I5M34I12M11I17M43I1M1I79M1D2M1D85M3I4M5D31M2D25M8I88M1D34M
91	3287	0.360	8.970E-74	0	925	932	3	784	788	4M1D101M1D162M1D11M4D3M2I12M12I6M4I40M1I11M28I11M20I4M16I8M4I12M49I34M3I2M2I63M2I8M1D8M1D82M6I38M2I10M1D24M4I26M2I6M3I34M2D17M4D29M
114	3263	0.373	3.145E-73	5	923	932	5	926	929	215M1D45M10I8M4D27M1D36M1I31M2D15M1D68M1D70M3I88M2D87M5I16M3D67M1I13M5D33M3D80M
98	3238	0.341	1.162E-72	1	925	932	9	772	776	105M1D170M6D12M15I26M75I32M3I13M49I6M12I36M1D5M2I63M2I14M1D2M1D74M1I6M1I3M5I35M2I37M8I16M2I45M2D22M4D26M
124	3149	0.356	1.217E-70	5	917	932	1	708	713	259M16D17M37I9M95I27M8D15M55I7M6I8M4I9M5I2M2I40M1D24M1I16M2D82M1I32M2I23M1D8M16I5M1I18M8I43M1D6M1I29M
97	3131	0.349	3.118E-70	1	917	932	22	774	786	105M1D160M4D10M3D12M15I30M21I6M21I24M6I17M10I7M5I21M56I8M20I5M2I62M3I14M1D2M1D84M6I35M2I13M2D9M7I7M2I23M3I47M1D16M2D21M
120	3125	0.354	4.267E-70	2	931	932	4	762	764	102M2I171M7I9M15I31M1I10M5I14M2I8M35I49M9D11M10I9M12I2M46I4M5I35M2D39M1D7M1D47M2I18M1D49M4I6M2I32M35I7M1I32M1I53M
10	3098	0.344	1.750E-69	5	923	932	26	778	784	101M1D160M3D4M2D18M15I27M30I8M39I21M43I42M8I17M20I2M2I63M2I14M3D1M1I84M6I37M2I32M5I5M6I58M2D21M2D25M
95	3094	0.347	2.157E-69	5	919	932	1	708	720	97M2I173M7I9M14I11M22I24M8I5M39I11M5I7M1I9M7I27M68I6M2I5M1I32M2D44M2D51M2I16M1D51M6I25M26I27M1I32M1I41M
0	3063	0.345	1.090E-68	0	925	932	8	750	754	106M1D160M2D11M4D11M15I30M21I6M51I15M30I12M30I5M22I21M7I7M2I63M3I13M1D2M1D77M1D4M1I3M5I35M2I11M7D13M14I37M1I30M2D21M2D29M
96	3061	0.329	1.210E-68	5	924	932	38	938	948	30M5I227M4D9M7I10M1D28M9I13M5I65M4I30M6I8M36D35M6I39M6I16M1D60M4I17M2D49M1I32M1I57M1D47M9I5M1I79M
7	3043	0.349	3.100E-68	5	925	932	8	817	857	98M1D178M1I16M2D30M9I3M3I43M24I12M5I20M3I11M58I16M9I16M2I39M2D43M3D46M2I17M1D24M6I30M2I11M1I26M1I30M4D38M2D48M
1	3036	0.331	4.470E-68	0	920	932	0	763	787	267M6I8M3I5M66I11M35I17M20I10M1I26M23I12M12I9M2I11M3I11M2I27M1D13M2D40M1D3M1D45M1I4M1I16M2D14M1I22M4I17M4I73M1I32M1D4M2D5M7D10M8D2M3D22M
14	3010	0.353	1.740E-67	5	921	932	85	883	886	104M25I4M4I2M1D70M1D61M2I13M1I24M3I51M1D30M7I41M3I42M39I20M4I5M2I76M1D5M1D83M1D4M1I39M2I20M28I15M3I84M
87	3009	0.339	1.833E-67	5	920	932	7	738	770	96M1D168M8D22M9I26M19I13M3I3M47I15M7I13M3I3M48I10M46I4M2I39M2D42M2D47M2I17M1D16M7I27M3I44M5I31M1D36M2D43M
89	3008	0.340	1.932E-67	5	920	932	7	746	777	99M1D162M42I43M29I9M27I8M16I5M5I13M8I1M40I17M1D23M4I4M2I39M2D37M3D4M1I45M1I4M1I16M1D14M7I28M3I120M2D39M
37	3004	0.321	2.381E-67	2	916	932	0	799	829	13M2D144M1I107M6D10M7I7M5I33M9I14M6I9M23D2M27I12M23I13M13I16M28I7M11I39M3I40M2D40M1D2M1D49M2I16M1D22M3I24M4I20M2D9M12I8M1I67M2D37M
40	2998	0.341	3.258E-67	0	920	932	0	745	776	5M1D99M1D162M11I12M6D9M3D20M21I13M6I11M43I3M6I11M64I2M24I21M4I13M2I39M2D37M3D4M1I47M2I18M1D14M7I25M3I123M2D39M
63	2991	0.333	4.697E-67	5	920	932	7	746	778	96M1D167M6I27M5D19M1I4M14I1M1I22M79I15M65I8M5I25M2I39M2D43M2D46M2I17M1D16M7I24M3I51M5I19M1D44M2D43M
2	2978	0.327	9.266E-67	3	924	932	8	777	781	103M1I54M1I104M36I17M1I15M5I42M18I17M28I16M54I6M2I33M6I38M1D41M3D49M1D11M1D6M4D58M5D6M1I19M29I10M4D48M3D11M5D12M3D24M
88	2975	0.341	1.084E-66	5	916	932	7	734	770	260M10I6M1I8M62I14M3D1M15I32M11I3M12I6M3I11M66I19M1D14M3I39M2D37M3D4M1I45M1I4M1I12M1D19M7I24M3I55M1D22M1I45M2D35M
20	2959	0.343	2.501E-66	0	916	932	0	736	772	5M2D260M10I8M1I6M6D10M5D12M1I12M20I9M17I6M24I4M6I7M32I14M26I4M5I10M40I5M4I2M2I39M2D36M3D5M1I47M2I17M1D11M2I6M5I23M3I55M1D22M1I42M2D38M
125	2959	0.321	2.501E-66	2	916	932	24	805	813	265M2D29M13I11M23I30M16D8M19I18M6I29M7I3M36I32M8I14M2I4M6I61M13I130M2I22M2D17M11I9M3I10M4I70M
36	2925	0.313	1.479E-65	2	923	932	0	804	829	12M2D145M1I107M6D10M7I7M5I33M9I14M6I9M23D36M16I4M5I7M7I22M55I8M20I13M2I39M2D40M1D2M1D49M2I16M1D22M3I24M4I19M5D3M15I12M1I64M4D4M2I33M2I6M
123	2733	0.434	3.374E-61	44	745	932	0	713	715	221M9I7M6D19M1I88M2I75M16D8M2D18M6I14M3D199M1D21M2D14M
21	2726	0.365	4.865E-61	5	788	932	4	702	745	209M1D78M29I13M2I7M4I22M4I23M8I23M2I10M13I3M1I31M11I15M4I43M2I81M2D72M1I10M3D2M5I9M1D18M4I17M2I6M
121	2532	0.317	1.232E-56	11	805	932	1	618	619	255M6D34M37I12M30I4M67I14M29I2M25I1M10D9M1I4M6D20M4I5M2I21M1D11M2D44M2D46M1I4M1I16M2D14M2I9M3I21M4I43M
12	2515	0.343	2.997E-56	5	833	932	2	674	675	262M3I35M3I14M4I7M4I20M19I20M55I16M5I13M15I9M12I6M12I17M1I3M2I28M1I6M2D35M1D7M1I4M2I45M2I17M1D13M5I5M1I31M6I13M7I43M
9	2284	0.291	5.250E-51	5	921	932	7	609	639	96M1D168M17I4M59I13M23I3M46I30M86I2M16D3M42I3M45I45M2I17M1D14M3I4M4I25M3I48M5I24M1D39M2D44M
11	2186	0.323	8.804E-49	0	791	932	0	580	596	40M27I2M5I201M5D18M8I18M13I6M6I10M57I15M12I24M36I5M44I11M4I25M1D10M2D41M1D5M1D49M2I16M2D14M2I8M3I22M4I29M
19	1867	0.219	1.534E-41	5	927	932	12	734	735	26M1D18M2D44M1I9M1I44M1D12M5D5M8D18M1I3M3D27M2D51M5D14M1D14M17I25M74I9M32I11M40I5M26I21M10I13M2D6M2D47M1I13M1D5M2D82M4D38M9I13M5I17M8I23M1D9M14I23M1D8M1I17M1I12M
90	1351	0.167	7.916E-30	0	917	932	0	690	697	4M1I2M1D26M1I14M5I52M1I39M5D18M1I21M1I21M1D6M13I4M1I35M18D6M4D13M22I35M5I14M15I19M13I7M143I4M4I3M5I22M2I5M1I3M2D10M1D22M5D38M1I3M5D7M3I18M2D16M8I8M3I14M4I9M21I42M3I9M1D3M2D5M1I10M1D12M1D10M1D15M1D16M
4	1262	0.176	8.294E-28	0	921	932	0	687	688	4M1I44M4I52M1I37M3D4M2D16M1I22M1I20M1D3M3D9M12I39M18I25M13I9M12I10M31I14M3D1M12I9M11I8M9I21M24I15M9I13M11I15M2I6M5I25M3I14M3D2M1D8M2I7M2D1M6D4M3I5M5D7M2I26M4D8M3I16M2D14M9I4M1D10M4I7M2I13M37I4M30I12M3I2M2I14M3D25M3D11M1D10M
129	1186	0.168	4.405E-26	10	914	932	0	646	656	23M1I9M35I3M2D4M1D20M1I37M3D7M2D13M1I18M1I24M1D6M13I4M1I36M2I10M64I11M19D23M52I6M4I25M83I12M4D4M7I26M1I8M2I4M2D6M1D8M1D7M3D14M1D35M4D9M3I16M2D16M8I7M3I16M4I8M3I27M7I24M5I12M7I9M1D16M1D6M1D13M1D15M
99	946	0.260	1.235E-20	1	372	932	14	361	450	3M1I28M1I11M5I55M1I37M3D4M1D14M1I23M1I36M10I35M9D19M11I21M3I4M5I18M2D25M
17	858	0.174	1.228E-18	9	854	932	3	892	985	22M2I25M3I14M1I4M1D25M1I39M2D3M1D14M2I7M11D17M1I18M12D7M1D16M10D31M2I13M14D46M7D3M7D11M13D63M2D25M2D54M8D21M7D9M25D21M1I11M7D8M6D10M3I26M6I12M15I3M3I12M1D11M3D3M8D18M57I5M1I37M6I78M
93	649	0.139	6.814E-14	11	578	932	13	749	803	34M7I41M1I12M1I38M3D3M4D15M2I4M1I13M2D29M4I6M2I6M20D31M2I9M4D6M2D34M9D51M116D42M1D45M7D31M17D10M3D14M4D54M3I17M
 