9	5113	1.00	0.000E+00	0	638	639	0	638	639	639M
87	4115	0.679	1.137E-97	0	638	639	0	769	770	280M7D2M4I46M24D1M7I8M110D279M1D12M
63	4102	0.678	2.328E-97	0	638	639	0	777	778	284M3D49M7I8M142D276M1D15M
89	3643	0.572	2.265E-86	0	638	639	0	776	777	287M2D27M1I14M10I8M137D4M6D166M4D99M1D14M1I8M
40	3638	0.570	2.983E-86	1	638	639	0	775	776	268M4I12M6D29M1I14M10I8M137D4M6D166M4D99M1D14M1I8M
88	3621	0.589	7.615E-86	0	638	639	0	769	770	104M1I163M3I15M4D43M49D5M9D2M28D4M40D175M4D98M2D17M1I8M
20	3586	0.567	5.243E-85	0	638	639	0	771	772	104M1I170M3I7M7D42M130D2M11I10M6D167M4D98M1D24M
7	3300	0.463	3.682E-78	0	636	639	1	849	857	272M2D2M3D40M95D11M65D4M39D2M9I83M1I5M2D26M1D34M2D12M1D18M3D90M3D13M6D15M
95	2706	0.368	6.107E-64	7	618	639	1	719	720	96M3I166M8D21M1I9M3D17M17D4M31D13M3D3M63D6M8D84M7D24M3I14M1I28M10I7M12I36M3I51M
1	2703	0.351	7.205E-64	0	627	639	0	786	787	4M2I97M1I168M1I28M29D16M9D6M22D2M13I6M88D66M1D13M4D9M2I24M1I38M3D70M1D12M7D5M11D25M5D3M1I15M
91	2694	0.346	1.183E-63	1	621	639	3	787	788	271M20D19M40D13M11D10M14D9M17I8M98D43M2D19M1I15M1D30M2D2M1I12M1D34M1D15M6I58M4D24M5I9M
120	2659	0.348	8.146E-63	0	622	639	0	763	764	103M3I166M10D4M2D29M10D9M40D6M11D16M3I7M107D79M7D31M3I22M21I15M8I4M3I33M3I40M1I3M1I10M
0	2638	0.359	2.592E-62	0	617	639	5	753	754	4M1D268M23D38M23D9M3D4M17I6M97D45M2D17M2I2M1D8M3D6M1I27M2D4M1I13M3D29M2I16M5I60M2D20M1I13M
124	2616	0.393	8.716E-62	6	607	639	0	710	713	97M1I167M1D11M10D20M2D24M1I5M7I9M119D45M2D15M1I18M6D27M1D17M4D23M16I8M8I41M1I8M1I31M
98	2601	0.342	1.993E-61	0	621	639	4	775	776	3M2D269M23D10M46D14M7D18M7D14M12I3M82D48M2D17M2I2M1D5M1D9M1I27M2D4M1I11M3D22M2I7M1I17M6I59M4D20M1I4M4I9M
97	2585	0.358	4.813E-61	0	622	639	17	785	786	3M2D269M24D16M39D9M7D11M14D16M16I6M84D45M2D17M2I2M1D11M1D31M2D4M1I13M3D23M5I19M2I9M2I37M1I17M2D21M6I9M
37	2585	0.338	4.813E-61	7	631	639	3	822	829	10M2D86M1I58M1I109M15D31M8D28M9D13M19D4M152D76M4D29M1I18M7D25M7I14M7I84M4I19M
36	2539	0.338	6.076E-60	5	629	639	1	821	829	11M2D92M1I53M1I109M15D31M8D20M9D21M19D4M152D76M4D29M1I18M6D18M1D7M7I14M7I84M4I9M1D8M
10	2528	0.339	1.114E-59	0	617	639	18	783	784	4M1D268M22D19M41D8M15D24M17I6M89D45M2D17M2I2M1D17M1D24M1D18M3D30M3I16M4I6M3I54M2D17M1I13M
128	2510	0.307	3.005E-59	4	609	639	3	868	876	104M1I161M14D25M106D16M9D12M13D13M17D5M63D5M14D46M1D1M1D16M1I13M3D4M4D29M3D15M10D33M1I21M7D38M2I44M
131	2446	0.296	1.023E-57	7	609	639	5	889	896	96M1I169M23D8M46D19M14D8M5D14M64D24M100D45M2D18M1I13M3D4M4D25M2D19M19D25M3D31M1D38M2I43M
100	2435	0.313	1.876E-57	6	633	639	3	805	806	97M1I169M45D29M43D6M17D16M16I6M87D45M2D18M1I12M6D4M3D29M5D22M3I27M2I23M1D36M2I11M1D29M10I14M
16	2431	0.283	2.339E-57	0	609	639	32	973	978	103M1I168M29D4M72D10M113D26M24D12M16I6M86D45M2D17M1I14M4D5M2D28M2D15M13D60M5D34M2I43M
27	2429	0.275	2.612E-57	7	619	639	5	969	970	100M1I165M23D8M28D30M35D11M68D8M10I74D6M111D45M2D18M1I13M2D4M5D25M2D19M15D22M3D34M2D37M2I44M4I6M
47	2419	0.312	4.532E-57	6	609	639	4	809	820	97M1I168M22D11M32D27M30D13M17I8M57D2M88D41M2D18M1I15M7D27M3D21M1D3M2D20M15I9M6I38M2I44M
67	2419	0.281	4.532E-57	1	616	639	0	963	964	106M1I165M17D13M21D18M76D18M39D11M7I4M46D2M135D45M2D18M1I13M5D5M2D26M2D17M13D16M1D12M1D65M2I44M1I6M
50	2418	0.304	4.789E-57	7	609	639	5	898	906	96M1I168M17D3M1D13M24D15M29D16M15D4M17I8M210D43M2D17M1I14M2D4M5D25M3D47M5D25M1I39M2I44M
52	2417	0.309	5.060E-57	5	624	639	3	912	913	98M1I168M17D3M1D13M54D7M15D13M3D11M33D3M85D2M5I5M2D4M22D5M43D5M9D43M2D17M1I14M3D4M4D25M3D48M5D24M1I39M2I38M1I20M
126	2413	0.310	6.308E-57	0	609	639	2	806	808	103M3I162M8D6M12D29M54D20M14D6M9D13M71D4M8D46M1D17M1I10M4D7M1D26M1I18M1D29M3D31M18D32M4I42M
3	2411	0.303	7.044E-57	7	617	639	5	881	882	96M1I168M17D3M1D13M63D10M21D6M4D8M2D11M19I6M168D43M2D17M1I14M3D4M4D25M3D47M5D21M1I44M2I43M3I5M
49	2409	0.309	7.865E-57	5	621	639	3	861	862	98M1I168M17D3M1D13M122D19M6D16M17I8M104D43M2D17M1I14M2D4M5D25M3D47M5D21M1I43M2I44M3I9M
70	2408	0.319	8.310E-57	7	609	639	5	848	858	96M1I168M17D3M1D13M50D31M61D3M29D1M17I9M88D42M2D17M1I14M2D4M5D25M3D47M5D25M1I39M2I44M
48	2408	0.297	8.310E-57	5	609	639	3	893	899	98M1I168M22D12M62D38M28D1M17I8M181D43M2D17M1I14M2D4M5D28M3D18M3D26M1I64M2I44M
22	2407	0.288	8.781E-57	4	618	639	2	956	958	103M1I165M23D14M25D6M71D11M7D18M15D18M89D10M88D41M2D18M1I13M2D4M5D25M2D19M12D45M7D48M2I38M1I7M3I4M
61	2404	0.283	1.036E-56	6	609	639	4	926	933	97M1I169M23D8M38D3M76D15M59D26M15I6M111D45M2D17M1I14M4D4M3D25M2D23M14D21M1I11M9D15M2I39M2I44M
33	2404	0.274	1.036E-56	7	619	639	5	969	970	100M1I165M21D10M115D16M94D11M3D15M15I8M111D43M2D18M1I13M2D4M5D25M2D19M8D19M5D18M5D20M2D36M2I44M4I6M
117	2402	0.271	1.157E-56	0	630	639	0	1002	1003	103M1I164M10D5M98D16M35D17M105D16M71D3M15I6M14D45M2D17M1I11M2D7M5D29M4D15M12D30M1I8M11D17M31D39M2I40M8I15M
41	2395	0.299	1.701E-56	3	609	639	1	914	924	100M1I168M17D3M1D9M54D11M6D24M57D7M12I10M175D43M2D17M1I14M3D4M4D25M3D28M1D15M1D29M1I39M2I44M
54	2394	0.293	1.798E-56	7	619	639	5	922	923	96M1I169M20D28M40D16M28D6M17I8M223D43M2D17M1I14M2D4M5D25M3D47M5D25M1I39M2I38M1I15M
112	2394	0.279	1.798E-56	6	619	639	4	970	971	101M1I165M23D8M28D31M37D10M68D9M98D10M68D5M8D45M2D18M1I13M2D4M5D25M2D19M19D32M2D8M1D12M2I37M1I6M1I40M4I6M
6	2393	0.276	1.900E-56	7	611	639	5	965	970	100M1I165M23D8M28D30M35D11M147D3M15I6M111D45M2D18M1I13M2D4M5D25M2D19M15D29M2I6M5D19M2D37M2I46M
45	2387	0.295	2.644E-56	4	609	639	2	917	927	99M1I168M20D13M60D7M13D27M46D4M17I8M176D43M2D17M1I14M2D4M5D25M3D47M5D25M1I39M2I44M
94	2384	0.288	3.120E-56	5	609	639	3	917	924	102M1I164M16D20M22D14M29D5M19D11M31D14M96D6M32D4M44D45M2D17M1I14M4D4M3D25M2D19M17D34M2D18M5I36M2I44M
106	2384	0.284	3.120E-56	7	617	639	5	969	970	100M1I165M23D8M28D30M35D11M68D9M99D9M69D6M7D45M2D18M1I13M4D4M3D25M2D19M8D19M5D16M9D24M2I32M2I41M1I4M1I5M
62	2383	0.279	3.297E-56	7	616	639	5	930	931	100M1I165M8D27M80D22M30D24M174D45M2D18M1I13M4D4M3D25M2D19M7D9M17D42M6I36M2I41M1I9M
42	2382	0.289	3.484E-56	6	609	639	4	927	933	97M1I167M17D13M93D24M30D8M27D7M17I5M17D3M131D43M2D17M1I14M7D29M3D18M18D34M1D15M5I40M2I44M
39	2381	0.276	3.681E-56	7	616	639	5	964	965	100M1I165M23D8M46D17M19D24M64D24M174D45M2D18M1I13M4D4M3D25M2D19M7D8M17D43M6I36M2I41M1I9M
30	2379	0.274	4.110E-56	7	616	639	5	971	972	100M1I165M23D8M46D19M19D22M65D14M3I2M5D5M176D45M2D18M1I13M3D4M4D25M2D19M8D35M14D17M2I39M2I41M1I9M
38	2377	0.281	4.589E-56	7	619	639	5	968	969	100M1I165M23D8M46D21M19D21M66D8M98D11M68D4M8D45M2D18M1I13M3D4M4D25M2D19M8D8M5D49M7D36M2I41M1I4M3I5M
78	2376	0.283	4.849E-56	5	615	639	3	939	940	98M1I166M2I28M1D11M86D12M17I8M237D43M2D17M1I14M7D29M3D18M10D62M4D32M2I38M1I11M
15	2374	0.278	5.414E-56	0	609	639	35	978	983	8M1I94M1I165M100D25M29D3M2D25M16D11M86D7M6D6M70D45M2D18M1I13M6D33M2D15M11D59M9D35M2I43M
72	2372	0.286	6.045E-56	7	609	639	5	952	958	96M1I170M25D9M26D6M17D11M14D8M11D9M51D16M98D4M4D4M76D50M2D20M1I11M4D5M2D24M2D19M12D29M5D62M2I46M
25	2372	0.280	6.045E-56	7	619	639	5	969	970	100M1I165M23D8M28D30M35D11M65D2M3D6M8I5M72D3M111D45M2D18M1I13M2D4M5D25M2D19M15D27M7D25M2I39M2I41M1I4M3I5M
107	2370	0.274	6.750E-56	7	619	639	5	968	969	100M1I165M23D8M28D30M35D11M65D14M4I6M182D45M2D18M1I13M5D5M2D24M2D18M20D10M3D36M2D3M6I39M2I44M4I6M
44	2368	0.305	7.537E-56	5	621	639	3	885	886	98M1I168M17D4M42D19M6D12M12D12M31D4M19I6M168D43M2D17M1I14M5D4M2D25M3D47M5D21M1I43M2I44M3I9M
76	2368	0.292	7.537E-56	6	609	639	4	915	925	97M1I168M17D3M78D4M4D15M69D27M57D13M5I1M60D3M7D5M9D43M2D17M1I14M2D4M5D25M3D47M5D21M1I43M2I44M
111	2368	0.283	7.537E-56	7	619	639	5	937	938	100M1I165M23D8M46D19M14D8M5D16M16I6M226D45M2D18M1I13M3D4M4D25M2D18M19D7M5D45M5I38M2I43M4I6M
82	2368	0.290	7.537E-56	7	609	639	30	941	947	2M1D94M1I168M22D17M27D23M18D11M17I3M53D5M194D43M2D17M1I14M2D4M5D28M3D17M3D92M2I44M
66	2367	0.286	7.964E-56	7	616	639	5	922	923	77M1D19M1I166M2I26M1I12M21D7M196D5M17I8M90D43M2D17M1I14M7D29M3D18M18D34M1D15M5I40M2I38M1I7M1I4M
71	2367	0.295	7.964E-56	9	609	639	19	924	934	94M1I168M20D16M73D31M46D6M15I2M13D6M156D43M2D17M1I14M2D4M5D25M3D47M5D25M1I39M2I44M
105	2367	0.268	7.964E-56	7	609	639	5	956	963	96M1I165M106D21M45D13M79D20M17I6M116D45M2D20M1I13M4D2M3D25M2D19M6D57M7D36M2I44M
29	2367	0.280	7.964E-56	7	619	639	5	969	970	100M1I165M23D8M27D9M1D21M35D11M68D5M13I3M77D3M111D45M2D18M1I13M2D4M5D25M2D19M15D22M7D37M2I32M2I41M1I4M3I5M
13	2366	0.306	8.415E-56	5	616	639	3	893	894	98M1I168M22D12M49D11M10D13M8D13M14D2M15I10M177D43M2D17M1I14M3D4M4D25M3D47M4I14M2D11M6D36M2I39M2D12M
75	2366	0.278	8.415E-56	7	611	639	5	964	970	96M1I169M23D8M28D30M37D13M68D7M97D9M69D6M7D45M2D17M1I14M2D4M5D25M2D19M8D19M6D11M1I16M4D10M3D36M2I41M1I4M
46	2364	0.287	9.396E-56	5	609	639	3	915	926	98M1I168M22D12M77D10M18D34M12I8M183D43M2D17M1I16M7D27M3D19M1I32M2D20M1I39M2I21M12D23M
109	2363	0.287	9.928E-56	5	609	639	3	910	915	98M1I168M22D12M54D10M94D13M40D6M15D12M15I4M77D4M9D43M2D17M1I14M2D4M5D25M3D19M4D48M5I40M2I44M
56	2362	0.295	1.049E-55	5	628	639	3	930	931	98M1I168M17D4M59D10M23D8M18D7M18D31M8I8M175D43M2D17M1I14M3D4M4D25M3D47M5D20M1I44M2I42M10I11M
24	2362	0.277	1.049E-55	7	621	639	5	969	970	100M1I165M23D8M28D30M35D11M68D8M10I1M74D5M111D45M2D18M1I13M4D4M3D25M2D18M13D36M9D17M2I39M2I41M6I9M
69	2361	0.290	1.109E-55	3	609	639	1	914	924	100M1I168M22D12M69D8M47D8M36D12M20D12M37D3M12I1M6D4M61D4M9D43M2D17M1I14M2D4M5D25M3D19M10D28M5I22M1I37M2I44M
8	2359	0.263	1.238E-55	0	621	639	0	1015	1016	103M1I164M6D4M25D11M19D5M100D6M64D31M15I3M16D3M18D2M115D44M1D1M1D15M1I14M6D4M1D22M3D22M19D15M16D17M2D25M5D40M2I40M4I8M
119	2357	0.267	1.382E-55	6	619	639	4	967	968	101M1I165M8D27M78D22M65D11M5I2M28D8M154D43M2D18M1I13M2D4M5D25M2D19M7D7M19D21M5I26M2I32M2I44M4I6M
86	2356	0.274	1.460E-55	7	619	639	5	969	970	100M1I161M104D15M32D15M94D12M3D14M15I6M111D45M2D18M1I13M2D4M5D25M2D19M15D26M4D9M3D24M2I32M2I44M4I6M
28	2355	0.278	1.543E-55	7	619	639	5	970	971	100M1I165M23D8M28D30M36D11M68D8M8I5M72D3M111D45M2D18M1I13M4D4M3D25M2D19M8D19M5D16M9D17M2I39M2I44M4I6M
108	2354	0.277	1.630E-55	7	619	639	5	927	928	100M1I165M8D25M74D13M4D11M30D11M5I8M181D45M2D18M1I13M2D4M5D25M2D19M8D5M4D52M3D36M2I44M4I6M
85	2353	0.281	1.723E-55	7	619	639	5	969	970	100M1I165M23D8M28D30M35D11M65D2M3D6M8I5M72D3M111D45M2D18M1I13M4D4M3D25M2D19M8D19M5D16M9D24M2I32M2I44M4I6M
130	2351	0.278	1.924E-55	3	609	639	1	977	983	100M1I169M19D18M52D12M18D5M10D9M37D10M13I8M219D43M2D17M1I14M4D4M3D25M3D19M3D11M13D13M3D32M1D37M2I44M
31	2350	0.276	2.033E-55	7	619	639	5	969	970	100M1I165M23D7M81D10M32D9M94D12M3D14M15I6M111D45M2D18M1I13M2D4M5D25M2D19M15D22M7D30M2I39M2I41M1I4M3I5M
113	2347	0.292	2.398E-55	5	609	639	3	904	915	98M1I167M7D3M15D9M77D9M16D11M14D15M78D5M17I8M102D43M2D17M1I14M2D4M5D25M3D67M3I42M2I44M
53	2346	0.278	2.534E-55	7	616	639	5	963	964	100M1I165M59D16M10D11M19D22M68D9M91D11M68D4M8D45M2D17M1I14M4D4M3D25M2D19M15D22M7D30M2I39M2I41M1I9M
122	2345	0.275	2.678E-55	9	622	639	6	972	1001	94M1I169M22D62M3D8M26D3M233D45M2D17M1I11M2D7M5D28M4D19M16D7M36D25M11D20M6D38M2I25M3D5M1I4M11I11M
64	2344	0.278	2.829E-55	7	619	639	5	967	968	96M1I169M23D8M46D19M14D8M5D14M67D8M96D10M69D6M7D45M2D18M1I15M4D2M3D25M2D18M14D26M5D31M1D37M2I44M4I6M
35	2343	0.289	2.990E-55	6	609	639	4	919	929	97M1I168M17D3M1D13M35D32M35D3M17I8M228D43M2D17M1I14M3D4M4D25M3D21M1D26M5D25M2I3M1D35M2I44M
23	2342	0.298	3.159E-55	3	609	639	1	929	935	100M1I166M2D39M16D8M61D6M17I8M238D43M2D17M1I18M7D25M3D20M7D26M10D11M2D10M5I40M2I44M
51	2340	0.288	3.527E-55	7	609	639	5	921	932	96M1I168M22D12M77D11M46D27M86D1M15I6M77D4M9D43M2D17M1I14M3D4M4D25M3D20M3D28M2D24M1I39M2I44M
118	2337	0.267	4.162E-55	6	617	639	4	977	978	101M1I165M29D4M30D10M3D10M20D15M79D12M109D2M12I2M6D6M70D45M2D17M1I14M1D5M5D16M2D8M2D19M15D13M1I11M9D66M1I6M1I40M3I5M
26	2336	0.277	4.398E-55	7	619	639	5	969	970	100M1I165M23D8M28D30M35D11M68D5M13I3M77D3M111D45M2D18M1I13M2D4M5D25M2D19M15D22M7D30M2I39M2I41M1I4M3I5M
116	2333	0.296	5.188E-55	3	609	639	1	886	893	100M1I168M17D4M7D11M61D27M27D4M17D9M11I2M11D8M143D43M2D17M1I14M5D4M2D25M3D49M2I41M1D20M2I44M
125	2328	0.302	6.835E-55	7	607	639	27	808	813	96M1I169M9D4M1D18M6D29M2D22M169D45M2D18M1I17M7D25M1D19M4I11M2D12M5I16M5I44M2I14M1D2M1I21M
43	2327	0.284	7.222E-55	5	626	639	3	930	931	98M1I164M7D6M15D10M54D12M11D27M17I8M232D43M2D17M1I14M2D4M5D25M3D19M1D5M2D31M2D17M1I39M2I43M8I10M
5	2322	0.281	9.514E-55	7	619	639	5	969	970	100M1I165M23D8M28D30M35D11M65D3M8I8M75D5M111D45M2D18M1I13M2D4M5D25M2D19M15D22M7D30M2I39M2I41M1I4M3I5M
77	2319	0.294	1.122E-54	3	609	639	1	912	925	100M1I170M15D18M27D12M27D7M9D9M10D3M17I8M224D43M2D17M1I13M2D5M5D25M3D21M1D22M2D27M1I41M2I44M
34	2318	0.274	1.186E-54	7	617	639	5	969	970	100M1I162M104D14M32D15M94D12M3D14M15I6M111D45M2D18M1I13M4D4M3D25M2D19M8D35M14D17M2I40M2I40M1I4M1I5M
57	2313	0.293	1.562E-54	5	609	639	3	920	931	98M1I165M3D4M19D11M73D12M75D21M62D6M17I4M77D4M9D43M2D17M1I14M2D4M5D25M3D19M4D25M1D28M2I3M1D35M2I44M
127	2310	0.265	1.843E-54	0	609	639	41	1007	1013	103M1I167M7D25M21D12M24D5M109D11M16I3M75D5M114D43M2D20M1I11M6D29M2D19M12D29M5D62M2I46M
83	2309	0.298	1.948E-54	0	609	639	22	941	947	9M1D94M1I168M22D12M48D11M7D12M12D14M26D4M15I8M198D43M2D17M1I14M3D4M4D25M3D19M9D18M3D28M9I38M2I44M
2	2307	0.308	2.175E-54	0	609	639	3	774	781	105M2I57M1I126M11D20M21D11M97D4M14I1M31D7M10D44M3D8M1D6M1D6M2D11M5D5M1D5M1D20M3D8M4D20M13I10M4I19M4I39M1D8M5D7M3D25M
58	2302	0.300	2.865E-54	5	619	639	3	888	889	98M1I168M17D3M149D22M23D19M7D7M17I4M79D4M9D43M2D17M1I14M2D4M5D25M3D43M2I27M1I39M2I38M1I15M
115	2298	0.270	3.572E-54	6	609	639	4	976	982	97M1I170M110D10M33D7M64D22M59D11M8D2M12I4M75D4M1D45M2D17M1I14M3D4M4D25M3D19M5D26M16D34M2D33M2I44M
59	2288	0.270	6.199E-54	7	609	639	5	973	982	2M1D94M1I165M114D8M32D5M83D10M36D7M11D8M12D20M62D3M11I5M13D45M2D17M1I14M6D31M3D17M6D93M2I44M
74	2284	0.268	7.728E-54	9	608	639	1	922	926	94M1I170M6D26M80D23M65D3M6I14M166D45M2D17M1I14M5D33M1D15M18D48M6I39M2I20M5I18M
101	2277	0.273	1.137E-53	0	608	639	15	929	936	3M2I103M1I159M2D16M40D3M65D5M14D13M62D15M25D11M38D4M24D4M3D7M7D45M2D20M1I11M14D4M4D29M3D16M2D60M7D31M2I19M2D3M2I20M
96	2255	0.283	3.822E-53	6	607	639	37	933	948	31M5I64M1I165M15D16M5D24M46D5M32D6M34D23M167D46M1D16M3I1M2D11M4D10M2D27M3D40M4I27M1I34M2I40M
102	2236	0.275	1.089E-52	0	608	639	0	956	964	4M2I101M1I165M17D13M120D11M83D26M17I1M33D5M86D45M2D17M2I2M1D11M5D5M2D24M2D19M7D13M1D6M11D9M2D65M2I43M
121	2220	0.378	2.631E-52	12	498	639	0	618	619	95M1I163M14D26M5D39M13D10M102D66M1D11M4D8M2I20M1I16M3I26M
65	2209	0.269	4.825E-52	9	609	639	2	870	879	94M1I164M3I25M42D6M8D9M44D11M29D12M6I1M31D5M162D45M2D17M1I14M6D31M3D8M13I18M33I39M2I43M
73	2207	0.276	5.387E-52	25	609	639	2	927	933	78M1I166M25D12M26D6M1D26M91D8M6D11M90D9M68D4M8D45M2D20M1I11M1D5M5D24M1D19M9D30M12D61M2I46M
68	2205	0.258	6.015E-52	2	609	639	5	895	901	11M10I7M2I71M1I169M63D23M140D8M4D23M14I3M78D47M2D20M1I11M4D4M2D25M2D19M6D5M6D24M6D62M2I46M
12	2182	0.354	2.137E-51	6	518	639	1	674	675	97M1I169M15D11M34D17M20D23M14I2M23D6M66D4M22D76M1D29M3I18M4I30M2D9M
60	2182	0.247	2.137E-51	7	620	639	1	993	994	10M2D16M10D7M3D63M1I167M19D9M1D10M29D22M115D9M113D2M6I13M33D4M43D45M2D17M1I14M6D31M3D17M6D59M6D2M1D32M2I44M3I8M
114	2178	0.259	2.664E-51	0	608	639	1	923	929	4M3I101M1I109M1D54M103D15M73D19M1D8M37D10M16I9M101D43M1D1M1D15M6I9M3D4M7D28M3D14M12D7M3D25M1I25M3I36M2I41M
92	2156	0.244	8.958E-51	7	606	639	1	1075	1084	96M1I164M2D5M24D7M92D27M88D3M27D10M10D3M17I6M155D45M2D17M1I14M3D5M4D26M2D14M25D7M4D29M19D8M35D15M4D37M2I41M
18	2108	0.229	1.263E-49	7	616	639	1	1247	1248	101M1I163M81D8M26D22M19D12M8D4M103D5M43D11M4I6M115D47M2D18M1I10M2D7M5D29M2D27M189D4M41D43M12D32M1I6M1I40M3I4M
55	2105	0.270	1.490E-49	7	619	639	5	892	893	96M1I13M1I153M17D7M5D8M73D11M38D51M167D6M1I36M2D10M1I6M1I14M5D14M15I9M6I14M2D41M4I36M1I6M1I9M1I24M1I15M
32	2064	0.263	1.428E-48	44	619	639	1	928	929	63M1I165M23D8M28D50M96D12M71D3M111D45M2D18M1I13M2D4M5D25M2D19M8D19M5D16M9D24M2I32M2I44M4I6M
104	2034	0.257	7.461E-48	7	609	639	5	931	938	38M32I30M1I165M21D10M115D16M94D11M3D15M15I6M111D45M2D17M1I14M2D4M5D25M2D19M8D19M5D18M5D20M2D36M2I44M
79	1996	0.271	6.060E-47	55	615	639	1	888	889	48M1I166M2I28M1D11M86D12M17I8M238D43M2D17M1I14M7D29M3D19M15D25M2D5M1I23M2I37M2I38M1I11M
80	1993	0.262	7.150E-47	44	606	639	1	922	931	59M1I164M3I27M2D25M43D5M2D12M153D8M138D43M2D17M1I14M3D5M3D24M2D19M6D5M6D24M6D62M2I43M
21	1945	0.306	1.008E-45	5	470	639	2	696	745	98M1I112M1D56M9D15M24D11M2D11M65D17M12I8M136D45M2D18M1I8M1I4M6D29M1I18M
84	1926	0.256	2.872E-45	52	605	639	3	919	929	51M1I168M7D29M24D6M21D6M109D11M16I52D8M143D43M2D17M1I14M6D29M2D18M12D37M5D55M2I42M
14	1909	0.278	7.331E-45	5	609	639	83	883	886	98M1I9M25I4M3I71M1D56M13D16M97D15M37D6M27D14M17I6M87D45M2D20M1I11M5D5M2D25M5D3M4I40M27I38M2I43M
103	1886	0.263	2.605E-44	28	609	639	0	880	886	49M4I8M5I7M3I166M2D5M1D22M28D7M44D15M52D5M9D15M9D3M20D4M125D47M2D15M2I2M1D11M7D29M3D21M13D53M1I37M2I44M
11	1843	0.355	2.787E-43	6	493	639	4	589	596	38M32I27M1I168M22D11M1D23M9D17M17I6M117D66M1D11M4D9M2I19M1I17M3I20M
110	1738	0.248	9.093E-41	92	619	639	0	879	880	15M1I165M23D8M28D30M35D11M65D2M3D6M10I74D6M111D45M2D17M1I14M2D4M5D25M2D19M8D7M5D30M5D20M2D36M2I44M4I6M
81	1735	0.270	1.073E-40	41	524	639	7	824	885	66M1I165M23D8M46D21M19D22M16D10M33D8M52D4M138D45M2D17M1I14M2D4M5D25M2D19M1D28M3I23M
123	1419	0.234	3.938E-33	46	602	639	0	714	715	57M1I164M9D6M14D4M48D5M68D37M1D22M26D6M2I6M44D1M3I15M5D15M1I8M8D9M1I3M2D5M3D9M16D13M2I8M80I6M1I10M3D18M3I18M5D18M
19	1332	0.199	4.763E-31	7	609	639	12	728	735	27M1D14M2D47M1I11M2I42M1D11M5D4M8D21M2D30M2D8M5D7M5I35M16D11M23D20M7D20M11I5M63D9M7D3M10D42M2D16M1I13M4D5M7D27M7D7M5I52M5I10M7I8M1D8M20I7M1I18M1I6M
90	1268	0.177	1.622E-29	1	608	639	0	692	697	7M1I25M1I15M5I52M2I40M3D4M2D13M1I21M1I24M16I5M3D41M61D48M1D4M41D3M23D6M4I42M4D9M1I16M1D12M2D7M6I20M2D9M5I15M1I16M12I8M4I12M2D5M1I10M1D18M1I5M1D34M
4	1177	0.185	2.446E-27	6	621	639	3	601	688	47M4I49M2I39M3D5M2D14M1I21M1I23M4D10M12I45M16D27M56D19M15I17M13I4M3D17M1I9M5D11M5D5M20D17M3I15M73I16M2D28M2I11M3I25M3I9M
129	1093	0.175	2.508E-25	14	605	639	0	653	656	5M2D14M1I11M32I29M2I41M3D4M2D13M1I21M1I24M16I5M3D37M3D11M29D40M7D8M5D17M74D35M4D9M1I16M1D12M2D11M6I16M1I9M1I37M3I15M5I15M4I4M4I18M1I5M1D9M1D12M4D10M
99	996	0.208	5.265E-23	0	427	639	6	428	450	4M1D5M3D24M1I13M5I54M2I39M3D3M1D14M1I23M1I40M10I32M3D2M17D23M17D10M1I14M19I14M15I4M2D3M1I10M1D3M2I7M3D3M4D10M1D4M3I9M
93	668	0.151	3.744E-15	13	529	639	13	568	803	32M7I43M1I11M2I39M3D3M4D12M3I20M2D28M10D5M8D10M4I30M2I7M11D2M29D20M13D21M3D7M11D21M6I24M16I3M7I2M7I3M12I23M14D18M2D36M2I17M2I9M
17	619	0.156	5.577E-14	11	536	639	3	489	985	21M2I12M1D9M4I18M1I4M1D25M2I39M2D3M1D21M9D19M1I10M1D3M7D6M4D6M1D15M10D31M2I5M16D54M16I8M7D6M15I14M14I3M4I8M8I8M27I44M3I35M
 86	6995	1.00	0.000E+00	0	969	970	0	969	970	970M
34	6725	1.00	0.000E+00	0	969	970	0	969	970	970M
5	6671	0.975	0.000E+00	0	969	970	0	969	970	970M
26	6668	0.979	0.000E+00	0	969	970	0	969	970	970M
106	6653	0.985	0.000E+00	0	969	970	0	969	970	970M
85	6643	0.986	0.000E+00	0	969	970	0	969	970	970M
29	6632	0.976	0.000E+00	0	969	970	0	969	970	970M
31	6599	0.973	0.000E+00	0	969	970	0	969	970	970M
25	6588	0.975	0.000E+00	0	969	970	0	969	970	970M
6	6562	0.972	0.000E+00	0	969	970	0	969	970	970M
27	6562	0.974	0.000E+00	0	969	970	0	969	970	970M
28	6559	0.975	0.000E+00	0	969	970	0	970	971	367M1D603M
24	6518	0.949	0.000E+00	0	969	970	0	969	970	970M
33	6441	0.937	0.000E+00	0	969	970	0	969	970	970M
64	6223	0.884	0.000E+00	0	969	970	0	967	968	349M2D67M1I84M1I9M1I6M1I451M
75	6174	0.870	0.000E+00	0	969	970	0	969	970	349M2D162M1I9M1I448M
30	6164	0.896	0.000E+00	0	969	970	0	971	972	349M2D162M1I70M1D388M
107	6152	0.870	0.000E+00	0	969	970	0	968	969	853M1I116M
53	6149	0.875	0.000E+00	0	969	970	0	963	964	352M2D159M1I35M6I3M1I413M
38	6103	0.891	0.000E+00	0	969	970	0	968	969	349M2D62M2I98M1I458M
112	6094	0.874	0.000E+00	0	969	970	0	970	971	352M2D150M1I314M1I34M1D118M
39	6054	0.889	0.000E+00	0	969	970	0	964	965	349M2D162M1I8M4I314M1I35M1I95M
61	6015	0.852	0.000E+00	0	969	970	0	932	933	349M2D62M1I76M10I3M28I441M
105	6015	0.862	0.000E+00	0	969	970	0	962	963	349M2D81M1I80M1I308M1I5M6I138M
119	6012	0.881	0.000E+00	0	969	970	0	967	968	349M2D42M2I118M1I332M1I125M
111	5977	0.858	0.000E+00	0	969	970	0	937	938	349M2D68M33I370M1I149M
104	5970	0.915	0.000E+00	0	969	970	0	937	938	44M32I894M
62	5942	0.861	0.000E+00	0	969	970	0	930	931	349M2D63M15I7M19I58M1I8M4I314M1I35M1I95M
32	5900	0.971	0.000E+00	42	969	970	1	928	929	928M
22	5798	0.827	0.000E+00	0	969	970	0	957	958	334M1I83M7I37M2I47M1I308M1I149M
131	5703	0.816	0.000E+00	0	969	970	0	895	896	349M2D62M1I74M78I285M3D121M
110	5674	0.990	0.000E+00	90	969	970	0	879	880	880M
108	5608	0.786	0.000E+00	0	969	970	0	927	928	334M1I14M2D37M1I24M34I7M1I56M1I35M1D17M2I256M1I55M4I90M
67	5558	0.761	0.000E+00	5	969	970	6	963	964	329M1I13M2D108M2I53M1I311M5I8M1D9M1I124M
94	5553	0.784	0.000E+00	0	969	970	0	923	924	334M1I14M2D37M1I25M34I41M3I21M1I50M2I256M1I53M5I91M
102	5315	0.697	0.000E+00	0	969	970	0	963	964	334M1I13M2D108M2I19M6I363M1D124M
118	5204	0.688	0.000E+00	0	968	970	0	977	978	338M1I11M2D56M1I39M4D50M1D35M1D46M1I180M1I13M2D47M1D22M1I13M3D114M
72	5114	0.674	0.000E+00	0	968	970	0	957	958	333M1I16M2D56M1I38M7I42M1D37M1D30M1I17M1I177M1I60M1I17M1I16M1I115M
127	5061	0.655	0.000E+00	0	968	970	43	1012	1013	337M1I12M2D56M1I38M4D57M1D31M2D28M1I17M1I177M1I59M1I20M1I14M1I115M
115	4863	0.590	0.000E+00	0	968	970	0	981	982	305M3D43M2D14M1D33M1D37M2I30M3I19M1D15M4D30M1D47M1D217M1D21M1D59M2D94M
16	4808	0.601	0.000E+00	5	962	970	39	972	978	299M1I21M1D9M3I54M1D21M3I27M1I24M2I30M1D31M10I19M2I12M2I177M1I60M1I19M1D42M2I85M
81	4768	0.814	0.000E+00	39	881	970	7	875	885	310M2D62M2I63M1I34M1I305M2D38M26D27M
73	4757	0.630	0.000E+00	23	968	970	2	932	933	311M1I13M2D60M1I35M5I44M1I5M3I31M1D14M6I205M1I34M1I34M1D141M
130	4726	0.567	0.000E+00	0	968	970	0	982	983	295M3D52M2D19M1D28M1D46M2D42M3I32M5D14M1D46M1D218M1D22M1I49M1D102M
15	4705	0.586	0.000E+00	0	962	970	38	977	983	3M2I298M1I22M1D12M3I13M1I41M1D17M3I27M1I56M1D34M10I16M2I19M2I170M1I209M
80	4688	0.658	0.000E+00	42	968	970	1	930	931	291M1I16M2D56M1I38M4D57M1D29M1D26M1D22M1I177M1I62M1I14M1I133M
68	4669	0.609	0.000E+00	1	968	970	6	900	901	10M10I7M2I320M2D59M31I5M3I15M3I7M12I3M13I30M1D26M2D22M1I177M1I59M1I25M1I125M
84	4641	0.639	5.428E-104	47	968	970	0	928	929	286M1I16M2D59M1I36M4D56M1D16M1D47M6D14M1I177M1I68M1I9M1I33M1I98M
74	4614	0.627	2.147E-103	7	937	970	1	902	926	398M1I24M3D55M20I26M1D38M1I188M2I31M1I24M1D16M8I16M1I81M
59	4560	0.561	3.564E-102	0	963	970	0	973	982	7M1D287M3D54M2D16M1D31M1D36M2D54M1D9M7D34M1I20M6D23M1D183M1I39M1D16M2I10M11I10M2I17M1D101M
54	4435	0.513	2.375E-99	0	969	970	0	919	923	281M1D68M2D17M1D23M2I19M11I37M8I41M9I35M9I235M1D24M15I29M1I106M
45	4420	0.513	5.183E-99	0	969	970	0	926	927	266M5D11M4I73M1D12M1D23M2I19M11I34M5I37M7I47M9I235M1D24M15I29M1I101M3D5M
3	4407	0.516	1.019E-98	0	968	970	0	881	882	268M9D5M8I51M17I16M1D45M11I26M4I6M1I21M5I26M24I10M3I7M1I19M8I213M1D24M15I29M1I105M
43	4402	0.516	1.322E-98	0	969	970	0	927	931	266M5D9M4I87M1D16M1I28M15I85M5I8M9I4M1I22M2D235M1D24M15I29M1I106M
113	4391	0.522	2.343E-98	0	967	970	0	914	915	274M2D4M1I61M4I3M2I16M1D41M4I5M4I11M7I45M1I24M8I9M9I262M1D18M4I4M14I38M5I87M6D3M
44	4389	0.520	2.600E-98	0	969	970	0	882	886	268M2D10M1I53M17I16M1D45M8I12M8I41M5I34M27I9M1I19M8I213M1D24M15I29M1I106M
51	4383	0.529	3.552E-98	0	967	970	0	925	932	281M1D62M2I21M1D39M5I15M11I75M5I38M6I232M1D27M15I29M1I104M
56	4382	0.509	3.741E-98	0	969	970	0	927	931	267M9D6M8I41M2I41M1D45M11I47M4I44M6I38M6I226M1D24M15I32M1I106M
35	4368	0.507	7.750E-98	0	967	970	0	928	929	266M12D3M11I47M1D39M1D16M1I37M16I21M2I47M12I17M2I258M1D25M14I29M1I100M5D4M
109	4362	0.510	1.059E-97	0	967	970	0	914	915	281M1D85M1D45M8I11M7I45M2I20M2I35M16I238M1D25M16I37M5I90M
76	4354	0.522	1.605E-97	0	969	970	0	921	925	266M5D11M4I61M1I23M1D27M1I11M5I16M6I9M4I66M5I17M1I19M12I230M1D12M3I19M12I22M1I106M
78	4353	0.518	1.691E-97	0	968	970	0	939	940	280M1D21M1I45M1I18M1D23M1I20M25I24M5I14M2I76M1I13M3D10M2D10M5D205M1D11M2I19M5I54M1D83M
42	4346	0.517	2.434E-97	0	968	970	0	932	933	279M1D21M2I34M7I22M1D28M1I11M3I5M5I31M3I72M5I13M1D32M5I8M3I202M1D25M8I6M1D51M1D87M
77	4343	0.513	2.845E-97	0	969	970	0	919	925	277M1D77M2D39M1I15M8I13M8I50M1I34M7I23M12I225M1D21M6I13M11I22M1I101M1D5M
46	4335	0.514	4.313E-97	0	965	970	0	917	926	266M5D11M4I62M2I21M1D44M8I12M8I14M16I10M1I25M2I48M6I232M1D29M19I23M1I75M12D27M
49	4334	0.506	4.544E-97	0	969	970	0	858	862	267M9D6M8I51M17I16M1D45M8I12M8I24M4I23M7I16M56I13M2D214M1D24M15I29M1I106M
41	4331	0.509	5.311E-97	0	968	970	0	923	924	266M5D9M4I20M3I36M1I26M1D43M17I86M5I6M6I38M1I228M1D14M1I8M17I28M1I101M4D4M
116	4325	0.518	7.256E-97	0	969	970	0	892	893	265M7D8M6I53M7I44M4I18M5I4M6I21M4I37M3I37M29I241M1D21M3I3M15I47M4I15M1D70M
52	4325	0.505	7.256E-97	0	969	970	0	904	913	267M9D6M8I50M4I31M1D45M20I2M2I9M9I4M9I9M1I43M7I269M1D24M15I29M1I106M
57	4325	0.522	7.256E-97	0	964	970	0	921	931	278M1D23M1I44M1D20M1D54M1I21M8I9M5I48M9I22M7I14M3I15M3D213M1D18M8I12M7I23M1I101M
23	4320	0.518	9.412E-97	0	964	970	0	930	935	279M1D22M1I33M6I49M1I22M4I12M6I24M1I47M1D45M5I4M1D16M10I2M2D207M1D25M7I51M1D86M
60	4319	0.513	9.914E-97	5	969	970	1	991	994	5M2D21M8D6M5D257M3D70M1D24M1D23M6I13M3D23M5D108M1D21M2D4M8D169M1I31M1D24M2I25M6I34M1D92M
50	4312	0.514	1.427E-96	0	969	970	0	904	906	266M5D9M4I87M1D15M2I27M31I15M3I6M3I5M4I74M9I235M1D24M15I29M1I106M
69	4308	0.521	1.757E-96	0	969	970	0	920	924	277M1D62M1I6M9I11M1D16M2I41M2I17M8I6M8I92M6I228M1D17M6D4M21I29M1I106M
48	4289	0.507	4.720E-96	0	968	970	0	898	899	265M7D10M6I12M2I32M1D12M5I17M1D21M4I20M7I48M8I42M15I27M10I14M5I213M1D28M18I128M
71	4259	0.515	2.247E-95	4	965	970	16	926	934	262M5D11M4I73M1D12M1D23M2I19M11I34M5I40M3I4M9I35M9I235M1D24M15I29M1I102M
13	4257	0.504	2.494E-95	0	969	970	0	890	894	266M10D3M9I44M3D36M7I41M6I12M8I24M14I30M3I12M24I15M1I22M5I213M1D24M15I29M1I106M
83	4235	0.506	7.832E-95	0	964	970	25	942	947	4M1I2M1D261M8D6M7I20M1I21M3D13M7I4M1I18M1D25M1D21M3D34M14I19M3I29M6I37M8I230M1D31M18I37M1D87M
66	4225	0.496	1.318E-94	0	968	970	0	922	923	82M1D198M1D21M1I34M13I15M1I25M1I31M13I40M1I6M3I16M1D29M1I46M10I208M1D35M7I42M1D90M
70	4222	0.497	1.540E-94	0	969	970	0	857	858	266M5D11M4I20M1I3M15I2M14D11M22I11M1D23M2I19M8I12M8I22M4I37M44I8M12I227M1D27M15I29M1I103M3D3M
82	4201	0.509	4.591E-94	5	964	970	30	942	947	2M1D258M7D10M6I29M1D22M4I30M1D25M1D24M11I56M3I19M2I39M16I234M1D28M18I37M1D87M
58	4157	0.509	4.528E-93	0	969	970	0	888	889	266M5D11M4I73M1D12M1D23M2I65M7I38M44I8M12I230M1D10M1I13M21I23M1I101M3D5M
47	4147	0.488	7.618E-93	0	964	970	0	810	820	266M12D2M11I67M3I13M1D20M1I37M12I15M1D7M9I11M27I7M68I219M1D20M1I5M14I20M23I87M
65	4106	0.523	6.428E-92	7	969	970	2	876	879	296M2D47M2D11M1D51M6I6M2D15M14D16M15I55M6I23M12I11M4I174M1I36M30I6M35I107M
55	3959	0.481	1.346E-88	0	969	970	0	889	893	112M1I168M1D62M1D19M1D7M2I42M8I9M8I27M15I6M13D13M10I56M2I112M1I49M1I38M20I7M4I2M1I17M21I23M1I69M1I36M
79	3872	0.501	1.242E-86	52	968	970	0	888	889	228M1D21M1I45M1I13M1D28M1I21M8I30M3I74M6I37M1D17M6I200M2D4M1I12M3I21M4I42M1D90M
117	3796	0.385	6.474E-85	0	969	970	2	995	1003	269M10D4M9I10M1I13M2I16M6D41M11I29M3I35M6I7M3I28M1D67M6D109M1D129M2D16M10D7M6D14M15D26M2D115M
92	3745	0.363	9.190E-84	5	965	970	1	1083	1084	262M4D25M1I47M1D26M8I30M3D70M5D8M4D16M1D19M2D18M1D21M5D12M8D17M25D84M2D136M33D40M7D18M18D21M9D78M3D4M
103	3733	0.488	1.715E-83	26	968	970	0	885	886	49M4I8M5I7M2I170M5I15M1D23M1D27M12I39M2I33M1I55M11D25M24I21M7I6M3I97M2D122M1D67M8I106M
128	3694	0.376	1.304E-82	2	962	970	0	867	876	3M3D262M6I6M9D21M8I25M49I16M10I8M22I19M12I9M7I26M1D56M10D95M2D7M1I118M1D47M5I44M1D79M
122	3568	0.344	9.159E-80	7	969	970	6	971	1001	261M2D35M6I26M21I11M17D5M5D23M3I34M4I20M10I30M8I20M5I6M2I37M8I5M3I79M1D117M2D21M4D6M17D18M17D22M8D25M3D67M3I22M
8	3501	0.353	2.988E-78	5	969	970	7	1015	1016	262M14D100M7I9M3D68M5D24M5D111M3I81M2D127M1D11M12D54M10D97M2D11M
18	3468	0.321	1.663E-77	5	965	970	1	1247	1248	264M5D69M4D15M6D46M7D38M7D63M5I69M17D10M21D69M1I12M1D141M6D4M22D5M65D22M86D2M37D38M6D81M2D7M
101	3442	0.362	6.431E-77	5	961	970	20	928	936	260M6I22M9I9M3I20M4I8M29I23M4I41M5I30M2I22M1I82M7D5M3D3M2D62M2D100M11D40M1D12M2I10M9I134M
126	3281	0.349	2.788E-73	6	964	970	10	807	808	98M2I163M8D4M9I18M7I26M8I5M12I3M24I15M45I13M9I12M8I21M48I4M3I9M5D14M7D133M1I31M1D4M3I28M4I4M1D13M2D113M1I2M1I41M
114	3249	0.355	1.473E-72	5	961	970	5	922	929	215M1D49M5I18M2I39M11I22M8I40M1I36M7D55M3I32M9I99M2D87M5I11M3D43M1D12M6D26M6I14M8I23M1I77M
100	3242	0.334	2.120E-72	2	969	970	1	801	806	270M10I10M25I6M2I9M58I13M19I19M23I12M5I17M9I19M5I47M1D85M1D5M1D85M3I3M5D30M3D16M8I3M14I21M3I22M2D7M1I43M1D23M4D18M
91	3223	0.344	5.697E-72	5	969	970	9	787	788	97M1D163M14D5M10I6M27I5M34I7M76I22M2I35M1I20M24I40M1I7M2I63M2I11M4D5M2I79M3I3M3I36M1I12M17I31M3I23M1I1M3I34M2D17M4D27M1D4M
98	3123	0.319	1.034E-69	5	969	970	13	774	776	99M1D162M10D8M3I9M27I5M34I15M22I22M21I12M6I27M23I26M1D8M49I5M2I62M2I11M1D5M1D75M1I8M6I34M1I14M5I11M15I15M2I25M3I2M1I32M2D22M4D28M
97	3100	0.324	3.422E-69	5	969	970	26	784	786	99M1D162M3D2M9D11M74I8M22I24M61I32M3I14M20I24M1I15M5I6M2I61M3I11M1D5M1D84M6I34M1I14M2D9M11I9M9I4M1I3M2I25M5I36M1D16M2D31M
124	3084	0.332	7.866E-69	5	963	970	1	712	713	258M3D2M8D3M12D11M36I17M117I14M10D8M17I17M68I14M2I40M1D24M1I16M2D82M1I32M1I26M30I16M3I17M7I39M1D6M1I33M
7	3080	0.320	9.685E-69	0	969	970	2	825	857	5M1D100M1D173M62I24M13I13M27I12M14I45M1I23M21I21M1D33M2I39M2D43M3D46M2I18M1D19M6I36M1I17M11I20M6I6M1D29M2D32M2D38M3D6M3D6M
10	3077	0.320	1.132E-68	5	969	970	26	782	784	99M1D161M10D14M74I8M22I24M29I11M5I24M6I6M8I16M2I9M11I18M30I6M2I62M2I11M4D5M2I82M6I34M1I14M5I11M14I12M1I3M2I26M5I32M2D21M2D29M
89	3076	0.313	1.192E-68	5	969	970	7	760	777	99M1D171M41I17M8I21M23I11M21I8M10I19M14I5M10I19M68I11M2I4M2I39M2D37M3D4M1I49M2I16M1D13M3I3M4I26M2I19M4D32M22I27M2D36M2D38M7D8M
96	3061	0.321	2.602E-68	5	967	970	38	942	948	30M5I227M16D16M1I28M4I38M34I12M8I33M7I9M14I16M35D55M16I21M1I4M5D6M1D60M4I11M4D5M2I48M1I32M1I38M1D46M2I9M13I16M10I74M3D6M
120	3059	0.332	2.887E-68	5	969	970	7	758	764	98M2I163M8D23M9I11M1I17M62I8M1D52M18I20M49I13M11I10M11I4M4I38M2D34M1D7M1D47M2I18M1D50M4I7M1I12M20I17M24I6M7I2M1I35M1I46M
0	3044	0.325	6.300E-68	5	969	970	13	752	754	99M1D163M18D10M72I18M28I12M41I9M29I16M14I7M26I10M5I24M2I62M3I10M1D5M1D77M1D7M6I34M1I15M1D6M16I10M3I6M1I30M5I31M2D21M2D31M
87	3044	0.323	6.300E-68	5	969	970	7	750	770	100M1D173M6D14M2I25M42I5M43I15M11I26M3I9M24I4M82I4M2I39M2D42M2D47M2I18M1D10M2I7M5I25M2I25M13I29M9I17M1I5M3D33M2D42M5D8M
40	3038	0.313	8.608E-68	0	969	970	0	759	776	5M1D98M1D172M41I4M5D16M13I13M23I20M8I17M13I17M31I19M73I4M2I39M2D37M3D4M1I47M2I18M1D13M3I3M4I24M2I21M5I12M3I7M4I12M1I6M5I26M2D36M2D38M7D8M
63	3024	0.317	1.783E-67	5	969	970	7	768	778	100M1D166M1I25M75I4M13I20M35I13M1I19M12I11M40I15M7I11M9I5M2I39M2D42M2D47M2I17M1D11M2I7M5I23M2I31M8I9M4I12M1I6M5I15M2I40M4D3M2I38M15D8M
20	3015	0.316	2.848E-67	5	969	970	7	754	772	270M39I20M38I7M26I32M7I9M12I20M80I22M2I39M2D37M3D4M1I47M2I18M1D24M7I17M1I12M1I10M5I10M3I31M6I18M2I37M2D41M7D8M
95	3002	0.322	5.600E-67	5	969	970	1	715	720	99M2I161M8D22M30I9M85I16M5I31M1I5M14I13M68I7M9I10M3D35M2D42M2D50M2I16M1D51M5I14M34I37M6I1M3I35M1I38M1I7M
88	2986	0.307	1.287E-66	5	969	970	7	752	770	270M10I4M68I24M4I3M3I14M8I9M15I20M17I10M79I24M2I39M2D37M3D4M1I49M2I12M1D14M2I7M5I24M1I12M1I15M8I36M6I18M2I40M2D38M7D8M
2	2975	0.310	2.281E-66	1	965	970	6	780	781	105M1I54M1I168M107I14M1I7M1I24M50I38M18I35M1D33M1D14M2D45M1D11M1D6M4D62M5D15M27I14M7I21M7I33M3D11M5D12M3D16M4D7M
37	2960	0.305	4.977E-66	2	969	970	0	810	829	13M2D144M1I105M16D16M15I15M3I17M17I24M15D1M25I11M1I26M28I10M11I13M42I9M17I21M2I39M2D42M2D49M2I16M1D13M1I15M2I19M3I17M13I2M4D12M2I13M5I5M11I52M2D48M
1	2959	0.313	5.243E-66	0	969	970	0	786	787	269M1D11M6I18M16I18M49I10M20I30M37I16M46I10M27I31M1D13M2D38M1D5M1D49M2I16M2D15M1I8M7I44M14I59M3I30M1D6M2D9M7D6M8D2M3D21M16D8M
36	2953	0.304	7.163E-66	2	969	970	0	810	829	12M2D145M1I105M16D16M15I15M3I17M17I19M11D6M21I13M21I28M8I14M18I15M52I24M2I39M2D42M2D49M2I16M1D13M1I15M2I22M2I6M1I8M13I2M4D6M17I17M1I56M4D3M2I46M
125	2932	0.314	2.136E-65	3	958	970	25	805	813	264M1D4M2D21M11I33M20I14M10D11M9I26M16I30M19I21M54I21M13I63M13I127M1I10M1D14M5D3M16I8M19I20M3I72M
14	2852	0.318	1.370E-63	5	965	970	85	885	886	98M7I4M18I6M4I2M1D70M1D53M6D7M7I23M4I25M8I24M17I20M4I15M27I17M5I12M7I42M8I39M4I5M2I81M2D128M1I11M25I20M23I7M1D81M
123	2741	0.417	4.409E-61	44	772	970	0	713	715	230M3I11M3I66M17I23M5I41M2I20M1D27M14D60M3I181M1D23M2D14M
21	2729	0.347	8.230E-61	5	821	970	4	725	745	209M1D51M7D10M6I10M31I19M1I14M29I93M7I20M10I9M22I8M4I17M2I10M2I76M4D5M2I70M1I10M5D1M6I37M3I12M14D10M
12	2529	0.328	2.714E-56	5	852	970	2	674	675	260M7D13M4I24M16I7M3I2M25I4M56I24M7I8M11I12M4I12M26I28M15I21M2I27M1I11M2D31M1D7M1I3M2I45M2I18M1D13M2I36M9I56M
121	2507	0.306	8.522E-56	11	831	970	1	618	619	256M15D7M8I8M146I18M29I5M1I19M36I1M11D9M2I5M3D17M8I1M2D4M1I22M1D12M2D42M2D51M2I16M2D14M2I9M3I22M5I3M2D37M
9	2308	0.269	2.667E-51	5	969	970	7	621	639	100M1D162M104I14M32I13M130I26M13D7M10I3M66I45M2I18M1D13M2I4M5I25M2I21M15I24M4I9M3I24M2D32M2D41M6D9M
11	2170	0.300	3.496E-48	0	832	970	0	595	596	42M32I200M96I18M15I9M26I20M9I19M1I24M44I13M7I10M4I25M1D14M2D37M1D5M1D49M2I16M2D14M2I8M3I23M3I43M
19	1766	0.201	4.680E-39	2	957	970	9	723	735	31M1D13M5D1M3I43M1I11M1I42M1D11M5D4M8D20M1I3M3D27M2D51M16D10M103I27M34I7M31I24M61I17M3I5M4I12M2D6M2D47M1I4M1D16M2D76M3D4M1D39M4I5M2I11M18I17M14I7M1I22M11I23M1D8M1I18M
90	1369	0.158	4.352E-30	0	960	970	0	691	697	4M1I2M1D26M1I13M5I53M1I40M5D17M1I21M1I29M12I3M1I34M29D9M28I28M25I6M22I15M39I18M14I10M113I31M2I5M1I7M2D6M1D22M5D38M1I3M5D7M3I19M2D18M14I25M3I17M26I9M5I12M3I14M1D8M1I4M1I10M1D12M1D11M1D14M1D17M
4	1279	0.172	4.698E-28	5	964	970	4	687	688	43M4I53M1I37M3D6M2D14M1I22M1I22M4D10M12I49M27I28M8I11M6I12M19I19M4I13M13I8M6I7M10I15M74I19M7I1M10I3M3D25M3I14M3D2M1D8M2I11M5D9M5D7M2D12M4I11M2D6M2D3M3I18M2D14M1I7M7I6M4I11M84I8M2D5M1I1M1I9M3I3M2I15M3D23M3D22M
129	1154	0.165	3.131E-25	10	956	970	0	646	656	3M1D1M1I18M1I9M35I3M2D2M1D22M1I40M3D4M2D13M1I18M1I33M13I36M9D15M83I9M21I1M6D10M33I10M2I11M20I19M62I15M3I10M7I27M3I12M2D6M1D8M1D7M3D14M1D32M1I2M5D9M3I16M2D19M14I16M2I11M1I17M4I36M18I8M3I2M1I7M4I4M2I2M2I14M1D6M1D13M1D15M
99	982	0.267	2.406E-21	5	349	970	17	361	450	8M1D1M1I18M1I11M5I55M1I37M3D4M1D14M1I23M1I40M10I29M17D13M1I42M1I28M
17	831	0.161	6.202E-18	9	893	970	3	921	985	22M2I25M3I14M1I4M1D26M1I38M2D3M1D15M2I6M11D17M1I16M12D10M8D3M7D7M4I33M17D31M2D57M13D35M7D14M1D77M1I50M29D18M1D12M3D28M5I10M2I14M4I10M17I4M3I14M10D3M6I3M8D17M57I6M1I44M5D11M2D59M3D9M1D10M
93	681	0.150	1.517E-14	11	605	970	13	749	803	34M7I41M1I12M1I38M3D3M4D16M2I3M1I13M2D29M4I6M2I6M20D32M9D28M1I37M3D20M1D25M100D35M6D92M9D24M6D62M2I18M
 