69	6805	1.00	0.000E+00	0	923	924	0	923	924	924M
43	6013	0.885	0.000E+00	0	923	924	0	930	931	340M10D42M1D64M1I25M1I28M2I421M
51	5919	0.858	0.000E+00	0	921	924	0	928	932	340M8D44M2D46M1I15M1I25M1I449M
76	5869	0.844	0.000E+00	0	923	924	0	924	925	340M9D44M1D62M1I25M1I33M7I411M
50	5835	0.836	0.000E+00	0	921	924	0	905	906	340M10D88M11I4M11I18M1I32M3I414M
35	5824	0.848	0.000E+00	0	923	924	0	928	929	333M1D7M10D43M1D47M3I13M1I25M4I309M1D139M
71	5797	0.834	0.000E+00	4	923	924	16	933	934	336M11D90M1I15M1I20M8I30M3I416M
54	5782	0.834	0.000E+00	0	923	924	0	922	923	340M12D90M1I15M1I20M8I30M3I416M
56	5753	0.819	0.000E+00	0	923	924	0	930	931	323M2I15M10D44M2D62M1I25M1I19M1I431M
109	5732	0.821	0.000E+00	0	918	924	0	914	915	340M10D44M2D62M1I56M7I30M3I250M1I37M4I84M
46	5730	0.826	0.000E+00	0	921	924	0	922	926	340M8D44M2D43M16I29M1I305M4I108M12D32M
45	5721	0.829	0.000E+00	0	923	924	0	926	927	340M11D90M1I15M4D22M8I29M3I416M
113	5682	0.811	0.000E+00	0	923	924	0	914	915	345M4D39M2D62M1I19M1D3M6I32M3I269M3I45M4I88M1D5M
57	5643	0.814	0.000E+00	0	923	924	0	929	931	300M1I39M11D44M2D33M1D29M1I25M1I34M3I36M2I376M
41	5616	0.795	0.000E+00	0	923	924	0	923	924	292M3I39M9D50M2D26M1I19M1I15M1I25M1I33M1I269M3I145M
52	5613	0.799	0.000E+00	0	922	924	0	905	913	327M2I5M8D49M2D44M4I15M1I20M5I7M1I12M1I6M9I7M3I402M1I2M
13	5569	0.795	0.000E+00	0	923	924	0	893	894	340M5D44M2D22M3I21M11I26M8I17M1I13M6I22M8I382M
70	5556	0.788	0.000E+00	0	923	924	0	857	858	310M11D5M25I89M49I27M3I416M
58	5514	0.806	0.000E+00	0	923	924	0	888	889	340M11D74M17I12M11I13M8I30M3I261M1D5M8I142M
44	5506	0.787	0.000E+00	0	923	924	0	885	886	327M2I13M5I36M2D47M1I15M1I20M5I7M1I12M1I12M13I15M11I380M
3	5495	0.790	0.000E+00	0	919	924	0	881	882	327M2I6M5I40M2D50M1I15M1I20M5I7M1I12M1I12M13I17M11I374M
116	5487	0.783	0.000E+00	0	920	924	0	892	893	352M2D23M2I69M1I21M5I6M2I11M15I272M3I30M1D15M4I20M1D70M
49	5485	0.775	0.000E+00	0	923	924	0	861	862	327M2I6M5I40M2D49M26I12M5I7M1I12M1I12M13I15M11I380M
77	5439	0.771	0.000E+00	0	922	924	0	920	925	346M11D27M1D52M1I46M1I28M10I269M2I141M
48	5352	0.740	0.000E+00	0	919	924	0	898	899	297M2I47M6D30M2I25M4D39M5I29M5I19M7I4M2I21M6I247M3I35M1D95M
83	5289	0.767	0.000E+00	7	919	924	32	946	947	292M2I9M1D34M5D33M3D30M4D41M1I23M1I29M2D10M2I9M5I13M1I237M3I44M2D94M
82	5281	0.753	0.000E+00	5	919	924	30	946	947	2M1D299M1D38M6D33M3D30M4D41M1I23M1I33M3I14M5I13M1I6M1I230M3I44M2D94M
47	5279	0.737	0.000E+00	0	921	924	0	816	820	340M7D42M1D28M12I8M28I7M26I3M24I30M1I258M22I93M
42	5058	0.689	0.000E+00	0	919	924	0	932	933	294M2I49M3D34M1D20M3D31M3I39M1I56M2D260M4D6M4D31M2D94M
78	4986	0.696	0.000E+00	0	919	924	0	939	940	294M1I44M9D45M1D26M3D20M3I39M1I22M3D38M1I243M2I8M6D8M4D31M2D94M
23	4949	0.679	0.000E+00	0	919	924	0	934	935	294M1I50M3D34M1D28M3D31M3I31M1I75M2D6M1D234M4D7M4D31M2D94M
66	4842	0.656	0.000E+00	0	919	924	0	922	923	82M1D212M1I41M5I43M1D25M3D21M3I39M1I33M3I30M3D13M2I225M4D16M4D31M2D94M
130	4830	0.626	0.000E+00	0	919	924	0	982	983	278M1I18M3D38M7D11M5D33M3D32M4D3M13D24M1I32M1D18M5D24M1D8M4D8M1D14M2D243M9D5M5D35M2D94M
55	4825	0.711	0.000E+00	0	923	924	0	892	893	112M1I227M11D21M2I10M2D54M1I18M1I12M3I13M1I7M4I18M3I12M1D13M6D113M1I48M1I43M20I5M6I6M6I102M1I39M
79	4533	0.677	0.000E+00	52	919	924	0	888	889	242M1I44M9D45M1D25M3D21M3I39M1I67M2D13M1D224M2I7M6D9M4D31M2D94M
115	4472	0.553	1.855E-103	0	919	924	0	981	982	277M1I16M3D38M7D8M5D39M3D22M10D18M3D69M5D43M6D16M2D233M2I7M18D36M3D95M
33	4422	0.527	2.717E-102	0	923	924	0	967	970	277M1I49M1D17M9D12M1I17M2D41M16D28M2D87M6D228M1I17M8D10M7D26M1D101M5I6M
61	4389	0.523	1.599E-101	0	920	924	0	932	933	277M1I62M1D18M10D16M2D54M5I58M2I20M5I10M3I230M1I14M9D13M6D37M1D95M
59	4389	0.540	1.599E-101	0	921	924	0	981	982	6M1D259M10I1M9D18M3D42M12D45M3D29M2D9M15D11M1I34M4D17M5D16M1D14M10D26M4D185M1I98M1D11M1D82M1D7M
112	4384	0.513	2.091E-101	0	920	924	0	970	971	277M1I62M1D18M10D27M2D30M2D17M7D21M8D77M6D228M1I16M9D14M6D28M1D104M
38	4371	0.520	4.203E-101	0	920	924	0	968	969	277M1I62M1D18M10D23M2D22M2D52M13D70M6D236M1I13M14D6M2D11M1I23M1D105M
105	4361	0.532	7.191E-101	0	920	924	0	962	963	277M1I62M1D4M11D12M1I27M2D26M1D22M12D39M1D14M2D45M6D231M1I13M8D37M1D109M
31	4360	0.519	7.588E-101	0	920	924	0	969	970	277M1I51M1I11M2D25M8D8M2D26M11D32M3D40M4D58M6D228M1I27M15D29M1D106M
111	4358	0.531	8.448E-101	0	920	924	0	937	938	277M1I57M1D23M10D23M2D14M3I21M7I42M5I57M6D231M1I17M7D13M7D24M1D105M
30	4355	0.512	9.925E-101	0	920	924	0	971	972	277M1I62M1D18M10D16M2D36M1I50M16D24M2D32M2D5M4D23M1D213M1I16M10D14M5D26M1D106M
39	4348	0.515	1.445E-100	0	920	924	0	964	965	268M2I10M1D57M1D21M10D16M2D36M1D41M2I8M17D26M1D7M2D267M1I29M14D130M
25	4346	0.519	1.609E-100	0	920	924	0	969	970	277M1I62M1D18M8D16M2D83M18D73M6D228M1I21M1I12M16D22M1D106M
62	4345	0.520	1.698E-100	0	920	924	0	930	931	268M2I10M1D49M1I11M2D18M10D15M2D52M16D1M18I43M7I20M3I10M3I230M1I29M14D130M
15	4342	0.526	1.995E-100	0	918	924	36	982	983	273M1I36M1I28M1I16M7D23M3D18M8D18M3D21M9I10M11D25M13I16M2D13M3D30M2D169M1I39M1I14M3D13M12D32M1D98M
119	4335	0.514	2.905E-100	0	920	924	0	967	968	277M1I62M1D18M10D52M1D9M3D36M13D75M6D231M1I29M14D24M1D106M
72	4334	0.524	3.065E-100	0	919	924	0	957	958	277M1I61M3D5M8D12M1I25M2D14M3D24M2I32M8D25M8D55M1I188M1I37M1I14M8D17M5D12M1I23M1D91M
85	4334	0.519	3.065E-100	0	920	924	0	969	970	277M1I62M1D4M9D12M1I27M2D69M1I9M15D13M4D54M6D228M1I16M8D11M7D29M1D106M
24	4328	0.513	4.231E-100	0	923	924	0	967	970	277M1I49M1D40M8D7M2D36M1D45M16D12M1D63M6D228M1I17M8D10M7D29M1D98M5I6M
86	4326	0.523	4.710E-100	0	920	924	0	969	970	277M1I62M1D18M8D16M2D43M2D15M8D6M8D92M6D228M1I16M8D11M7D29M1D106M
28	4324	0.524	5.244E-100	0	920	924	0	970	971	277M1I62M1D4M9D30M2D26M11D53M7D77M6D228M1I21M1I12M16D22M1D106M
6	4320	0.523	6.501E-100	0	920	924	0	969	970	277M1I49M1D31M8D16M2D39M2D19M8D6M8D92M6D228M1I21M1I12M16D21M1D107M
127	4313	0.523	9.468E-100	0	919	924	43	1012	1013	277M1I68M11D10M1I25M2D14M3D22M15D12M1I24M3D24M8D244M1I37M1I16M7D12M6D15M1I23M1D91M
118	4311	0.525	1.054E-99	0	923	924	0	977	978	277M1I87M10D17M2D37M18D19M1I29M4D8M1D71M6D172M1I20M2D21M1I17M4D8M1D12M6D6M7D11M1D100M4I4M
27	4309	0.521	1.174E-99	0	920	924	0	969	970	277M1I62M1D18M8D16M2D26M6D11M5D42M7D77M6D228M1I16M8D18M7D22M1D106M
29	4308	0.513	1.238E-99	0	920	924	0	969	970	277M1I51M1I11M2D26M8D7M2D79M18D77M6D228M1I21M1I12M16D22M1D106M
34	4306	0.518	1.379E-99	0	920	924	0	969	970	277M1I62M1D25M8D9M2D43M2D15M8D6M8D92M6D228M1I16M8D11M7D29M1D106M
16	4305	0.539	1.455E-99	0	918	924	34	977	978	277M1I32M1I23M8D22M1I22M3D18M8D18M3D76M7I25M1I13M2D184M1I39M1I24M15D34M1I98M
22	4302	0.514	1.709E-99	0	920	924	0	957	958	277M1I80M8D26M2D21M4D41M19D44M6I49M3I209M1I17M2D9M12D28M1D109M
26	4298	0.519	2.119E-99	0	920	924	0	969	970	277M1I62M1D20M8D14M2D36M1D8M10D35M7D77M6D228M1I21M1I12M16D22M1D106M
64	4296	0.509	2.359E-99	0	920	924	0	967	968	277M1I63M1D24M10D9M2D55M13D68M1D33M6D231M1I13M8D17M7D36M1D93M
107	4296	0.509	2.359E-99	0	920	924	0	968	969	277M1I49M1D31M8D18M2D34M2D27M2D19M17D12M3I59M6D222M1I33M15D135M
75	4293	0.521	2.771E-99	0	920	924	0	969	970	277M1I62M1D20M10D24M2D16M11D32M3D23M4D30M1I8M1I35M6D231M1I14M3D2M2D11M10D37M1D95M
106	4292	0.519	2.924E-99	0	920	924	0	969	970	277M1I62M1D20M8D14M2D44M4D35M14D59M8D12M2I231M1I17M8D11M7D29M1D106M
67	4291	0.524	3.086E-99	5	923	924	6	963	964	272M1I80M10D16M2D59M4D23M9D29M2D20M5D26M1D230M1I32M10D24M1D98M3I5M
53	4283	0.524	4.741E-99	0	920	924	0	963	964	277M1I62M1D19M10D15M2D26M11D45M2D4M8D22M5I11M1D23M1I250M1I14M8D16M7D21M1D108M
131	4278	0.512	6.202E-99	0	920	924	0	895	896	277M1I62M1D18M10D16M2D44M26I8M19I20M3I13M11D8M18I228M1I14M6I25M24D21M1D93M
5	4269	0.521	1.006E-98	0	920	924	0	969	970	277M1I62M1D18M8D16M2D26M11D53M7D77M6D228M1I21M1I12M16D22M1D106M
94	4261	0.504	1.545E-98	0	920	924	0	923	924	277M1I65M11D13M1I18M1D52M12D19M1I19M3I13M14I25M10I227M1I16M13D21M1D29M4I92M
108	4250	0.517	2.790E-98	0	920	924	0	927	928	277M1I53M7D8M4D17M1I18M1D28M1D7M2I17M8D26M9I9M3I34M8I240M1I17M9D16M5D33M3I93M
102	4184	0.486	9.656E-97	0	923	924	0	963	964	268M5I7M4D85M10D9M2D35M1D24M6D23M3D38M6D264M1I20M16D39M1D98M3I5M
65	4135	0.512	1.342E-95	7	923	924	2	878	879	270M1I23M2D40M12D39M2D34M21D38M4I10M13I32M7I203M1I38M50I105M1I8M
60	4118	0.502	3.342E-95	5	923	924	1	993	994	10M2D16M8D6M5D228M10I1M9D29M3D34M9D3M1D32M3D36M17D26M1I28M4D17M5D19M1D12M10D11M4I24M5D169M1I53M3I22M10D22M1D11M1D82M1I8M
73	4117	0.524	3.527E-95	23	919	924	2	932	933	254M1I49M1D29M9D18M1D9M1D38M1D36M7D34M2I27M1D9M2D190M1I40M2I24M16D42M1D92M
68	4066	0.509	5.455E-94	2	919	924	7	900	901	9M10I7M2I247M1I62M2D5M10D11M1I25M2D14M3I31M7I31M11I54M15I175M1I37M1I16M7D12M6D39M1D91M
74	4010	0.518	1.104E-92	7	908	924	1	924	926	270M1I59M6D9M4D10M1I25M2D13M3I25M1D8M5D26M14D30M2I14M6I8M1I12M2I192M2I31M2I19M10D18M2I10M1I11M1D75M2D14M
80	3956	0.506	2.006E-91	42	919	924	1	930	931	235M1I88M2D4M11D12M1I13M2D3M1D19M15D18M1I25M3D17M8D55M1D189M1I37M1I14M8D17M5D36M1D91M
104	3955	0.497	2.116E-91	0	920	924	0	937	938	44M32I201M1I49M1D17M9D12M1I17M2D43M2D15M12D36M4D62M6D228M1I27M3D6M12D24M1D105M
32	3936	0.504	5.871E-91	42	920	924	1	928	929	235M1I62M1D30M8D4M2D83M18D73M6D228M1I21M1I12M16D21M1D107M
84	3887	0.512	8.156E-90	47	919	924	0	928	929	230M1I68M11D10M1I25M2D14M10D19M8D21M1I26M3D16M5D14M3D33M2D6M4D191M1I37M1I17M13D141M
117	3780	0.392	2.553E-87	0	923	924	0	998	1003	5M2D261M3D11M3I16M5I26M6D48M2D23M1D45M7D37M1D41M9D26M1D89M1D126M1D30M5D25M7D16M37D91M
128	3769	0.409	4.608E-87	5	921	924	6	875	876	262M6D11M4I18M20I10M2I19M11I47M3I18M2I54M8I14M9D7M25I87M1I8M2D150M7D12M3D34M2D90M
92	3666	0.381	1.163E-84	5	923	924	1	1083	1084	275M3D28M22D52M2D86M5D4M9D31M1D7M5D9M2D18M20D3M2D5M7D16M6D96M2D126M1I10M48D33M15D13M17D14M3D85M4I3M
122	3551	0.353	5.594E-82	7	923	924	6	972	1001	261M6I49M17I20M29D83M2I26M1I18M4I35M7I16M4I79M1D117M1D25M4D15M5D7M36D9M19D17M1D76M5I18M
110	3518	0.482	3.291E-81	90	920	924	0	879	880	187M1I62M1D18M8D16M2D87M9D27M9D42M6D228M1I27M15D29M1D106M
8	3454	0.375	1.023E-79	0	922	924	0	1015	1016	5M2D262M2D49M18D17M5D30M5D8M4D49M1I29M12D7M1D23M7D58M2I97M2D138M2I13M3D18M6D9M13D9M1D9M17D88M
101	3436	0.374	2.690E-79	5	919	924	20	935	936	261M7I19M3I20M1I13M5I28M1D47M5I8M2I37M1I17M1I71M2D5M5D61M2D104M11D84M6D31M1I83M
103	3409	0.432	1.147E-78	26	919	924	0	885	886	49M4I19M7I160M9I3M2D5M1D23M2D32M3I80M2I43M16D22M9I43M5I88M2D141M6D33M2D114M
18	3369	0.325	9.826E-78	5	916	924	1	1245	1248	272M4D16M2D15M32D31M2D75M17D30M8D24M3D30M2D14M1D15M17D25M8D68M1I14M1D126M1I22M223D2M8D11M1D37M6D83M
81	3351	0.492	2.583E-77	39	832	924	7	819	885	238M1I62M1D18M10D18M2D19M5D13M9D122M6D231M1I14M6I4M6I41M
126	3317	0.353	1.604E-76	6	914	924	10	806	808	96M2I162M2D12M4I28M19I14M41I26M2I31M52I26M12I3M1D16M8D133M1I37M2I27M4I18M1D39M7D6M4D16M6D37M2I41M
100	3311	0.351	2.213E-76	0	923	924	0	800	806	3M1I262M11I59M19I18M18I16M14I35M13I22M2I17M44I80M1D2M1D81M2D4M5I2M5D31M2D20M3I15M5I26M1D8M1I49M1D38M
98	3280	0.348	1.170E-75	1	921	924	9	775	776	105M1D160M3D9M3D15M9I15M6I9M65I13M8I32M47I8M1I10M9I21M1I10M2I62M2I14M1D2M1D74M1I9M6I35M2I12M7I8M1I33M2I45M2D22M4D29M
91	3275	0.364	1.530E-75	0	921	924	3	787	788	4M1D101M1D161M6D14M3I13M11I12M11I13M11I34M2I8M18I18M1D19M5I6M55I9M18I7M2I63M2I8M1D8M1D81M3I3M3I35M2I15M3I47M2I6M3I34M2D17M4D32M
114	3249	0.370	6.181E-75	5	916	924	5	926	929	215M1D45M10I8M4D9M3I31M2I78M4D23M9D30M4D28M1D28M5I95M2D87M5I11M3D73M1I12M5D33M3D80M
124	3218	0.366	3.266E-74	5	910	924	1	708	713	259M16D19M37I7M50I4M30I6M9I16M9D9M25I12M8I10M32I11M7I39M1D23M1I17M2D82M1I33M4I5M2D19M11I31M13I40M1D6M1I29M
97	3195	0.350	1.123E-73	1	923	924	22	780	786	105M1D160M4D15M28I10M27I8M8I14M23I8M15I30M3I9M32I33M3I17M7I61M3I14M1D2M1D84M6I35M2I12M3I6M4I25M3I58M1D16M2D23M7I4M
7	3158	0.337	8.192E-73	0	923	924	0	822	857	3M3D100M1D162M6I20M2I47M3I18M14I12M1I7M4I28M4I21M31I23M38I9M2I39M2D43M3D46M2I17M1D20M6I34M2I11M7I33M5D20M4D36M2D53M
0	3123	0.347	5.366E-72	0	921	924	8	753	754	106M1D160M3D8M3D16M15I25M55I7M4I12M3I7M43I5M50I32M1D6M2I62M3I13M1D2M1D77M1D7M6I35M2I14M1D23M8I30M1I30M2D21M2D32M
96	3122	0.326	5.662E-72	5	923	924	38	944	948	30M5I227M4D46M1I17M11I20M1D25M8I10M6I18M3I26M37D13M1D19M3I16M8I21M2D18M1D60M4I17M2D49M1I32M1I61M1I13M7I36M1I85M
120	3118	0.361	7.019E-72	2	921	924	4	763	764	102M2I171M7I8M15I13M15I24M17I16M7I10M7I12M9I5M7I23M10I3M10I10M7D10M3I8M18I9M4I33M2D39M1D7M1D47M2I18M1D45M6I21M8I2M26I19M1I7M1I32M1I44M4D6M
95	3115	0.354	8.246E-72	5	923	924	1	718	720	97M2I173M7I8M15I3M30I18M21I16M4I9M3I9M7I12M8I23M70I16M2I32M2D44M2D49M2I18M1D51M6I16M11I36M16I32M1I38M1I13M
10	3111	0.336	1.022E-71	0	921	924	21	783	784	106M1D160M3D9M2D14M103I18M1I34M15I18M1I22M8I20M15I5M7I62M2I14M3D1M1I84M6I37M2I12M7I18M1I33M3I32M2D21M2D30M
40	3096	0.338	2.287E-71	0	923	924	1	764	776	104M1D162M11I12M6D9M3D20M21I4M14I8M17I13M5I4M4I4M4I5M70I3M14I4M8I12M4I17M2I39M2D37M3D4M1I47M2I18M1D13M3I2M4I24M3I123M2D40M9D9M
1	3082	0.332	4.851E-71	0	923	924	0	776	787	267M6I10M58I6M3I8M33I9M29I22M4I28M1I3M10I13M10I9M10I12M1I1M1I26M1D13M2D40M1D3M1D49M2I16M2D14M2I9M1D12M4I13M1I6M3I71M1I32M1D4M2D9M7D6M8D2M3D18M3D14M
89	3072	0.346	8.300E-71	3	923	924	5	765	777	101M1D161M7I28M5D17M39I3M44I9M5I3M20I6M50I28M1D8M4I17M2I39M2D37M3D4M1I49M2I16M1D13M3I2M4I27M3I20M4I14M4D82M2D40M9D9M
20	3062	0.331	1.420E-70	4	923	924	6	754	772	261M7I14M40I2M4D15M25I8M4I8M10I17M83I12M2I40M3I39M2D36M3D5M1I47M2I17M1D18M7I22M3I120M2D43M4D9M
87	3052	0.331	2.430E-70	3	923	924	5	753	770	98M1D168M8D22M9I26M11I13M47I2M1I16M8I12M3I4M50I9M46I5M2I39M2D42M2D47M2I17M1D16M7I27M3I21M6I4M4I45M6D36M2D43M5D10M
88	3038	0.333	5.153E-70	3	923	924	5	752	770	262M7I15M58I13M5I12M5I22M2I10M25I14M68I17M1D14M3I39M2D37M3D4M1I49M2I12M1D19M7I24M3I22M1I12M1D88M2D40M4D9M
14	3030	0.360	7.918E-70	3	916	924	83	885	886	108M24I5M4I70M1D65M2I9M2I10M7I16M1I7M9I7M7I34M2D42M6I42M4I39M11I16M6I75M1D5M1D127M2I36M31I85M
63	3026	0.330	9.815E-70	3	923	924	5	766	778	98M1D167M6I27M5D22M15I2M57I21M28I8M3I9M28I7M6I8M21I17M2I39M2D43M2D46M2I17M1D16M7I24M3I24M6I45M2D44M2D43M10D10M
37	3020	0.329	1.355E-69	2	922	924	0	810	829	13M2D144M1I107M6D10M7I12M11I11M9I4M15I5M1I31M18D19M19I14M15I15M18I17M22I29M2D1M5I37M2D40M1D2M1D49M2I16M1D13M1I11M2I22M4I19M2I7M8I13M1I67M2D36M2I12M
125	2980	0.327	1.161E-68	5	909	924	27	805	813	262M2D29M13I11M15I25M17I5M18D10M30I17M6I30M18I18M10I31M6I61M13I130M2I22M2D17M11I9M3I10M4I70M
2	2973	0.335	1.690E-68	4	920	924	9	780	781	102M1I54M1I104M36I17M1I32M3I13M9I11M1I14M7I10M12I36M14I4M21I3M34I7M5I35M1D43M3D49M1D11M1D6M4D65M4D8M28I11M1I9M5D16M1I32M3D11M5D12M3D27M
36	2958	0.333	3.783E-68	2	922	924	0	810	829	12M2D145M1I107M6D10M7I12M11I11M9I4M15I5M1I31M18D19M19I15M20I9M13I7M9I9M11I6M2I7M1I23M2I39M2D40M1D2M1D49M2I16M1D13M1I11M2I22M4I19M2I7M8I13M1I64M4D4M2I33M2I12M
21	2717	0.353	1.579E-62	3	789	924	2	719	745	211M1D51M1I15M1D9M10I15M21I7M7I15M9I46M4I21M20I88M2I81M2D72M1I10M1I33M4I20M7D13M
123	2679	0.436	1.215E-61	44	738	924	0	713	715	221M8I42M6I11M1I40M5D43M5D6M1D17M1D20M21D5M1D21M1D29M4I186M1D21M2D14M
12	2563	0.340	6.167E-59	4	826	924	1	674	675	263M3I20M16I7M27I27M16I13M2I10M3I3M10I44M28I15M3I10M16I9M2I2M2I28M1I6M2D35M1D7M1I4M2I45M2I17M1D13M5I5M1I27M8I2M2D12M7I44M
121	2542	0.322	1.905E-58	11	802	924	1	618	619	255M6D31M37I6M14I5M21I23M6I3M11D6M21I3M2I5M4D16M87I3M1D25M1D11M2D44M2D50M2I16M2D14M2I9M3I21M4I20M4I23M
9	2342	0.284	8.796E-54	1	923	924	3	626	639	100M1D168M7I18M131I6M64I14M25I14M8D8M5I3M26I3M45I45M2I17M1D14M2I4M5I25M3I19M10I28M5D22M1D37M2D44M8D9M
11	2168	0.314	1.005E-49	0	787	924	0	579	596	40M27I2M5I193M6I8M3D40M5I33M32I14M26I10M97I12M5I25M1D10M2D41M1D5M1D49M2I16M2D14M2I8M3I22M4I22M4I6M
19	1943	0.226	1.778E-44	5	923	924	12	732	735	26M1D20M2D40M1I11M1I44M1D11M5D6M8D18M1I3M3D27M2D8M3I8M3D32M5D14M99I7M27I15M6I9M12I14M1I22M2I8M17I7M23I5M4I12M2D6M2D46M1I14M1D5M2D79M3D3M1D35M1I6M2I4M1D6M6I4M2I52M25I16M1D8M1I6M6I21M
90	1404	0.164	6.614E-32	0	916	924	0	696	697	33M1I13M5I53M1I41M5D16M1I21M1I21M1D6M13I4M1I36M5D5M17D13M62I13M5I5M22I11M19I8M2I18M42I10M17I6M31I33M2I5M1I3M2D10M1D22M5D41M2D2M2D6M3I18M2D19M14I22M22I55M1D8M1I4M1I10M1D12M1D11M1D14M1D22M
4	1281	0.170	4.888E-29	0	914	924	0	686	688	4M1I43M4I53M1I38M3D5M2D14M1I22M1I20M1D8M13I4M4D37M5I8M60I26M16I31M7I12M4I18M3I6M3I1M19I27M23I16M7I30M3I14M3D2M1D8M2I7M2D1M6D4M3I3M2I4M5D31M4D8M3I16M2D16M1I7M7I6M4I7M2I13M65I6M1D2M3I7M3I2M2I14M3D25M3D21M
129	1170	0.164	1.896E-26	10	907	924	0	646	656	23M1I9M35I3M2D4M1D20M1I41M5D16M1I18M1I27M16I5M3D52M30I6M63I2M14D34M31I18M69I17M8I2M5D26M2I5M1I7M2D6M1D8M1D7M3D14M1D33M1D2M3D9M3I16M2D20M7I7M11I22M13I57M3D7M4I3M2I3M2I14M1D5M1D14M1D15M
99	965	0.186	1.145E-21	5	638	924	17	449	450	28M1I12M4I1M1I50M1I41M3D3M1D14M1I23M1I36M10I35M9D19M58I8M47I5M23I21M43I9M21I27M8I38M3I9M3D4M1D6M1D19M3D4M
17	776	0.171	2.930E-17	9	844	924	3	885	985	22M2I15M4I12M1D11M1I4M1D25M1I42M3D21M9D19M1I18M12D7M3D5M1I11M9D30M2I12M11D4M3D72M38D27M9D20M2D19M11D19M4D28M6D23M5D14M3D21M1D9M15D19M7I24M6I9M18I18M1D11M3D3M8D17M57I6M3I8M2D27M6I6M4I65M
93	658	0.145	1.655E-14	11	665	924	13	802	803	34M4I8M3I33M1I12M1I38M4D2M3D16M2I4M1I13M2D29M4I6M2I6M20D31M2I8M2D111M100D41M4D28M1I14M14D37M11D13M11D7M1D36M5D15M3I5M8I9M15I11M7D22M2I17M
 23	6735	1.00	0.000E+00	0	934	935	0	934	935	935M
42	5877	0.858	0.000E+00	0	934	935	0	932	933	298M1I261M1I374M
78	5575	0.790	0.000E+00	0	934	935	0	939	940	348M6D163M5I25M2D20M2D374M
66	5566	0.806	0.000E+00	0	934	935	0	922	923	82M1D264M8I159M3I41M2I376M
48	5019	0.688	0.000E+00	0	934	935	0	898	899	267M10D2M10I16M1I52M3D38M3I15M1D37M1I10M1I25M4I39M5I5M15I13M2D237M11I37M1I90M
83	5000	0.705	0.000E+00	7	934	935	32	946	947	261M10D3M10I67M2D38M2D14M1D40M1D13M1D73M7I9M4I13M2D231M7I7M4I127M
109	4981	0.679	0.000E+00	0	932	935	0	913	915	294M1D51M7D36M1D22M1D7M4I26M1D12M1D24M1D29M5I8M3I16M4I17M1I225M6I15M3I31M6I88M
54	4951	0.691	0.000E+00	0	934	935	0	918	923	294M1D51M9D41M1I16M1D7M4I38M1D18M7I28M1I12M2I23M3I10M2D2M2I224M6I16M2I31M2I94M
79	4949	0.776	0.000E+00	53	934	935	1	888	889	295M6D166M5I23M2D17M3D376M
51	4940	0.691	0.000E+00	0	933	935	0	925	932	294M1D53M5D34M1D22M1D7M4I38M1D76M1I7M2I18M2D2M2I231M1I7M7I33M2I93M
69	4899	0.677	0.000E+00	0	934	935	0	919	924	294M1D50M3I34M1I32M3I27M3D31M1D58M5I21M2D224M4D13M12I31M2I94M
41	4898	0.680	0.000E+00	0	932	935	0	917	924	295M2I50M6D40M1D15M1D10M5I36M1D49M4D5M1D14M2I8M4I9M3I9M2D2M2I219M3I17M8I32M2I92M
82	4893	0.683	0.000E+00	5	934	935	30	946	947	2M1D260M10D2M10I15M2D54M3D38M2D18M1D37M1D12M1D62M12I29M1D2M2I233M7I6M4I125M
77	4881	0.676	0.000E+00	0	934	935	0	917	925	294M1D63M8D45M1D9M4I32M3D14M1I47M11I12M4I23M2D220M2I18M8I37M2I89M
43	4872	0.690	0.000E+00	0	934	935	0	926	931	296M1D49M7D69M3I24M1D11M1D66M3I16M2I17M2D2M2I231M1I7M7I33M2I94M
57	4871	0.676	0.000E+00	0	933	935	0	924	931	345M8D31M1D27M1D10M4I6M1D17M3D16M1I48M4I27M3I19M1I232M1I7M7I33M2I93M
113	4869	0.681	0.000E+00	0	932	935	0	907	915	294M1D50M1D32M1D24M1D9M4I28M1D11M1D18M4I34M1I10M3I22M4I11M2D225M4I11M7I33M6I88M
71	4857	0.682	0.000E+00	4	932	935	16	927	934	290M1D51M8D41M1I16M1D7M4I38M1D18M7I28M1I12M2I16M2I20M1I225M6I16M2I31M2I92M
76	4855	0.691	0.000E+00	0	934	935	0	920	925	294M1D51M6D58M1D8M4I25M1D12M1D53M5I8M3I16M4I18M2D241M8I31M2I94M
50	4849	0.682	0.000E+00	0	933	935	0	902	906	294M1D54M7D38M1I16M1D7M4I17M19I55M1I12M2I33M1I4M2I222M6I18M2I31M2I93M
56	4845	0.678	0.000E+00	0	934	935	0	926	931	267M2I1M9D2M7I15M1D34M1I19M6D27M1D27M1D8M4I23M1D18M1D33M1I52M3I12M2D2M2I219M1I17M7I35M2I94M
46	4834	0.669	0.000E+00	0	932	935	0	918	926	268M5D12M5I9M1D53M5D34M1D22M1D7M4I17M13I84M1I7M2I18M2D2M2I227M5I7M7I33M2I64M12D28M
45	4824	0.688	0.000E+00	0	934	935	0	922	927	294M1D51M8D41M1I16M1D7M4I22M2D41M3I25M1I12M2I23M3I10M2D2M2I224M6I16M2I31M2I94M
35	4807	0.678	0.000E+00	0	934	935	0	925	929	268M5D9M5I12M1D42M1D12M7D66M3I19M2I14M1D23M3I30M2D10M3I16M2I17M2D2M2I237M7I35M2I92M1D2M
52	4806	0.657	0.000E+00	0	934	935	0	903	913	267M2I1M9D2M7I15M1D53M3D28M1D35M3I29M2I26M4I8M2I19M4I13M9I7M2I18M2D2M2I239M8I32M2I94M
44	4804	0.672	0.000E+00	0	934	935	0	881	886	294M1D34M1I13M9I26M1D26M1D7M4I38M1D18M4I7M21I8M3I7M7I17M2I14M4D225M6I15M2I31M2I94M
13	4781	0.668	0.000E+00	0	934	935	0	889	894	267M2I1M9D2M7I15M1D51M2D35M1D22M1D8M7I20M8I17M7I19M1I27M6I11M13I13M2D240M8I32M2I94M
3	4751	0.667	0.000E+00	0	934	935	0	881	882	267M5D10M5I12M1D34M1I13M9I36M1D16M1D7M4I38M1D18M4I8M2I18M5I7M8I11M11I9M1I4M2I225M6I15M2I31M2I94M
130	4746	0.636	0.000E+00	0	934	935	0	982	983	279M1I18M4D32M1D14M8D38M2D16M8D23M6D20M1D13M1D23M2D10M3D4M2D13M5D31M2I23M2D232M6D143M
70	4736	0.648	0.000E+00	0	934	935	0	853	858	305M16D3M15I8M17I38M1I16M1D7M4I21M45I25M1I12M2I16M2I18M1D2M2I224M6I16M2I31M2I94M
49	4717	0.667	0.000E+00	0	934	935	0	857	862	267M2I1M9D2M7I15M1D34M1I13M9I36M1D16M1D7M4I19M10I3M13I11M4I8M2I18M5I7M8I11M11I9M1I4M2I219M1I7M5I14M2I31M2I94M
116	4667	0.671	0.000E+00	0	933	935	0	890	893	294M1D61M1I30M3I11M1D11M4I42M2D13M4I7M2I13M13I10M3I23M1I12M1I231M7I7M4I17M1D14M6I21M1D68M
58	4653	0.667	0.000E+00	0	934	935	0	884	889	294M1D51M8D41M1I16M1D4M29I34M7I28M1I12M2I16M5I18M2D215M13I19M2I31M2I94M
47	4519	0.634	0.000E+00	0	931	935	0	811	820	267M2I5M6D6M4I10M1D51M4D65M8I3M7I10M25I11M13I20M39I12M1I234M4I7M4I12M24I88M
55	4383	0.611	1.980E-102	0	934	935	0	888	893	112M1I181M1D51M8D18M2I12M1D27M1D6M4I38M13I11D19M4I17M8I21M4D14M3D11M2D92M1I48M1I44M32I9M1I12M7I38M2I53M1I35M
115	4365	0.544	5.256E-102	0	934	935	0	981	982	266M5D35M2I57M9D29M2D9M5D14M5D32M1I17M4D35M2D59M1I4M10D236M2D10M6D23M1D105M
72	4337	0.525	2.401E-101	0	934	935	0	957	958	279M1I14M1D46M3D3M3D12M1D33M1D47M2D10M1I11M8D52M1D51M4D167M1I37M1I23M5D29M1I13M1I102M
25	4326	0.521	4.361E-101	0	934	935	0	968	970	279M1I22M1D26M6D56M1D20M2I61M13D21M1I25M4D47M8D206M1I11M6D20M1D45M1I90M
112	4321	0.510	5.720E-101	0	930	935	0	965	971	279M1I22M1D30M1D11M7D41M1D14M2D19M6D16M1I23M2I3M6D18M2I62M4D17M8D207M1I23M5D24M2D30M1I84M
38	4319	0.517	6.375E-101	0	930	935	0	963	969	279M1I22M1D30M1D11M7D41M1D40M4I37M13D26M2I11M3I34M7D20M8D206M1I26M6D10M1D40M1I86M
6	4319	0.521	6.375E-101	0	930	935	0	964	970	279M1I22M1D26M6D56M1D15M5D19M8D37M1D101M10D2M2I207M1I23M7D53M1I86M
33	4318	0.520	6.731E-101	0	929	935	0	963	970	279M1I22M1D26M6D56M1D33M13D19M1D88M1D32M9D2M2I207M1I15M5D5M2D56M1I85M
30	4308	0.513	1.158E-100	0	930	935	0	966	972	279M1I22M1D36M9D19M1I26M1D19M2I47M1D12M18D40M4I48M11D2M2I208M1I22M7D53M1I86M
118	4308	0.533	1.158E-100	0	934	935	0	977	978	279M1I14M1D63M7D32M1D12M7D12M8D17M2I13M4D14M3D11M1D10M3I49M1D24M9D2M2I169M1I15M2D19M1I16M7D39M3D24M1I90M
59	4298	0.539	1.992E-100	0	934	935	0	978	982	6M1D273M1I13M4D36M9D53M2D21M2D8M12D29M1D15M1D4M4D17M1D8M5D20M3I18M6D35M9D167M1I54M7I16M1I129M
22	4291	0.508	2.912E-100	0	930	935	0	952	958	278M1D2M2I20M1D38M3D14M2D30M1D72M17D71M4I28M1I207M1I11M6D65M1I86M
111	4287	0.533	3.618E-100	0	930	935	0	932	938	279M1I22M1D30M6D8M2D44M1D19M12I41M4I21M1I37M3D41M3D207M1I23M6D53M1I86M
5	4287	0.524	3.618E-100	0	934	935	0	968	970	279M1I22M1D26M6D56M1D22M7D55M4D27M1I25M4D42M10D2M2I207M1I11M6D20M1D45M1I90M
127	4286	0.528	3.820E-100	0	934	935	43	1012	1013	279M1I14M1D61M7D33M1D10M2D4M5D18M9D35M1D3M3D65M2D37M4D167M1I36M1I19M6D20M1I13M1I13M1I102M
107	4284	0.509	4.257E-100	0	930	935	0	965	969	279M1I22M1D30M1D8M3D14M2D30M1D19M2D14M11D33M19D34M5I36M4I30M1I207M1I25M7D25M1I27M1I81M2D3M
28	4280	0.525	5.289E-100	0	934	935	0	969	971	279M1I22M1D26M1D13M6D43M1D20M2I36M7D20M6D26M3D68M10D2M2I207M1I11M6D34M1D31M1I90M
67	4275	0.512	6.937E-100	5	934	935	6	962	964	263M1I25M1D49M7D41M1D20M1D27M1D31M7D23M1I17M4I26M7D23M10D2M2I205M1I36M2D44M1I88M
39	4275	0.506	6.937E-100	0	934	935	0	963	965	279M1I22M1D30M7D23M1D29M1D19M2I59M19D92M2D2M2I207M1I34M6D29M2I102M
105	4269	0.517	9.606E-100	0	934	935	0	961	963	279M1I22M1D58M8D24M1D17M9D9M3D42M1D101M5D6M2D208M1I76M1I90M
29	4268	0.518	1.014E-99	0	934	935	0	968	970	279M1I22M1D30M6D52M1D20M2I56M13D33M3D61M10D2M2I207M1I23M7D53M1I90M
61	4267	0.525	1.071E-99	0	934	935	0	931	933	279M1I22M1D24M1D17M7D41M1D19M3I35M3I13M3I35M2I5M1I22M4I30M1I207M1I23M7D53M1I90M
31	4266	0.522	1.130E-99	0	934	935	0	968	970	279M1I22M1D30M6D52M1D20M2I36M9D32M3D40M4D42M10D2M2I207M1I16M6D15M1D45M1I90M
86	4261	0.516	1.483E-99	0	930	935	0	964	970	279M1I22M1D26M1D15M5D41M1D19M2I37M9D92M8D5M1I16M10D2M2I207M1I11M8D17M1I47M1I86M
27	4260	0.518	1.565E-99	0	934	935	0	968	970	279M1I22M1D26M6D56M1D20M3I16M1D44M9D7M3D40M4D42M10D2M2I207M1I38M7D38M1I90M
85	4256	0.520	1.945E-99	0	930	935	0	964	970	279M1I22M1D26M1D19M4D8M1D29M1D19M2I62M13D21M3D68M10D2M2I207M1I34M7D42M1I86M
26	4246	0.518	3.345E-99	0	933	935	0	967	970	279M1I22M1D26M6D56M1D33M7D44M4D27M1I25M4D42M10D2M2I207M1I23M7D53M1I89M
24	4241	0.520	4.388E-99	0	929	935	0	963	970	279M1I22M1D26M6D56M1D19M2I47M1D10M12D73M4D21M9D2M2I207M1I34M7D42M1I85M
108	4240	0.510	4.633E-99	0	930	935	0	922	928	279M1I22M1D34M8D17M1I46M5I26M8I4M10D27M1I32M4I24M6I22M1I208M1I22M5D22M1D18M2I9M4I3M1D82M
34	4237	0.516	5.451E-99	0	934	935	0	968	970	279M1I22M1D26M1D15M5D41M1D14M7D63M4D27M1I53M4D14M2I3M10D206M1I16M8D12M1I47M1I90M
62	4232	0.513	7.150E-99	0	934	935	0	929	931	279M1I22M1D30M7D23M1D29M1D14M9I5M1I19M6I7M18D12M4I37M10I42M4I4M1I208M1I17M9I14M15D23M2I102M
119	4219	0.505	1.447E-98	0	934	935	0	966	968	279M1I22M1D30M1D11M7D44M1I15M2I35M6I23M15D26M1D7M1D40M4D14M10D2M2I207M1I27M15D9M9I31M1I90M
106	4215	0.515	1.798E-98	0	934	935	0	968	970	279M1I22M1D26M6D56M1D19M5I19M3D37M13D24M1I34M5D16M1I16M10D2M2I207M1I34M7D42M1I90M
16	4213	0.536	2.004E-98	0	933	935	34	977	978	279M1I59M5D16M1I25M2D36M8D44M3D15M1D50M1I5M6I20M2I167M1I40M1I10M7D56M2I8M1I88M
53	4206	0.517	2.930E-98	0	930	935	0	958	964	277M2D3M3I19M1D24M6D12M3D19M1I26M1D19M2D16M2D43M7D26M1I51M2D19M2D208M1I15M5D8M2D53M1I86M
64	4204	0.504	3.266E-98	0	930	935	0	962	968	279M1I22M1D36M9D15M1I30M1D19M3D31M3D24M9D28M8D39M4I30M1I207M1I23M7D53M1I86M
75	4202	0.509	3.640E-98	0	934	935	0	968	970	279M1I22M1D60M8D23M1D18M2D15M11D37M1D4M3I29M1D65M10D2M2I208M1I14M5D19M2D42M1I90M
15	4201	0.529	3.843E-98	0	933	935	36	982	983	279M1I45M4D30M1I25M2D36M6D4M2D9M2I26M7D18M1D67M9I175M1I40M1I10M7D72M1I82M
131	4182	0.517	1.077E-97	0	934	935	0	894	896	279M1I22M1D24M1D17M7D41M1D19M12I9M9I20M8I13M7I17M10D8M2I14M28I9M1I207M1I22M2D7M1D22M7D25M1I90M
94	4176	0.500	1.492E-97	0	934	935	0	922	924	279M1I22M1D38M4D14M3D49M3I21M11I6M12D11M3I13M1I31M5I23M6I22M1I206M1I54M1I7M4I17M5D85M
73	4174	0.530	1.663E-97	23	934	935	2	932	933	256M1I13M1D46M3D4M4D46M1D12M1D10M4I12M1D10M3D24M6D19M3I41M3I17M2I14M8D169M1I33M2I19M8D48M1I102M
68	4138	0.506	1.172E-96	2	934	935	7	900	901	9M10I7M2I249M1I11M1D37M1D29M7D31M1D10M24I34M6I14M7I7M3I63M4D2M2I166M1I38M1I25M4D22M1D19M1I102M
60	4075	0.511	3.576E-95	5	934	935	1	990	994	10M2D16M10D7M3D241M1I24M4D31M7D47M2D20M2D9M7D5M5D36M2D7M4D17M1D8M2D47M3D29M9D165M1I59M1D24M2I124M
102	4065	0.493	6.152E-95	0	930	935	0	958	964	268M1I25M1D47M3D21M4D22M1D20M1D16M1D45M1D23M1I15M3I34M7D19M8D205M1I41M8D43M1I80M
65	3984	0.500	4.983E-93	7	934	935	2	875	879	272M1I14M2D9M1D33M9D46M1D21M23I7M2I18M10D3M3I16M1D9M5D77M7D166M1I35M61I24M1D87M
74	3934	0.510	7.508E-92	7	903	935	1	902	926	272M1I18M1D57M6D34M1D14M1D8M8I15M9I36M14D26M2I53M8D169M2I30M1I2M1I27M1D15M1I13M1I22M1I59M
80	3876	0.516	1.746E-90	42	934	935	1	930	931	237M1I24M1D40M3I21M2D4M8D16M1D10M2D4M5D18M9D4M1I5M2I13M4D13M3D12M1D15M5D39M3I33M4D166M1I38M1I25M5D47M1I96M
84	3852	0.512	6.420E-90	47	934	935	0	928	929	232M1I14M1D63M7D31M1D10M2D4M5D13M8D15M2I13M4D13M3D17M1D16M5D29M1D21M1D19M4D167M1I39M1I16M4D54M1I96M
32	3844	0.510	9.909E-90	42	934	935	1	927	929	237M1I22M1D26M6D56M1D29M2I52M13D21M1I25M4D47M8D206M1I23M7D53M1I90M
104	3843	0.486	1.046E-89	0	934	935	0	936	938	44M32I203M1I22M1D26M6D56M1D19M8D29M1I28M4D74M4D18M5D6M2D208M1I36M7D40M1I90M
128	3662	0.399	1.924E-85	5	933	935	6	872	876	264M9D7M7I10M14I69M8I20M1I19M20I7M14I16M15I38M9D9M3I12M1I74M1I7M2D142M3D26M1I124M
117	3621	0.384	1.779E-84	0	934	935	0	994	1003	5M2D264M6D7M6I32M2I7M7D72M1D11M2D36M1D15M2I46M2D20M8D31M2D2M2I81M1D125M1D13M4D43M8D10M16D11M1D7M10D85M
92	3615	0.382	2.463E-84	5	930	935	1	1082	1084	275M3D31M8D46M12D5M11D13M4D33M2D9M1D17M4D61M1D27M5D5M9D14M1D19M18D80M2D125M1I11M53D27M2D26M9D20M9D78M3D3M
101	3495	0.374	1.655E-81	5	934	935	20	935	936	267M1I3M6I11M2I20M1I13M4I31M5I20M1D22M8I56M3I78M7D66M2D102M11D60M2I45M2I18M1I83M
8	3473	0.362	5.460E-81	0	930	935	0	1009	1016	5M2D263M12D14M1D24M1D34M1D33M17D53M1I25M2D6M4D10M5D18M1D60M3D101M2D133M3D30M9D40M16D75M1D6M
110	3458	0.484	1.232E-80	90	930	935	0	874	880	189M1I22M1D33M6D49M1D19M2I37M7D20M6D73M4D4M1I21M8D206M1I25M7D51M1I86M
122	3442	0.372	2.935E-80	7	910	935	6	949	1001	267M1D15M1D49M25D10M9I9M4I3M5I32M13I68M1I14M3I22M7I22M2I78M1D117M1D24M2D14M1D11M42D18M10D87M
103	3406	0.446	2.069E-79	26	934	935	0	885	886	49M4I8M5I8M2I170M2I4M4I19M3D49M6I73M3I34M23D10M7I24M10I3M5I34M1I77M2D197M1I10M1I89M
18	3317	0.330	2.586E-77	5	928	935	1	1242	1248	261M4D34M3D6M1I21M3D40M8D30M3D29M15D10M3D22M1D33M4D11M3D20M15D11M20D28M10D63M1I14M1D128M1I11M26D12M12D2M4D9M8D6M146D9M7D8M2D24M23D79M
81	3277	0.466	2.265E-76	39	849	935	7	881	885	240M1I22M1D36M9D19M1I26M1D33M11D42M3I26M2D68M2I3M10D204M1I25M9D27M29D32M
100	3240	0.352	1.686E-75	0	927	935	0	789	806	3M1I268M11I10M24I7M11I10M20I7M21I18M21I26M2I15M5I56M8I14M3I78M1D2M1D81M2D40M2D23M19I48M1D49M1D27M
126	3240	0.341	1.686E-75	6	929	935	10	806	808	96M2I165M6D5M8I11M36I44M29I5M51I17M8I13M11I10M4I14M1D12M7D12M9D131M1I37M2I27M4I20M1D69M7D37M2I41M
114	3227	0.366	3.414E-75	5	934	935	5	928	929	215M1D48M6I21M2I43M5I116M1D37M3D49M3D14M3D59M2D85M1I2M4I17M3D48M11D41M19I14M5D78M1I5M
91	3168	0.343	8.381E-74	0	934	935	3	785	788	4M1D101M1D161M3I16D8M36I5M38I11M1I29M6I6M36I2M24I28M6I29M2I20M2D68M2I10M1D5M1D81M6I39M2I11M7I29M10I28M1I33M2D17M4D30M
98	3148	0.320	2.480E-73	1	934	935	9	773	776	105M1D161M6D24M33I62M6I19M30I14M10I11M76I5M2D67M2I13M1D2M1D74M1I7M6I36M2I40M19I27M1I32M2D22M4D27M
124	3089	0.356	6.090E-72	5	929	935	1	712	713	258M3D2M1D10M12D1M28I7M8I8M48I9M53I5M43I12M12D5M18I10M8I60M1D25M1I17M2D85M1I29M2I22M2D10M7I10M29I54M1D6M1I33M
97	3029	0.329	1.579E-70	1	930	935	22	779	786	105M1D160M9D9M41I6M32I14M19I10M40I29M2I37M3I18M19I78M3I13M1D2M1D81M4I2M2I35M2I29M15I38M5I35M1D16M2D26M
120	3027	0.349	1.760E-70	2	930	935	4	753	764	100M2I162M10D1M17I9M75I38M2I13M33I67M4D11M13I18M1I36M2D34M1D7M1D47M2I18M1D16M2D3M1I6M7I56M34I5M11I6M1I32M1I44M
0	3014	0.328	3.562E-70	0	934	935	8	751	754	106M1D160M3I19D8M81I10M19I11M40I14M40I11M5I14M1I100M3I13M1D2M1D77M1D5M6I36M2I13M3D21M18I32M3I30M2D21M2D30M
89	3011	0.341	4.192E-70	3	927	935	5	745	777	101M1D164M57I51M6I5M7I17M16I4M11I9M25I2M29I10M10I21M9I42M2D37M3D4M1I49M2I16M1D10M2I6M5I28M5I4M2D12M8I29M3I11M1D59M2D38M
2	2996	0.333	9.458E-70	4	934	935	9	779	781	98M1I58M1I115M5I6M31I13M16I17M27I18M27I44M12I10M7I13M23I53M1D30M1D19M2D40M1D11M1D6M4D63M4D10M6I2M1I22M11I16M17I33M3D11M5D12M3D26M
10	2996	0.322	9.458E-70	0	934	935	21	781	784	106M1D160M3I1M11D5M74I19M19I11M23I8M9I34M21I12M5I33M7I73M2I11M4D6M2I79M6I36M2I23M13I17M6I26M2I32M2D21M2D28M
7	2990	0.340	1.310E-69	0	934	935	0	818	857	3M3D100M1D175M52I29M10I12M15I9M3I4M16I17M1I8M5I32M4I7M3I12M1D39M2I41M2D43M3D46M2I17M1D12M2I9M4I31M2I29M5I18M3I64M2D49M
20	2980	0.338	2.253E-69	4	927	935	6	739	772	264M5I4M98I6M16I3M4D12M17I9M15I16M24I23M4I79M2D37M3D4M1I47M2I17M1D16M7I29M1I7M2I13M6I11M2I16M3I26M1D41M2D41M
1	2977	0.329	2.651E-69	0	927	935	0	762	787	268M1I6M56I7M7I3M1D11M12I19M50I21M19I34M18I7M7I15M2I22M1D14M2D39M1D3M1D49M2I15M2D15M2I5M2I17M1I11M4I41M5I7M2I32M4I31M1D4M2D5M7D10M8D2M3D21M
40	2976	0.339	2.799E-69	0	927	935	1	744	776	104M1D165M17I8M31I1M6D9M3D15M4I19M2I5M12I20M18I1M76I9M18I22M1I42M2D37M3D4M1I47M2I18M1D10M2I7M5I27M5I4M2D11M7I29M4I12M1D59M2D38M
95	2974	0.335	3.120E-69	5	934	935	1	716	720	97M2I161M10D2M17I9M94I10M3I10M22I22M1I17M21I23M27I13M6D2M3I39M2D39M2D49M2I18M1D51M6I15M17I12M2I24M17I1M1I32M1I41M1D7M
88	2964	0.337	5.368E-69	3	934	935	5	748	770	265M2I8M28I7M13I10M3D1M32I10M6I20M38I8M42I4M10I8M4I22M2I5M3I48M2D37M3D4M1I49M2I18M1D11M3I3M4I28M5I3M2D15M6I11M2I16M3I11M1D59M2D39M4D6M
87	2924	0.347	4.701E-68	3	927	935	5	737	770	98M1D164M4D11M4D15M2I7M2I17M10I15M33I34M29I3M104I11M2I39M2D42M2D47M2I17M1D14M3I3M4I26M3I22M5I4M2I22M4I5M3I59M2D42M
125	2908	0.311	1.120E-67	5	924	935	27	805	813	260M4D14M2I14M11I9M6I13M26I20M16D6M3I2M1I18M7I4M21I2M31I28M3I36M4I10M5I63M13I121M2I32M24I35M2I72M
63	2906	0.344	1.248E-67	3	927	935	5	745	778	98M1D169M18I6M52I4M3I6M9I10M2D21M3I4M5I1M1D13M12I4M4I11M12I29M51I51M2D43M2D46M2I17M1D13M8I3M1D26M3I20M2I14M5I14M4I5M3I59M2D42M
96	2906	0.312	1.248E-67	5	934	935	38	940	948	30M5I227M12D6M18I24M4I45M1D41M18I32M5I6M36D54M15I26M12D62M4I15M2D49M1I34M3D16M4I9M2I10M2D37M19I112M
14	2874	0.345	7.084E-67	3	930	935	83	884	886	107M25I3M4I2M1D70M1D55M3D6M5I26M4I46M26I13M4I11M1D46M1D52M25I19M1D84M1D5M1D127M2I14M4I22M37I84M
37	2871	0.318	8.336E-67	2	930	935	0	807	829	13M2D144M1I107M9D10M13I19M22I14M7I3M14I22M25D19M22I14M6I6M44I16M4I38M3I36M2D40M1D2M1D49M2I16M1D22M2I16M1I9M4I21M18I17M1I21M2I46M2D38M2D5M
36	2823	0.313	1.127E-65	2	930	935	0	807	829	12M2D145M1I107M9D10M12I21M2I16M17I25M22D11M3I27M12I6M18I10M12I9M11I22M42I7M3I36M2D40M1D2M1D49M2I16M1D22M2I16M1I9M4I18M5D4M7I15M12I4M5I13M2I43M4D4M2I35M2D5M
21	2721	0.354	2.852E-63	3	784	935	2	702	745	211M1D78M28I16M3I47M3I22M25I10M1D29M15I12M6I28M1D102M4D4M2I69M1I10M1I33M4I23M
123	2663	0.430	6.632E-62	44	743	935	0	713	715	226M4D4M7I14M3I21M3I42M2I62M2I46M13D84M11D147M1D20M3D2M1I14M
12	2531	0.321	8.545E-59	4	824	935	1	674	675	262M5D8M8I8M22I55M8I16M1I12M14I8M3I29M34I12M33I2M15I34M1I11M2D30M1D7M1I4M2I45M2I14M1D16M6I30M6I62M
121	2511	0.320	2.529E-58	11	804	935	1	618	619	258M11D9M5I8M35I18M40I21M37I3M15D4M89I9M2D16M7D22M1D15M2D40M2D50M2I16M2D14M2I9M3I23M4I27M1I14M
9	2284	0.298	5.640E-53	1	929	935	3	609	639	100M1D166M2D35M4I2M16I8M153I6M20D3M60I4M89I41M2I17M1D18M7I25M3I20M7I26M10I11M2I10M5D40M2D44M
11	2118	0.327	4.597E-49	0	803	935	0	595	596	42M32I192M2D7M3D19M41I17M6I4M9I22M2I11M3I5M26I19M5I6M2D3M88I26M1D15M2D36M1D5M1D49M2I16M2D14M5I32M4I30M1D11M
19	1781	0.212	4.004E-41	5	933	935	12	732	735	28M1D17M2D43M1I9M1I44M1D11M5D4M8D20M1I3M3D27M2D53M9D10M49I32M3I12M11I21M31I16M102I3M4I13M2D6M2D46M1I15M1I4M4D84M4D37M8I36M16I23M2I9M19I16M1D8M1I17M1I10M
90	1293	0.176	1.260E-29	0	925	935	0	690	697	33M1I10M5I53M1I42M5D16M1I23M1I21M1D6M13I4M1I34M3D5M25D7M29I14M27I15M33I7M10I3M30I7M13I15M21I7M43I4M4I4M1I35M3I3M2D10M1D22M5D38M1I3M5D7M3I18M2D16M1I4M11I13M3I14M5I25M17I3M7I23M1I7M1I4M1I10M1D12M1D10M1D15M1D16M
4	1235	0.180	2.930E-28	0	929	935	0	687	688	4M1I44M4I50M1I39M3D4M2D16M1I22M1I20M1D3M3D9M12I37M1D11M72I14M13I17M9I6M18I13M9I11M22I16M7I47M5D11M8I27M3I11M3D2M1D8M2I5M10D4M7I8M5D29M2D8M2D2M3I16M2D19M8I10M4I11M20I6M19I7M40I12M1D2M6I13M3D25M3D11M1D10M
129	1126	0.177	1.084E-25	10	922	935	0	646	656	23M1I9M35I3M2D4M1D17M1I40M3D7M2D11M1I20M1I24M1D6M13I4M1I44M65I3M26I9M18I3M15D5M39I9M10I6M15I8M2I10M16I10M6I9M2I7M7I7M4D27M1I8M2I4M2D6M1D8M1D10M3D11M1D35M4D9M3I16M2D16M1I4M10I19M4I8M4I41M14I15M5I13M4I3M2I3M2I14M1D6M1D13M1D15M
99	910	0.261	1.331E-20	5	388	935	17	361	450	28M1I11M5I52M1I40M3D4M1D14M1I23M1I36M10I34M1D6M9D3M29I61M5I19M
17	820	0.161	1.757E-18	9	849	935	3	888	985	22M2I25M3I14M1I4M1D26M1I38M2D3M1D12M2I9M11D17M1I18M12D7M1D16M10D29M20D2M1I9M2D13M19D15M12D77M11D13M3D49M6D22M1I73M8D8M14D31M1D13M6I12M15I4M3I11M1D11M3D3M11D19M54I6M3I22M5I8M7I63M1D12M
93	653	0.160	1.512E-14	11	600	935	13	773	803	34M7I41M1I11M1I39M4D2M3D19M3I14M2D29M4I6M2I6M20D31M2I2M5D9M2D7M26D36M1D8M8D15M104D58M10D25M1D29M2D9M20D8M1D21M1I52M2I18M2I13M13I10M
 110	6157	1.00	0.000E+00	0	879	880	0	879	880	880M
86	5693	0.990	0.000E+00	0	879	880	90	969	970	880M
25	5670	0.969	0.000E+00	0	879	880	90	969	970	880M
34	5659	0.990	0.000E+00	0	879	880	90	969	970	880M
29	5651	0.970	0.000E+00	0	879	880	90	969	970	880M
32	5646	0.967	0.000E+00	0	879	880	49	928	929	880M
27	5642	0.969	0.000E+00	0	879	880	90	969	970	880M
26	5637	0.973	0.000E+00	0	879	880	90	969	970	880M
104	5631	0.940	0.000E+00	0	879	880	58	937	938	880M
6	5627	0.965	0.000E+00	0	879	880	90	969	970	880M
5	5621	0.969	0.000E+00	0	879	880	90	969	970	880M
85	5613	0.980	0.000E+00	0	879	880	90	969	970	880M
106	5610	0.979	0.000E+00	0	879	880	90	969	970	880M
28	5601	0.969	0.000E+00	0	879	880	90	970	971	277M1D603M
24	5537	0.939	0.000E+00	0	879	880	90	969	970	880M
31	5506	0.967	0.000E+00	0	879	880	90	969	970	880M
33	5457	0.926	0.000E+00	0	879	880	90	969	970	880M
38	5241	0.879	0.000E+00	0	879	880	90	968	969	259M2D62M2I98M1I458M
30	5222	0.882	0.000E+00	0	879	880	90	971	972	259M2D162M1I73M1D385M
64	5210	0.871	0.000E+00	0	879	880	90	967	968	259M2D67M1I84M1I9M1I6M1I451M
112	5203	0.861	0.000E+00	0	879	880	90	970	971	262M2D150M1I314M1I34M1D118M
75	5184	0.854	0.000E+00	0	879	880	90	969	970	259M2D162M1I9M1I448M
107	5180	0.853	0.000E+00	0	879	880	90	968	969	763M1I116M
53	5128	0.858	0.000E+00	0	879	880	90	963	964	262M2D159M1I35M6I3M1I413M
39	5125	0.874	0.000E+00	0	879	880	90	964	965	259M2D162M1I8M4I314M1I35M1I95M
119	5123	0.867	0.000E+00	0	879	880	90	967	968	259M2D42M2I118M1I332M1I125M
105	5081	0.843	0.000E+00	0	879	880	90	962	963	259M2D81M1I80M1I308M1I5M6I138M
61	5042	0.835	0.000E+00	0	879	880	90	932	933	259M2D62M1I74M10I5M28I441M
111	5024	0.840	0.000E+00	0	879	880	90	937	938	259M2D68M33I370M1I149M
22	4965	0.807	0.000E+00	0	879	880	90	957	958	244M1I83M7I37M2I47M1I308M1I149M
62	4956	0.842	0.000E+00	0	879	880	90	930	931	259M2D63M15I7M19I58M1I8M4I314M1I35M1I95M
131	4896	0.797	0.000E+00	0	879	880	90	895	896	259M2D62M1I74M78I285M3D121M
94	4775	0.763	0.000E+00	0	879	880	90	923	924	244M1I14M2D37M1I25M34I41M3I21M1I50M2I256M1I53M5I91M
67	4731	0.741	0.000E+00	0	879	880	91	963	964	244M1I13M2D108M2I53M1I311M5I8M1D9M1I124M
108	4727	0.765	0.000E+00	0	879	880	90	927	928	244M1I14M2D37M1I24M34I7M1I56M1I35M1D17M2I256M1I55M4I90M
81	4405	0.858	2.402E-102	0	763	880	58	821	885	259M2D62M2I63M1I34M1I305M2D37M
102	4400	0.673	3.146E-102	0	879	880	90	963	964	244M1I13M2D108M2I16M6I366M1D124M
84	4290	0.624	1.187E-99	0	878	880	43	928	929	243M1I16M2D59M1I36M4D56M1D21M1D42M6D12M1I179M1I68M1I9M1I33M1I98M
72	4276	0.647	2.526E-99	0	878	880	90	957	958	243M1I16M2D56M1I38M7I42M1D37M1D30M1I15M1I179M1I59M1I18M1I16M1I115M
127	4270	0.637	3.491E-99	0	878	880	133	1012	1013	247M1I12M2D56M1I38M4D57M1D31M2D28M1I17M1I177M1I68M1I11M1I14M1I115M
80	4260	0.641	5.986E-99	0	878	880	49	930	931	243M1I16M2D56M1I38M4D57M1D29M1D26M1D22M1I177M1I62M1I14M1I133M
118	4248	0.661	1.143E-98	0	878	880	90	977	978	248M1I11M2D56M1I39M4D50M1D35M1D46M1I180M1I13M2D47M1D22M1I13M3D114M
73	4173	0.611	6.532E-97	0	878	880	69	932	933	244M1I13M2D60M1I35M5I44M1I5M3I31M1D14M6I205M1I32M1I36M1D141M
68	4085	0.609	7.523E-95	0	878	880	83	900	901	260M2D59M1I10M17I18M44I32M1D26M2D22M1I179M1I66M1I16M1I125M
16	3984	0.573	1.747E-92	0	877	880	124	977	978	214M1I21M1D9M3I54M1D21M3I27M1I24M2I30M1D31M10I19M2I12M2I178M1I59M1I19M1D41M2I91M
115	3933	0.562	2.735E-91	0	878	880	90	981	982	215M3D43M2D14M1D33M1D37M2I30M3I19M1D15M4D30M1D47M1D217M1D21M1D59M2D94M
15	3928	0.559	3.581E-91	0	877	880	126	982	983	213M1I22M1D12M3I13M1I41M1D17M3I27M1I56M1D34M10I16M2I22M2I168M1I213M
74	3834	0.582	5.700E-89	0	874	880	84	912	926	315M1I24M3D55M20I26M1D38M1I187M2I32M1I25M6I21M1I11M1I81M17I10M
130	3802	0.542	3.202E-88	0	878	880	90	982	983	205M3D52M2D19M1D28M1D46M2D42M3I32M5D14M1D46M1D214M2I3M3D21M1I49M1D102M
59	3750	0.533	5.291E-87	0	879	880	91	979	982	204M3D54M2D18M1D29M1D36M2D54M1D18M4D34M2D12M6D23M1D184M1I38M1D16M2I10M11I10M2I35M1D89M
60	3727	0.515	1.829E-86	0	879	880	101	991	994	204M3D70M1D24M1D23M6I13M3D23M5D108M1D21M2D4M8D168M1I41M1D15M2I11M4I16M2I35M1D89M
54	3598	0.482	1.923E-83	0	879	880	90	919	923	191M1D68M2D17M1D23M2I19M11I37M8I6M7I8M2I62M9I231M2I3M3D23M15I29M1I106M
3	3591	0.488	2.805E-83	0	878	880	90	881	882	178M9D5M8I51M17I16M1D45M11I26M4I6M1I7M3I4M19I28M7I16M3I9M1I17M8I211M2I3M3D23M15I29M1I105M
44	3568	0.491	9.700E-83	0	879	880	90	882	886	191M1D51M17I16M1D45M8I12M8I27M3I4M19I28M10I25M1I10M10I9M2D207M2I4M3D22M15I29M1I106M
71	3568	0.487	9.700E-83	0	875	880	102	926	934	176M5D9M4I75M1D12M1D23M2I19M11I34M5I40M3I4M9I35M9I231M2I3M3D23M15I29M1I102M
79	3562	0.480	1.341E-82	0	878	880	38	888	889	190M1D21M1I45M1I13M1D28M1I21M8I30M3I22M6I89M1D15M6I201M2I4M3D19M3I7M4I49M1D90M
109	3562	0.466	1.341E-82	0	877	880	90	914	915	191M1D85M1D63M3I25M3D18M8I15M6I7M5I25M16I234M2I3M3D24M16I38M5I89M
116	3561	0.489	1.415E-82	0	879	880	90	892	893	175M7D8M6I53M7I44M4I18M5I4M6I21M4I37M3I21M8I7M16I18M5I232M1D21M3I3M15I40M4I22M1D70M
52	3561	0.472	1.415E-82	0	879	880	90	904	913	177M9D6M8I52M4I29M1D45M20I2M2I9M9I4M9I5M10I28M2D282M2I3M3D23M15I29M1I106M
42	3556	0.483	1.853E-82	0	878	880	90	932	933	186M1D24M2I34M7I22M1D28M1I11M3I5M5I31M1D26M4I45M5I13M1D23M2I17M6I201M2I3M3D23M3I11M4I45M1D87M
56	3555	0.477	1.956E-82	0	879	880	90	927	931	176M10D3M9I44M2I41M1D45M11I47M4I39M5I6M1I37M6I225M2I3M3D20M15I32M1I106M
57	3554	0.492	2.064E-82	0	874	880	90	921	931	186M1D25M1I44M1D20M1D54M1I21M8I12M1I11M4I33M5I26M11I238M2I3M3D23M15I29M1I101M
51	3546	0.488	3.178E-82	0	877	880	90	925	932	176M5D9M4I64M2I21M1D39M5I15M5I42M6I33M5I38M6I231M2I3M3D23M15I29M1I104M
49	3539	0.475	4.635E-82	0	879	880	90	858	862	177M9D6M8I51M17I16M1D45M8I12M8I27M29I17M5I5M22I11M11I16M2D210M2I3M3D23M15I29M1I106M
77	3537	0.483	5.163E-82	0	879	880	90	919	925	186M1D78M2D39M1I72M2I2M10I26M8I14M4I21M12I225M1D21M6I13M11I22M1I101M1D5M
45	3535	0.477	5.751E-82	0	879	880	90	926	927	176M5D9M4I75M1D12M1D23M2I19M11I37M1D15M6I7M2I23M5I35M9I231M2I3M3D23M15I29M1I101M3D5M
41	3533	0.469	6.406E-82	0	878	880	90	923	924	175M11D3M10I21M3I36M1I26M1D43M17I86M5I6M6I55M1I212M1D13M1I7M17I29M1I101M4D4M
69	3533	0.473	6.406E-82	0	879	880	90	920	924	176M9D5M8I60M1I6M9I11M1D16M2I87M9I27M9I42M6I227M2I3M3D13M6D4M21I29M1I106M
78	3532	0.485	6.761E-82	0	878	880	90	939	940	190M1D21M1I45M1I18M1D23M1I20M25I25M1D12M8I76M1I13M3D10M2D10M5D201M2I3M3D10M2I14M5I59M1D83M
103	3531	0.474	7.136E-82	4	878	880	59	885	886	5M2I164M1D7M6I13M1D23M1D27M12I39M2I33M1I55M11D25M24I21M7I6M3I97M2D130M1D58M5I16M3I91M
76	3523	0.487	1.099E-81	0	879	880	90	921	925	176M5D9M4I63M1I23M1D27M1I78M8I20M3I4M9I17M1I19M12I226M2I3M3D11M3I19M12I22M1I106M
113	3521	0.487	1.224E-81	0	877	880	90	914	915	179M7D4M6I61M4I3M2I16M1D41M4I5M4I11M7I45M1I24M8I9M9I258M2I3M3D17M3I3M15I40M5I86M6D3M
50	3510	0.477	2.215E-81	0	879	880	90	904	906	175M11D3M10I88M1D15M2I22M5I34M4I8M29I26M3I37M9I231M2I3M3D23M15I29M1I106M
23	3507	0.485	2.604E-81	0	874	880	90	930	935	189M1D22M1I33M6I49M1I26M2D41M1I9M12I27M1D45M5I4M1D16M2D3M10I206M1D25M7I51M1D86M
35	3506	0.477	2.748E-81	0	877	880	90	928	929	176M12D3M11I47M1D39M1D16M1I37M16I21M2I47M8I6M4I11M2I254M2I3M3D24M14I29M1I101M5D3M
46	3505	0.477	2.901E-81	0	875	880	90	917	926	175M7D8M6I64M2I21M1D44M8I12M8I19M1I12M10I7M3I21M5I38M6I231M2I3M3D25M19I23M1I75M12D27M
43	3504	0.481	3.061E-81	0	879	880	90	927	931	175M11D3M10I88M1D16M1I89M8I20M3I4M9I8M9I5M1I21M2D231M2I3M3D23M15I29M1I106M
65	3476	0.504	1.386E-80	0	879	880	85	876	879	213M2D47M2D11M1D51M6I6M12I8M18I23M1D17M4D24M1D13M2D41M1D174M1I37M11I15M24I8M30I90M
48	3472	0.474	1.720E-80	0	878	880	90	898	899	175M11D3M10I15M2I32M1D12M5I17M1D21M4I20M7I42M4I15M4I29M9I6M6I25M10I9M5I214M2I3M3D27M18I128M
66	3468	0.466	2.134E-80	0	878	880	91	922	923	186M1D25M1I34M14I40M1I31M13I40M1I6M3I92M10I204M2I3M3D28M7I48M1D90M
82	3465	0.474	2.509E-80	0	874	880	116	942	947	175M11D3M10I32M1D22M4I30M1D25M1D24M11I59M3I16M2I39M16I234M1D28M18I37M1D87M
83	3464	0.475	2.648E-80	0	874	880	115	942	947	178M8D4M7I22M1I21M3D13M7I4M1I18M1D25M1D21M3D34M14I19M3I22M2I22M4I22M8I229M2I3M3D27M18I37M1D87M
13	3463	0.465	2.795E-80	0	879	880	90	890	894	176M10D3M9I44M3D36M7I40M5I60M14I24M36I10M1I18M5I213M2I3M3D23M15I29M1I106M
70	3409	0.452	5.143E-79	0	879	880	90	857	858	175M11D3M10I23M1I5M14D5M37I17M1D23M2I19M11I36M2I13M9I25M42I5M12I227M1D27M15I29M1I103M3D3M
58	3394	0.466	1.155E-78	0	879	880	90	888	889	175M11D3M10I76M1D12M1D23M2I14M36I6M8I18M5I33M5I35M9I231M2I3M3D9M1I13M21I23M1I101M3D5M
47	3349	0.450	1.308E-77	0	874	880	90	810	820	175M13D3M12I66M3I13M1D20M1I37M12I15M1D2M43I6M1I6M59I17M1I209M2I3M3D17M3D14M18I16M23I81M
55	3221	0.453	1.303E-74	0	879	880	90	889	893	22M1I168M1D62M1D19M1D7M2I42M8I9M8I27M3I9M3D5M1D3M3I15M1I3M9I49M2I113M1I48M1I44M25I23M21I20M1I69M1I36M
117	3051	0.356	1.251E-70	0	879	880	92	995	1003	179M10D3M9I11M1I13M2I15M5D10M10I62M3I35M6I7M3I13M8I8M1D23M4D45M10D107M1D133M2D12M10D7M6D14M15D26M2D115M
92	3019	0.341	7.026E-70	0	877	880	86	1083	1084	177M4D25M1I47M1D24M13D4M11D41M1D22M5D12M6D30M6I12M2D56M5D27M9D95M2D136M33D40M7D18M18D21M9D80M1D4M
128	2983	0.351	4.898E-69	0	877	880	91	875	876	178M6I5M9D21M13I6M4I3M4I24M3I9M17I30M22I25M20I6M2I36M13I15M4I6M12D13M7I80M2D7M1I126M1D23M2D28M1D29M7I79M3D6M
122	2886	0.314	9.165E-67	0	879	880	89	971	1001	178M2D35M6I3M5I18M21I12M27D27M3I34M4I21M8I10M6I16M4I23M5I6M2I37M7I5M4I79M1D127M2D11M4D6M17D18M17D22M14D23M3I68M1I12M2I8M
101	2819	0.342	3.401E-65	0	872	880	105	929	936	175M6I72M1I67M7I29M1I10M9I5M8I22M13I33M1I6M4I12M4I10M1I7M4D58M2D104M11D41M1D11M2I15M1I52M8I78M
8	2812	0.330	4.961E-65	0	879	880	92	1015	1016	178M15D5M4D30M2D31M10D22M12D42M1D74M9I18M1I30M2I21M10I11M1D10M6I80M2D122M1D16M12D54M10D101M2D7M
18	2760	0.286	8.196E-64	0	877	880	86	1247	1248	179M5D69M4D15M6D46M7D38M7D37M9I19M1D10M3D62M17D10M21D70M1I11M1D141M6D7M42D34M15D14M83D17M76D89M
126	2682	0.321	5.504E-62	0	873	880	94	806	808	14M2I163M8D3M9I19M7I26M36I9M5I43M4I17M2I8M12I17M93I7M7D133M1I31M1D4M3I32M3I14M2D114M2I41M
114	2623	0.332	1.327E-60	0	872	880	90	923	929	130M1D52M5I15M2I41M3D63M2D44M8I25M5I4M5I17M3I32M3D21M5I19M7I56M2D87M5I11M3D44M1D11M6D20M5I43M10I78M
100	2572	0.321	2.077E-59	0	879	880	89	801	806	182M10I10M25I6M2I7M35I51M22I7M10I3M1I6M46I15M5I39M1I13M2D79M1D5M1D85M3I3M5D30M3D21M22I49M2I50M1D28M4D7M
96	2516	0.302	4.257E-58	0	879	880	118	941	948	177M16D16M1I28M4I38M34I12M8I33M7I31M29D8M8I47M16I7M1D19M3D6M1D62M4I9M4D5M2I48M1I33M1I37M1D33M6I28M4I10M15I82M
7	2501	0.294	9.561E-58	0	879	880	93	821	857	15M1D166M6I4M1D20M19I12M22I14M70I23M1I50M21I21M1D33M2I39M2D43M3D46M2I17M1D21M6I35M1I18M10I43M2I10M2I36M2D38M2D12M
91	2497	0.310	1.186E-57	0	879	880	94	787	788	12M1D163M14D5M10I6M27I5M34I7M5I11M8I37M20I33M8I26M26I11M37I6M2I63M2I11M4D5M2I79M6I38M1I13M17I25M1I3M2I25M3I3M1I33M2D17M4D27M1D4M
98	2467	0.283	5.983E-57	0	879	880	98	774	776	14M1D162M10D7M3I10M27I5M34I15M22I22M21I33M24I15M28I20M27I73M2I11M1D5M1D75M1I8M6I35M1I13M5I8M6I43M14I2M1I32M2D23M4D27M
123	2464	0.414	7.034E-57	0	682	880	46	713	715	176M1D18M7I110M1I27M5I14M2D14M2I11M9D28M12I37M3I183M1D21M2D14M
97	2460	0.300	8.728E-57	0	879	880	111	783	786	14M1D161M16D1M7I5M1I7M27I5M34I15M22I8M6I8M21I32M25I23M33I9M9I20M7I62M3I10M1D5M1D84M6I35M1I13M2D8M11I10M9I32M8I36M1D17M2D15M1I14M
10	2448	0.290	1.667E-56	0	879	880	111	782	784	14M1D161M10D15M19I38M6I15M2I13M33I14M7I30M9I11M113I62M2I11M4D5M2I82M6I35M1I16M10I4M5I45M12I32M2D23M2D27M
124	2413	0.301	1.101E-55	0	869	880	86	708	713	173M3D2M8D3M12D11M36I17M117I14M4D1M11I30M68I14M2I40M1D24M1I16M2D86M1I28M1I26M30I33M10I39M1D6M1I29M
87	2402	0.300	1.993E-55	0	879	880	92	749	770	15M1D173M6D14M2I35M85I10M11I26M3I9M106I8M2I39M2D42M2D47M2I17M1D11M2I7M5I25M2I21M5I10M3I7M5I18M5I19M3I1M1D35M2D43M4D7M
89	2386	0.291	4.724E-55	0	879	880	92	760	777	14M1D165M16I8M25I15M8I21M23I11M21I8M10I19M14I4M8I4M22I5M7I4M41I20M4I41M2D37M3D4M1I47M2I18M1D14M7I38M2I14M15I17M3I41M2D36M2D39M7D7M
120	2370	0.296	1.120E-54	0	879	880	92	758	764	13M2I163M5D17M7I41M11I15M1I8M1I14M28I4M20I23M9I14M58I12M11I7M11I7M4I38M2D34M1D7M1D47M2I17M1D51M4I7M1I13M15I12M13I10M23I2M1I32M1I49M
40	2368	0.277	1.247E-54	0	879	880	91	759	776	13M1D165M48I10M7D7M5D3M13I13M23I20M8I17M13I17M31I17M72I5M3I40M2D37M3D4M1I47M2I18M1D14M7I38M2I9M5I12M3I48M8I41M2D39M7D7M
63	2354	0.297	2.654E-54	0	879	880	92	756	778	15M1D167M1I23M25I12M63I13M35I8M27I7M4I9M22I34M7I11M9I5M2I39M2D42M2D47M2I17M1D11M2I7M5I23M2I31M6I4M2I5M4I12M1I22M7I39M4D3M2I40M3D6M
0	2346	0.289	4.086E-54	0	879	880	98	752	754	14M1D162M19D13M73I15M28I12M41I9M29I16M14I7M26I34M7I62M3I10M1D5M1D77M1D7M6I35M1I11M4D40M16I12M12I31M2D21M2D31M
125	2341	0.293	5.351E-54	0	876	880	112	812	813	177M1D4M2D21M11I18M39I26M16D2M19I12M4I38M20I5M3I23M22I20M17I6M13I63M13I127M1I10M1D14M5D9M13I20M25I72M1I9M
20	2314	0.287	2.295E-53	0	879	880	92	752	772	189M7D13M2I35M31I9M59I2M16I19M95I11M5I9M3I40M2D37M3D4M1I47M2I17M1D18M7I31M1I5M1I10M5I10M3I31M6I18M2I37M2D42M5D7M
37	2304	0.274	3.936E-53	0	879	880	90	810	829	69M1I105M16D4M22I10M25I11M57I7M15I7M12I25M16I2M22D21M20I55M1D13M2I39M2D42M2D49M2I15M1D14M1I12M2I22M6I5M3D11M3D13M5I32M25I38M2D48M
2	2293	0.279	7.125E-53	0	876	880	95	780	781	16M1I54M1I169M27I8M16I11M58I12M5I6M14I18M52I17M5I45M1D33M1D14M2D45M1D11M1D6M4D59M5D25M32I26M9I35M3D11M5D12M3D15M3D9M
95	2286	0.288	1.039E-52	0	879	880	86	715	720	12M2I163M9D1M15I9M16I23M29I18M1I8M3I25M6I23M31I4M107I4M2I35M2D42M2D48M2I18M1D51M5I14M34I37M6I1M3I32M1I41M1I7M
14	2269	0.299	2.600E-52	0	875	880	170	885	886	13M7I4M18I7M3I72M1D51M10D2M11I26M4I25M8I24M17I20M4I15M27I24M17I35M5I9M2D46M6I80M2D128M1I11M25I14M13I13M9I82M
88	2266	0.283	3.057E-52	0	879	880	92	752	770	183M10I6M9I8M31I51M52I6M2I17M16I6M9I5M75I11M2I39M2D37M3D4M1I47M2I14M1D14M2I7M5I35M2I9M5I12M3I31M6I18M2I40M2D38M7D8M
1	2261	0.269	4.003E-52	0	879	880	90	786	787	177M3D10M42I47M51I30M37I16M72I16M1I25M1D13M2D38M1D5M1D49M2I16M2D15M1I8M7I56M3I46M11I1M3I30M1D6M2D9M7D6M11D24M16D7M
36	2257	0.271	4.966E-52	0	879	880	90	810	829	69M1I105M16D4M22I10M25I11M57I7M15I7M12I25M11I3M2D5M15D20M20I48M1D20M2I39M2D42M2D49M2I16M1D13M1I12M2I22M6I5M3D9M10D11M12I29M25I35M4D3M2I46M
21	2137	0.327	3.213E-49	0	721	880	89	701	745	124M1D51M7D9M6I11M31I19M1I28M29I60M21I7M1I56M23I20M2I76M4D5M2I70M1I10M4D1M5I38M3I12M
121	1923	0.286	3.310E-44	0	741	880	80	618	619	177M15D6M8I8M12I14M42I10M49I20M9D9M23I20M83I7M8I3M1D25M1D12M2D42M2D51M2I13M2D17M2I9M3I22M5I3M2D37M
12	1888	0.295	2.186E-43	0	762	880	87	674	675	175M5D7M2I29M16I11M41I6M18I11M6I16M5I22M26I6M36I28M15I21M2I27M1I11M2D31M1D7M1I3M2I45M2I15M1D16M2I36M9I56M
11	1884	0.302	2.712E-43	0	726	880	58	581	596	185M6D17M34I8M8I13M42I2M25I21M44I22M44I13M7I10M4I25M1D14M2D37M1D5M1D49M2I15M2D15M1D10M6I23M3I14M2D10M
9	1704	0.250	4.464E-39	0	879	880	92	623	639	15M1D166M21I7M30I30M35I11M65I2M3I6M99I13M10I3M66I45M2I17M1D14M2I4M5I25M2I19M1I7M12I30M5I20M2I36M2D43M8D7M
19	1243	0.162	2.807E-28	5	879	880	104	732	735	10M1I43M1D10M5D6M8D18M1I3M3D27M2D53M15D8M43I12M26I22M57I17M3I7M99I23M7I12M2D6M2D47M1I4M1D14M2D79M4D38M3I6M3I14M18I34M15I12M11I23M1D28M4I7M
129	1036	0.157	1.982E-23	0	870	880	47	650	656	15M1I40M3D4M2D14M1I17M1I33M13I36M2D18M20I3M18D3M51I4M71I12M2I11M20I19M62I14M4I10M6I28M3I12M2D6M1D8M1D7M3D14M1D32M1I2M5D9M3I17M2D15M8I3M6I16M3I28M4I32M11I12M10I2M1I7M9I3M1D16M1D6M1D13M1D19M
90	988	0.149	2.639E-22	0	872	880	84	693	697	15M1I40M3D4M2D14M1I20M1I29M12I3M1I41M26D5M25I28M25I11M38I8M23I13M114I13M1I2M12I33M2I5M1I7M2D6M1I5M5I16M12D33M1I3M5D8M3I18M2D17M14I22M3I22M12I33M19I2M2I8M1I4M1I10M1D12M1D10M1D15M1D19M
4	899	0.157	3.208E-20	0	873	880	85	686	688	15M1I38M3D5M2D14M1I22M1I22M4D10M12I39M51I14M9I28M2I17M2D19M4I13M13I8M6I7M28I10M34I5M22I19M7I1M10I3M3D25M3I14M3D2M1D8M2I12M3D12M5D30M2D7M2D2M3I18M2D12M9I4M1D10M4I11M83I8M2D8M3I7M3I3M2I15M3D22M3D22M
99	619	0.238	1.162E-13	0	259	880	96	361	450	15M1I38M3D3M1D14M1I23M1I40M10I29M17D11M1I44M1I28M
17	517	0.162	2.847E-11	0	802	880	79	920	985	16M1I38M2D3M1D15M2I6M11D17M1I16M12D10M8D3M7D7M4I27M4D3M16D2M3I29M2D57M13D35M7D14M1D77M1I31M10D17M19D20M1D12M3D28M5I10M2I14M4I10M17I5M3I14M1I6M3D23M56I15M1D50M9D12M5D43M3D9M1D9M
93	386	0.147	3.334E-08	0	516	880	85	763	803	3M1I12M1I38M3D3M4D15M2I4M1I13M2D29M4I6M2I6M20D31M2I2M5D5M6D13M21D64M107D22M1D29M1I34M1D15M3D27M4D33M4D77M5I17M
 