121	5047	1.00	0.000E+00	0	618	619	0	618	619	619M
1	3348	0.601	1.044E-78	1	618	619	11	629	787	260M12I5M10D9M2I9M8D12M9D17M14I40M1D215M1D23M
11	3189	0.654	6.256E-75	1	618	619	11	594	596	31M32I201M1I35M1D56M3I9M7D6M6I238M
95	2909	0.446	2.811E-68	1	618	619	7	622	720	93M2I164M7I32M3D11M6D20M5I20M2I18M4D29M1I128M1I12M2D14M3D20M2I37M
37	2886	0.433	9.893E-68	1	616	619	9	706	829	4M2D144M1I171M2D9M18D31M5D14M45D29M1I128M1I10M1D11M1D38M7D4M4D20M
63	2878	0.452	1.532E-67	0	618	619	12	636	778	95M1D161M13I28M4D19M8D13M6I31M2D9M10D30M1I127M1I11M4I8M2D20M1D28M3D14M
124	2876	0.444	1.710E-67	1	618	619	7	629	713	260M8D29M9I3M5I28M2I26M1D41M1I11M1I30M1I66M2D16M2I14M1D14M3D19M1D3M1D10M8D11M1D16M
87	2866	0.449	2.955E-67	0	618	619	12	642	770	95M1D164M5I1M7D43M9D28M4I15M3I17M7I23M1I127M1I11M2I30M1D21M4D9M13D12M
120	2862	0.432	3.677E-67	1	618	619	13	676	764	93M2I162M6I18M6D11M8D17M5D20M8I12M27D4M5D12M3D9M4D29M1I128M1I13M5D32M2I16M3D22M
36	2860	0.425	4.103E-67	1	618	619	9	708	829	3M2D145M1I171M2D9M18D12M31D31M19D31M1I128M1I10M1D11M1D40M9D15M1D3M1D6M
20	2858	0.438	4.577E-67	1	618	619	13	626	772	258M7I1M11D12M12D49M16I11M5I21M1D23M1I128M1I19M2I27M1D11M3D26M
40	2841	0.446	1.160E-66	0	618	619	11	631	776	95M1D162M6D2M4I16M6D20M2I27M11I10M7D24M6D2M7I22M1I128M1I22M2I28M1D10M3D23M
88	2840	0.447	1.225E-66	1	618	619	13	624	770	254M13I31M7D31M8I38M8D28M1I128M1I11M4I6M2D27M1D11M3D26M
7	2839	0.425	1.294E-66	1	618	619	14	699	857	94M1D163M9I32M2D14M13D2M6D13M10D4M27D4M3D20M6D11M5D6M5D2M7I22M1I57M1D71M1I11M1I29M2D17M6D27M
89	2831	0.441	2.005E-66	0	618	619	12	646	777	94M1D165M13I18M1D9M16D31M9I14M10D20M3D3M7I21M1I128M1I10M3D6M5I29M1D11M16D6M1D18M
91	2779	0.417	3.448E-65	0	618	619	14	667	788	93M1D182M3I37M2D15M8I9M6D13M23D13M24D2M7I23M1I10M2I28M2I64M1D2M1D16M2I14M1I32M2D15M1D25M
126	2744	0.384	2.340E-64	1	618	619	15	676	808	93M2I159M4I37M37D14M4D3M13D17M12I13M3D27M6D22M1I10M2I44M2I51M1D16M2I14M8D6M5I37M2D25M
10	2737	0.447	3.431E-64	0	618	619	31	678	784	92M1D167M1I30M23D7M8D33M9I13M2I13M2D40M1I8M2I27M2I65M1D2M1D16M2I22M1I25M2D13M11D26M
98	2729	0.417	5.315E-64	1	618	619	19	659	776	91M1D166M3I14M2D5M1D50M8I10M4D8M7D17M28D2M7I22M1I11M2I28M2I63M2D19M2I7M1I14M1I24M2D16M3D24M
97	2714	0.452	1.208E-63	0	618	619	31	684	786	92M1D166M2I15M3D10M1D20M21D3M2D29M2I6M1D28M7D2M7I22M1I11M2I26M3I65M1D2M1D15M2I23M1I24M2D14M11D12M4D14M
0	2703	0.436	2.204E-63	0	618	619	18	652	754	92M1D167M4D33M1D28M2D10M9I39M3D26M1I11M2I27M3I64M1D2M1D16M2I10M1D12M1I24M2D14M13D5M4D7M1D14M
100	2675	0.390	1.020E-62	1	616	619	10	680	806	258M13I8M31D7M7D24M18D19M5I20M3I19M10D27M1I10M2I95M2D18M2I14M9D4M2I21M3D9M3D35M
12	2638	0.397	7.720E-62	1	618	619	8	653	675	254M7I13M2D21M9D35M22D42M19D3M7I24M2I53M4I67M1I22M1I22M2I38M
128	2620	0.364	2.067E-61	1	618	619	12	742	876	297M17D3M9D9M25D11M4D7M7I40M32D7M26D22M1I15M2I33M3D7M4I48M2D15M2I15M2D12M3D21M4D29M2D11M
49	2619	0.355	2.183E-61	1	618	619	11	740	862	255M6I46M14D20M6D2M4I12M3D11M60D13M22D5M10D1M2I4M1D22M1I11M2I44M2I50M2D16M2I14M2D9M3D23M4D15M4D26M
48	2611	0.335	3.382E-61	1	618	619	11	779	899	255M6I34M5D8M58D9M11D8M43D5M35D5M4I47M5D22M1I15M2I40M2I46M1D4M1D16M2I14M2D9M3D22M4D42M
52	2610	0.329	3.572E-61	1	618	619	11	779	913	255M6I40M9D27M6I7M32D13M60D18M68D2M7I22M1I11M2I44M2I50M2D16M2I14M2D9M3D23M4D16M3I22M
3	2607	0.353	4.209E-61	1	618	619	11	757	882	255M6I26M3D7M32D8M17D7M40D4M27D12M24D5M8I37M2I4M1D22M1I11M2I44M2I50M2D16M2I14M2D9M3D23M4D16M3I22M
47	2587	0.352	1.257E-60	1	618	619	11	722	820	255M6I38M16D30M6I16M21D15M23D8M36D3M1I25M1I11M2I44M2I50M2D16M2I14M2D9M3D23M4D18M7D23M
41	2579	0.327	1.947E-60	1	618	619	11	802	924	255M6I33M47D4M35D31M4I3M22D19M11D19M65D1M2I4M1D22M1I11M2I43M2I51M2D16M2I14M2D9M3D23M4D16M1D25M
70	2578	0.358	2.057E-60	1	618	619	11	735	858	255M6I34M25D7M20D10M13D13M35D7M12D13M7D9M5I16M2I4M1D22M1I11M2I44M2I50M2D16M2I14M2D9M3D23M4D16M2D11M1D14M
74	2575	0.335	2.424E-60	1	618	619	5	816	926	255M11I8M4D12M5D11M38D2M11D10M16D12M71D18M21D11M4D11M22D13M2D3M1I25M1I11M2I44M2I47M2D18M2I24M3D19M2D22M6D3M6D20M
131	2573	0.344	2.704E-60	1	618	619	11	759	896	258M11I5M4D12M5D6M49D10M2D7M13D20M5I9M7D23M15D8M9D7M28D1M7D21M1I11M2I43M2I51M2D16M2I14M2D9M3D22M3D27M5D15M
56	2570	0.321	3.186E-60	1	618	619	11	808	931	255M6I34M59D19M55D10M3D4M13I12M2I13M57D6M21D1M2I4M1D22M1I11M2I44M2I50M2D16M2I14M2D9M3D23M4D16M3D25M
76	2567	0.325	3.754E-60	1	618	619	11	802	925	255M6I25M6D17M62D26M9I9M39D18M10D8M58D8M7D22M1I11M2I43M2I49M2D18M2I14M2D9M3D23M4D15M3D26M
6	2567	0.319	3.754E-60	1	618	619	11	831	970	258M11I5M4D12M5D8M47D8M2D7M13D19M5I10M20D3M35D12M47D12M42D11M1D22M1I11M2I43M2I51M2D16M2I14M2D9M3D22M5D3M2I37M
69	2559	0.335	5.816E-60	1	618	619	11	805	924	255M6I33M51D13M8D5M13D8M16D14M16D15M21D11M10D17M35D4M2D22M1I11M2I44M2I50M2D16M2I14M2D9M3D23M4D18M7D23M
46	2558	0.332	6.143E-60	1	618	619	11	794	926	255M6I34M75D31M23D15M10D19M20D16M36D5M1D22M1I11M2I44M2I46M1D4M1D16M2I14M2D9M3D23M4D19M3D22M
82	2558	0.330	6.143E-60	1	618	619	37	855	947	255M6I25M8D7M29D49M61D13M51D12M24D14M1D22M1I17M2I38M2I50M2D16M2I14M2D9M3D22M4D19M29D23M
72	2558	0.335	6.143E-60	1	618	619	11	828	958	258M12I8M5D9M5D10M35D1M15D11M16D9M22D11M39D24M41D9M21D15M4D4M2D22M1I11M2I43M2I48M2D19M2I14M7D8M3I17M3D30M5D15M
16	2558	0.326	6.143E-60	1	618	619	45	853	978	258M13I3M6D15M5D12M26D25M2D16M31D5M2D22M119D12M1D22M1I11M2I43M2I49M2D18M2I15M4D37M3D8M10D27M
71	2556	0.332	6.853E-60	1	618	619	23	806	934	255M6I40M84D9M31D34M37D20M11D18M7D21M1I11M2I44M2I50M2D16M2I14M2D9M3D23M4D18M2I21M
21	2555	0.371	7.238E-60	1	599	619	10	702	745	203M1D54M8I31M8D12M2D21M4I7M15D8M55D19M19D5M13D2M7I22M1I10M2I94M2D19M2I7M1I7M1D6M2D6M1D41M
30	2555	0.318	7.238E-60	1	618	619	11	838	972	258M11I5M4D20M6D4M39D12M50D17M46D9M2D9M22D22M36D7M10D2M2I25M1I11M2I43M2I51M2D16M2I14M2D9M3D20M5D7M2I23M5D12M
44	2554	0.353	7.645E-60	1	618	619	11	757	886	256M9I8M3D14M3D7M32D8M17D7M8D17M13D3M9I3M18D15M21D13M22D5M10D1M2I4M1D22M1I11M2I44M2I50M2D16M2I14M2D9M3D23M4D16M3I22M
13	2553	0.342	8.075E-60	1	615	619	11	765	894	255M6I34M29D7M6D38M1I13M13D13M11D6M58D7M21D1M5D22M1I11M2I44M2I50M2D16M2I14M2D9M3D23M4D38M
15	2553	0.319	8.075E-60	1	618	619	47	864	983	258M7I22M5D16M19D13M6D10M2D16M74D9M5D17M75D13M1D22M1I11M2I43M2I51M2D16M2I15M1D8M3D29M3D9M7D8M11D18M
127	2553	0.337	8.075E-60	1	618	619	54	878	1013	258M11I5M4D13M5D7M50D15M16D9M22D11M44D23M25D22M51D1M2I3M1D23M1I12M2I43M2I48M2D18M2I14M3D11M1D17M3D45M
94	2552	0.335	8.529E-60	1	618	619	11	791	924	258M11I5M4D12M7D8M17D10M19D5M18D20M43D13M42D18M20D12M1D31M1I11M2I39M1I5M1I50M2D13M2I17M2D9M3D22M3D42M
25	2551	0.319	9.009E-60	1	618	619	11	831	970	258M11I5M4D12M5D8M47D8M2D7M13D20M78D10M52D18M3D17M8D3M1I25M1I11M2I43M2I51M2D16M2I14M2D9M3D22M5D3M2I37M
106	2551	0.327	9.009E-60	1	618	619	11	831	970	258M11I5M4D12M5D8M1D4M39D12M25D6M23D11M3D4M42D11M18D6M8D19M36D7M5D8M2D21M1I11M2I40M2I54M2D16M2I14M2D9M3D22M3D42M
33	2550	0.315	9.515E-60	1	618	619	11	833	970	258M11I5M4D12M5D8M1D7M71D8M16D18M40D38M46D9M30D2M2I25M1I11M2I43M2I51M2D16M2I14M2D9M3D22M5D3M2I16M2D21M
116	2544	0.335	1.321E-59	1	618	619	11	779	893	256M6I39M45D7M15D3M12D9M45D11M5I17M5D21M33D3M1I25M1I11M2I44M2I50M2D16M2I14M2D9M3D23M4D20M4D21M
54	2543	0.340	1.396E-59	1	618	619	11	800	923	256M7I15M1D23M85D9M24D3M27D12M22D7M6I4M1D22M11D10M8D1M2I4M1D22M1I11M2I44M2I50M2D16M2I14M2D9M1I22M8D15M3D26M
50	2542	0.329	1.474E-59	1	618	619	11	780	906	255M6I40M69D11M13D8M6D9M12I17M36D19M43D4M1D22M1I11M2I44M2I50M2D16M2I14M2D9M3D23M4D18M2I21M
2	2541	0.375	1.557E-59	1	618	619	16	682	781	95M1I54M1I107M7I46M22D24M3I31M6D12M5D22M1I16M1I35M1I8M2D48M3D7M1D7M2D18M5D28M7D11M1D9M3D14M7D11M
111	2538	0.332	1.835E-59	1	618	619	11	803	938	258M11I5M4D12M5D6M28D42M23D14M3D13M116D18M1D24M1I11M2I43M2I51M2D16M2I14M2D9M3D22M3D30M4D7M1I4M
113	2537	0.325	1.938E-59	1	618	619	11	799	915	259M6I53M16D6M9D3M6D15M69D11M25D19M51D2M7I22M1I11M2I44M2I50M2D16M2I14M2D9M3D23M4D18M4D23M
86	2537	0.315	1.938E-59	1	618	619	11	843	970	258M11I5M4D12M5D8M1D7M21D12M4D30M39D5M94D19M36D7M9D2M2I25M1I12M2I42M2I51M2D16M2I14M2D9M3D22M5D3M2I13M12D24M
51	2533	0.319	2.412E-59	1	618	619	11	805	932	255M6I34M37D4M38D27M21D2M11D1M10I21M45D16M36D5M1D22M1I11M2I44M2I46M1D4M1D16M2I14M2D9M3D23M4D41M
78	2532	0.330	2.547E-59	1	618	619	11	809	940	258M12I8M6D8M5D15M23D25M10D11M30D11M40D26M67D7M7D22M1I15M2I40M2I46M1D4M1D16M2I14M2D9M1I22M8D27M1D14M
67	2532	0.322	2.547E-59	1	617	619	12	829	964	258M12I8M5D9M4D5M20D12M2D22M14D17M31D5M45D19M82D7M8D1M2I4M1D22M1I12M2I43M2I50M2D16M2I14M5D31M7D4M4I33M
39	2532	0.328	2.547E-59	1	604	619	11	814	965	258M11I5M4D12M5D11M30D3M44D16M16D10M45D12M10D13M47D23M9D2M2I25M1I11M2I39M2I55M2D16M2I14M2D9M3D22M3D28M
122	2531	0.333	2.691E-59	1	618	619	10	794	1001	254M12I8M7D34M6D21M8D7M4D12M36D8M10D11M57D7M7I1M45D21M1I11M2I43M1I52M2D16M2I14M2D14M3D18M5D14M7D27M
115	2530	0.316	2.842E-59	1	618	619	11	841	982	255M10I9M3D13M46D33M54D5M39D3M6I10M9D11M38D19M37D3M1I25M1I11M2I44M2I50M2D16M2I14M2D9M3D22M4D42M
62	2529	0.346	3.002E-59	1	606	619	11	782	931	258M11I5M4D12M5D11M31D1M9D12M27D8M18D8M16D14M58D9M2D5M3I17M8D3M1I25M1I11M2I39M2I55M2D16M2I14M2D9M3D22M3D30M
58	2528	0.336	3.171E-59	1	618	619	11	770	889	255M6I46M26D16M63D12M1D19M10D23M42D4M2D22M1I11M2I44M2I50M2D16M2I14M2D9M3D23M4D41M
23	2527	0.329	3.349E-59	1	618	619	11	804	935	258M11I9M5D12M35D14M40D21M37D14M13D6M19D8M6D19M34D2M7I22M1I15M2I40M2I50M2D16M2I14M2D9M3D23M4D29M1D12M
38	2527	0.313	3.349E-59	1	618	619	11	848	969	258M11I5M4D12M5D8M1D4M39D14M40D14M46D3M8D28M60D17M8D3M1I25M1I11M2I43M2I51M2D16M2I14M2D9M3D22M3D18M18D24M
77	2526	0.325	3.537E-59	1	618	619	11	800	925	258M10I10M4D23M38D28M25D22M22D17M12D6M76D1M2I4M1D22M1I11M2I44M2I50M2D16M2I14M2D9M3D18M8D7M4I11M2D24M
29	2526	0.320	3.537E-59	1	618	619	11	831	970	258M11I5M4D12M5D8M1D3M30D2M18D10M13D19M5I10M20D3M35D21M83D7M9D2M2I25M1I12M2I42M2I51M2D16M2I14M2D9M3D22M5D3M2I37M
34	2524	0.321	3.946E-59	1	618	619	11	831	970	258M11I5M4D12M5D8M1D7M21D12M4D25M1D7M85D13M47D9M36D7M8D3M1I25M1I12M2I42M2I51M2D16M2I14M2D9M3D22M5D3M2I37M
85	2524	0.315	3.946E-59	1	618	619	11	831	970	258M11I5M4D12M5D8M45D8M53D27M42D17M19D24M42D11M1D22M1I11M2I43M2I51M2D16M2I14M2D9M3D22M5D3M2I37M
35	2523	0.326	4.168E-59	1	618	619	11	806	929	261M4I9M2I31M17D21M24D6M56D24M14D13M46D3M20D1M2I4M1D22M1I11M2I44M2I50M2D16M2I14M2D9M3D23M4D18M4D23M
118	2523	0.334	4.168E-59	1	618	619	11	849	978	258M12I8M5D8M5D6M19D8M31D9M16D9M22D11M44D23M32D9M25D13M20D2M2I25M1I12M2I43M2I48M2D15M2I18M1D3M11D32M3I11M12D23M
45	2521	0.330	4.650E-59	1	618	619	11	798	927	255M6I47M31D18M9D17M58D14M33D20M43D4M1D22M1I11M2I44M2I50M2D16M2I14M2D9M3D23M4D16M3I22M
28	2521	0.321	4.650E-59	1	618	619	11	832	971	258M11I5M4D12M5D8M47D8M2D7M14D18M75D31M22D9M36D7M9D2M2I25M1I11M2I43M2I51M2D16M2I14M2D9M3D22M5D3M2I37M
43	2520	0.329	4.911E-59	1	618	619	11	805	931	256M6I39M83D19M16D36M47D15M13D3M21D1M2I4M1D22M1I17M2I38M2I50M2D16M2I14M2D9M3D23M4D41M
109	2519	0.325	5.188E-59	1	618	619	11	801	915	259M11I4M5D21M37D15M47D16M6D3M4I3M8D10M6D18M18D8M62D2M7I22M1I11M2I44M2I50M2D16M2I14M2D9M3D23M4D18M2D23M
24	2519	0.322	5.188E-59	1	618	619	11	831	970	258M11I5M4D12M5D8M1D7M71D12M13D9M49D14M1I4M16D6M10D18M15D9M30D2M2I25M1I11M2I43M2I51M2D16M2I14M2D9M3D22M5D3M2I37M
112	2519	0.328	5.188E-59	1	618	619	11	836	971	258M11I5M4D12M5D8M1D4M46D4M18D14M25D8M6D6M39D11M9D12M16D17M24D4M21D2M2I25M1I11M2I43M2I51M2D16M2I14M2D9M3D22M7D4M4I20M4D14M
61	2518	0.330	5.479E-59	1	618	619	11	812	933	258M14I2M7D12M5D8M1D4M39D12M56D17M33D10M30D12M2D5M3I17M8D3M1I25M1I11M2I43M2I51M2D13M2I17M2D9M3D22M3D17M18D25M
31	2515	0.323	6.457E-59	1	618	619	11	831	970	258M11I5M4D12M5D8M1D9M15D9M10D15M5D6M26D9M94D14M8D11M36D7M9D2M2I25M1I11M2I43M2I51M2D16M2I14M2D9M3D22M5D3M2I37M
27	2512	0.317	7.608E-59	1	618	619	11	831	970	258M11I5M4D12M5D8M1D3M108D4M25D38M58D18M3D17M8D1M2I4M1D22M1I12M2I42M2I51M2D16M2I14M2D9M3D22M5D3M2I37M
102	2511	0.320	8.036E-59	1	618	619	11	830	964	258M13I4M6D12M4D5M20D13M14D9M5D3M51D7M7D5M5I15M17D7M16D11M64D7M8D3M1I25M1I11M2I44M2I46M1D4M1D16M2I14M2D9M3D22M7D4M4I11M6D23M
26	2509	0.317	8.965E-59	1	618	619	11	831	970	258M11I5M4D12M5D8M1D9M15D9M10D31M39D7M47D17M83D7M9D2M2I25M1I11M2I43M2I51M2D16M2I14M2D9M3D22M5D3M2I37M
92	2509	0.298	8.965E-59	1	618	619	7	912	1084	258M9I7M6D21M9D3M14D9M22D6M31D5M36D42M115D16M25D5M1D23M1I10M2I94M2D18M2I23M5D18M4D8M1I10M32D4M1D23M
75	2508	0.316	9.469E-59	1	615	619	11	834	970	258M11I5M4D12M5D8M1D7M21D10M6D27M29D6M10D4M47D19M81D7M9D2M2I25M1I11M2I43M2I51M2D13M2I17M2D9M3D18M7D8M4I11M6D20M
105	2506	0.313	1.056E-58	1	618	619	11	833	963	258M13I3M6D20M6D7M21D10M6D16M5D15M34D6M46D19M36D10M51D4M2D22M1I11M2I43M2I49M2D18M2I14M2D9M3D22M3D31M2D11M
108	2505	0.337	1.116E-58	1	618	619	11	794	928	258M11I5M4D12M5D8M46D9M18D24M35D12M62D9M3D24M1D31M1I15M2I35M1I2M1I53M2D16M2I14M2D9M3D20M6D7M3I34M
66	2503	0.327	1.245E-58	1	618	619	11	792	923	68M1D190M11I5M5D16M5D13M48D6M3D14M48D21M2D9M13D21M7I52D22M1I11M2I44M2I50M2D16M2I25M5D21M4D21M1D20M
42	2501	0.326	1.389E-58	1	618	619	11	802	933	258M11I6M5D17M95D13M2D8M32D4M46D12M10I9M20D9M2I15M8I21M1I15M2I40M2I50M2D16M2I14M2D9M3D23M4D32M1D9M
107	2501	0.317	1.389E-58	1	618	619	11	836	969	258M11I5M4D15M1D10M53D10M39D20M50D21M23D13M7D11M35D3M1I25M1I11M2I43M2I51M2D16M2I14M2D9M3D22M3D21M2D9M3D12M
22	2500	0.314	1.467E-58	1	618	619	11	837	958	254M10I13M3D17M6D4M38D8M23D10M25D13M40D29M21D12M24D4M20D3M1I25M1I11M2I43M2I51M2D16M2I14M2D9M3D22M3D18M17D24M
5	2499	0.322	1.549E-58	1	618	619	11	831	970	258M11I5M4D12M5D8M1D9M15D9M11D13M4D8M26D9M8D8M47D17M83D7M9D2M2I25M1I11M2I43M2I51M2D16M2I14M2D9M3D22M5D3M2I37M
57	2498	0.327	1.636E-58	1	618	619	11	808	931	258M11I5M5D12M5D17M19D10M1D10M12D6M4I14M37D8M5D19M104D3M1I25M1I17M2I38M2I50M2D16M2I14M2D9M3D23M4D18M4D23M
83	2494	0.325	2.037E-58	1	618	619	36	826	947	255M6I31M35D17M47D20M9I3M22D33M81D1M2I4M1D22M1I17M2I38M2I50M2D16M2I14M2D9M3D23M4D41M
53	2492	0.325	2.272E-58	1	618	619	11	825	964	256M15I7M8D8M5D8M1D7M15D11M11D6M1D25M39D6M47D12M81D20M1D22M1I11M2I43M2I51M2D13M2I17M2D9M3D20M6D7M3I34M
130	2492	0.322	2.272E-58	1	618	619	11	845	983	258M8I12M1D10M46D9M11D5M17D8M24D15M1D22M23D7M54D14M43D13M1D22M1I11M2I44M2I50M2D13M2I17M2D9M3D21M4D43M
65	2488	0.329	2.828E-58	1	618	619	6	789	879	259M11I4M4D13M7D6M32D5M17D6M17D16M27D9M7D11M24D22M14D12M41D7M1I21M1I17M2I38M2I48M2D15M2I17M4D37M11I25M
59	2484	0.311	3.520E-58	1	618	619	12	855	982	258M12I7M5D12M57D17M17D12M50D10M9I5M2D15M91D17M23D7M1I21M1I11M2I44M2I46M1D4M1D16M2I14M8D7M4I21M4D41M
96	2477	0.350	5.162E-58	1	618	619	44	844	948	21M2I3M3I228M2I12M2D10M5D31M5D11M85D6M27D12M26D19M2D13M14D3M2I4M10D21M1I15M2I24M4I61M1D19M2I15M1D10M3D19M4D18M3D5M13D20M
68	2471	0.335	7.168E-58	12	618	619	17	779	901	9M2I236M11I5M4D12M5D17M22D23M14D26M7D5M49D17M51D6M1D23M1I11M2I44M2I48M2D18M2I14M7D25M2D10M2I13M15D10M1I12M
117	2471	0.329	7.168E-58	1	618	619	13	828	1003	264M2I15M1I11M39D16M22D15M1I23M55D22M29D4M8D3M38D3M1D23M1I12M2I45M1I49M2D16M2I14M2D8M1D3M2D18M5D19M4D25M
119	2463	0.332	1.110E-57	1	604	619	11	816	968	258M11I5M4D12M5D11M50D13M38D17M45D14M45D15M16D18M9D2M2I25M1I11M2I39M2I55M2D16M2I14M2D9M3D22M3D28M
64	2458	0.309	1.460E-57	1	618	619	11	847	968	258M11I5M4D12M5D8M1D7M11D11M16D31M38D7M47D17M80D7M8D1M2I4M1D22M1I11M2I43M2I51M2D16M2I14M2D9M3D22M3D16M18D26M
73	2457	0.336	1.542E-57	13	618	619	2	794	933	246M11I5M4D12M5D11M21D21M9D9M5D11M63D6M9D21M6D8M73D8M2D22M1I11M2I43M2I48M2D19M2I14M1I8M5D19M2D45M
60	2430	0.300	6.754E-57	0	618	619	8	860	994	20M8D7M5D232M7I22M49D11M6D5M17D24M68D11M23D20M11D12M40D3M5D8M6D22M1I15M2I40M2I46M1D4M1D16M2I14M9D6M5I21M4D41M
18	2423	0.304	9.905E-57	1	618	619	7	889	1248	254M16I5M14D21M40D9M50D19M5D3M168D27M3I20M2D5M2D21M1I12M2I28M1I13M1I52M2D16M2I14M1D8M10D6M1D21M4I34M
8	2408	0.320	2.250E-56	1	618	619	13	861	1016	254M1D14M2D5M61D5M2D28M37D23M6I7M34D7M36D14M30D13M5I25D22M1I11M2I26M2I9M2D59M2D16M2I12M2D6M3D27M7D5M3I7M8D27M
101	2396	0.294	4.339E-56	0	618	619	25	809	936	260M13I19M51D7M10D4M54D13M20D11M11D31M9D23M7D23M1I10M2I31M2D13M2I51M2D16M2I14M13D12M3D21M4D40M
55	2378	0.314	1.161E-55	1	618	619	11	793	893	101M1I154M10I12M4D23M9D7M52D3M15D15M13D3M34D12M20D7M15D11M14D22M5D22M1I11M2I44M2I11M1I38M2D8M1I7M2I14M2D9M1I2M11I8M12D42M
125	2372	0.325	1.613E-55	1	618	619	33	728	813	258M6I9M2D55M5D10M56D10M10D19M10D7M6I23M1I11M2I26M15I53M2D18M2I14M2D9M3D22M2D16M18D26M
81	2319	0.309	2.930E-54	29	618	619	7	817	885	230M11I5M4D12M5D8M1D4M39D12M48D24M37D10M17D5M51D25M8D3M1I25M1I11M2I43M2I51M2D13M2I17M2D9M3D22M3D18M20D24M
80	2291	0.315	1.355E-53	32	618	619	1	805	931	227M11I5M4D22M30D15M3D14M6D13M73D19M50D17M2I1M51D4M2D22M1I11M2I43M2I49M2D15M2I17M1I8M5D19M3D25M10D20M
32	2282	0.310	2.218E-53	32	618	619	1	790	929	225M6D4M91D27M25D19M10D23M6D10M52D18M3D17M8D3M1I25M1I11M2I43M2I51M2D16M2I14M2D9M3D22M5D3M2I37M
9	2224	0.384	5.296E-52	0	618	619	12	498	639	95M1D163M14I26M5I37M36I6M22I3M10I3M47I66M1I22M2I19M1D27M3D15M
114	2218	0.287	7.353E-52	1	618	619	11	808	929	209M1D49M12I21M15D30M85D8M5I16M26D9M1D13M65D2M7I23M1I9M2I27M2D17M2I51M2D15M7I10M5D12M3D19M4D17M7D25M
84	2212	0.317	1.021E-51	37	618	619	0	799	929	222M10I9M3D9M12D13M43D10M16D11M22D9M6I3M5D5M12D7M8D7M50D17M2I1M56D4M2D22M1I11M2I43M2I49M2D17M2I15M1I8M5D17M6D8M3I12M5D24M
104	2206	0.295	1.418E-51	1	618	619	11	799	938	32M32I194M11I5M4D12M5D8M47D8M2D7M13D19M5I9M8D23M109D9M29D3M1I25M1I12M2I42M2I49M2D15M2I17M2D9M3D22M5D3M2I37M
14	2178	0.330	6.559E-51	1	617	619	91	801	886	91M24I5M1I7M3I72M1D54M8I20M3D10M4D8M26D26M9I3M15D8M13D23M76D2M7I22M1I10M2I97M2D16M2I25M5D20M2D16M4D25M
79	2169	0.307	1.073E-50	43	618	619	1	758	889	216M12I8M6D15M58D6M2D39M8D11M13D19M74D5M35D1M7I22M1I15M2I40M2I46M1D4M1D16M2I23M5D23M4D32M1D9M
123	2140	0.326	5.245E-50	34	562	619	0	713	715	225M7I9M98D17M7D15M22D3M2D19M2D10M17D14M2D14M32D8M8D3M1I25M1I11M2I44M2I46M1D4M1D15M1I26M7D7M
103	2078	0.289	1.559E-48	16	618	619	0	767	886	49M4I8M5I7M2I168M12I15M13D12M81D22M18D10M27D9M3D5M30D38M1I21M1I11M2I96M2D16M2I23M5D22M8D4M4I9M8D15M3D10M
110	1952	0.288	1.536E-45	80	618	619	0	741	880	179M11I5M4D13M37D22M30D20M75D4M55D24M3D17M8D3M1I25M1I12M2I42M2I51M2D13M2I17M2D9M3D22M5D3M2I37M
19	1766	0.228	4.033E-41	1	618	619	18	651	735	22M1D16M2D44M1I11M1I43M1D10M5D6M8D18M1I3M3D28M2D7M5D4M5I56M1I50M13I14M5I19M1I18M4D6M1I11M2I26M1I19M1I7M2D42M2D16M2I14M5D6M5D9M6D58M
90	1455	0.202	9.881E-34	2	618	619	13	607	697	2M1I18M1I14M5I52M1I40M5D15M1I23M1I29M13I41M11D14M5D17M6D14M1D24M14I10M13I10M8I24M1I11M5I3M2D10M1I5M5I6M6D7M4D38M1I2M5D9M1I35M6I24M6D15M1D12M4D15M
4	1370	0.217	1.034E-31	1	583	619	10	599	688	40M4I50M1I37M3D6M2D14M1I22M1I22M4D10M12I37M1I2M14I11M1D44M4I27M18D13M27D2M9I5M1D12M1I16M5I9M3D4M1D6M2I15M3D8M2I3M5D31M4D8M1I33M1D7M8I23M
129	1338	0.201	5.951E-31	2	618	619	0	549	656	5M2D16M1I9M35I4M2D1M1D22M1I40M3D4M2D11M1I23M1I30M13I39M21D31M1I37M8I19M24I3M4I22M1I11M5I9M2D4M1D9M1D17M1D6M1D33M4D10M1I39M6I24M3I4M1D5M4I21M
99	1224	0.258	3.042E-28	5	467	619	27	449	450	18M1I14M5I52M1I38M3D3M1D14M1I23M1I24M1I4M3D7M12I34M2D33M3D32M16I16M6I14M8I24M1I6M4I5M1I9M4D2M2I5M1D21M3D5M
17	778	0.195	1.202E-17	1	462	619	5	449	985	19M2I26M3I14M1I4M1D31M1I31M2D5M1D21M9D19M1I18M12D8M5D2M3I11M9D30M2I4M3D27M2D14M1I28M12I36M7I17M2I6M5I8M21I22M
93	714	0.178	3.985E-16	1	374	619	13	378	803	32M3D7M10I33M1I12M1I39M7D15M3I19M2D28M10D5M8D10M4I31M2I2M6I37M1I31M9I16M1I19M
 107	7049	1.00	0.000E+00	0	968	969	0	968	969	969M
30	6175	0.865	0.000E+00	0	968	969	0	971	972	349M2D162M1I73M1D268M1D116M
86	6157	0.870	0.000E+00	0	968	969	0	969	970	853M1D116M
5	6146	0.865	0.000E+00	0	968	969	0	969	970	853M1D116M
85	6132	0.868	0.000E+00	0	968	969	0	969	970	853M1D116M
25	6124	0.859	0.000E+00	0	968	969	0	969	970	853M1D116M
106	6112	0.872	0.000E+00	0	968	969	0	969	970	853M1D116M
26	6098	0.865	0.000E+00	0	968	969	0	969	970	853M1D116M
24	6095	0.856	0.000E+00	0	968	969	0	969	970	853M1D116M
38	6082	0.866	0.000E+00	0	968	969	0	968	969	349M2D65M2I95M1I341M1D116M
29	6075	0.863	0.000E+00	0	968	969	0	969	970	853M1D116M
27	6046	0.861	0.000E+00	0	968	969	0	969	970	853M1D116M
28	6041	0.863	0.000E+00	0	968	969	0	970	971	367M1D486M1D116M
34	6034	0.870	0.000E+00	0	968	969	0	969	970	853M1D116M
64	6031	0.849	0.000E+00	0	968	969	0	967	968	349M2D67M1I84M1I9M1I6M1I333M1D117M
31	6017	0.858	0.000E+00	0	968	969	0	969	970	853M1D116M
75	6014	0.844	0.000E+00	0	968	969	0	969	970	349M2D162M1I9M1I331M1D116M
112	6003	0.841	0.000E+00	0	968	969	0	970	971	359M2D143M1I314M1I32M2D119M
53	5994	0.860	0.000E+00	0	968	969	0	963	964	356M2D155M1I35M6I4M1I295M1D116M
6	5994	0.859	0.000E+00	0	968	969	0	969	970	853M1D116M
39	5991	0.855	0.000E+00	0	968	969	0	964	965	349M2D162M1I8M4I316M1I12M1D21M1I94M
33	5948	0.848	0.000E+00	0	968	969	0	969	970	853M1D116M
119	5895	0.850	0.000E+00	0	968	969	0	967	968	349M2D42M2I118M1I457M
62	5888	0.813	0.000E+00	0	968	969	0	930	931	349M2D62M15I8M19I58M1I8M4I302M11I3M10D13M1D21M1I94M
22	5867	0.829	0.000E+00	0	968	969	0	957	958	336M1I80M7I38M2I48M1I307M1I32M1D116M
105	5847	0.839	0.000E+00	0	968	969	0	962	963	354M2D77M1I79M1I308M1I5M6I20M1D117M
61	5817	0.807	0.000E+00	0	968	969	0	932	933	349M2D66M1I55M17I6M10I10M11I327M1D117M
111	5785	0.831	0.000E+00	0	968	969	0	937	938	356M2D61M11I2M22I368M1I32M1D116M
131	5685	0.784	0.000E+00	0	968	969	0	895	896	349M2D66M1I70M78I286M4D119M
94	5603	0.788	0.000E+00	0	968	969	0	923	924	336M1I12M2D37M1I29M6I3M28I34M3I21M1I47M2I259M1I32M1D21M5I90M
108	5536	0.771	0.000E+00	0	968	969	0	927	928	336M1I12M2D37M1I24M37I3M2D58M1I35M1D17M2I256M1I35M1D18M4I91M
104	5530	0.822	0.000E+00	0	968	969	0	937	938	44M32I776M1D117M
32	5509	0.852	0.000E+00	42	968	969	1	928	929	811M1D116M
67	5456	0.737	0.000E+00	5	968	969	6	963	964	331M1I11M2D108M2I53M1I312M5I12M1D128M
102	5288	0.691	0.000E+00	0	968	969	0	963	964	336M1I11M2D104M2I23M6I358M1D12M1D116M
110	5179	0.853	0.000E+00	90	968	969	0	879	880	763M1D116M
72	5150	0.665	0.000E+00	0	967	969	0	957	958	337M1I12M2D53M1I41M7I50M1D29M1D26M1I21M1I177M1I59M1I24M1I125M
118	5080	0.672	0.000E+00	0	967	969	0	977	978	338M1I11M2D53M1I42M3D3M1D45M1D37M1D46M1I180M1I13M2D47M1D29M3D120M
127	4938	0.654	0.000E+00	0	966	969	43	1012	1013	337M1I12M2D53M1I41M4D49M1D39M2D24M1I21M1I177M1I59M1I20M1I124M1D4M
115	4744	0.577	0.000E+00	0	967	969	0	981	982	294M3D33M1D22M1D13M1D30M1D29M1I19M1I28M3I13M1D15M4D28M1D43M1D223M1D21M1D58M3D94M
81	4711	0.790	0.000E+00	39	889	969	7	883	885	310M2D65M2I60M1I34M1I305M2D39M26D34M
15	4686	0.572	0.000E+00	0	966	969	38	982	983	3M2I297M1I22M1I29M2I39M1D15M3I29M1I56M1D34M10I16M2I19M2I173M1I96M1D114M
16	4656	0.584	4.951E-104	5	966	969	39	977	978	300M1I20M1D9M3I54M1D19M3I29M1I26M2I28M1D30M10I20M2I19M2I173M1I58M1I17M1D26M1I107M
130	4641	0.561	1.066E-103	0	967	969	0	982	983	295M3D52M2D19M1D28M1D41M2D45M3I34M5D14M1D47M1D205M1D34M1I35M2D115M
74	4621	0.597	3.011E-103	7	936	969	1	902	926	423M2D51M4I16M8I13M7I40M1I188M2I33M1I23M3I6M3I9M1I98M
73	4614	0.612	4.330E-103	23	966	969	2	932	933	313M1I11M2D60M1I37M5I46M4I25M1D21M6I205M1I34M1I33M1D25M1D111M1D4M
68	4607	0.593	6.225E-103	1	966	969	6	900	901	10M10I7M2I320M2D55M39I6M1I19M19I11M3I28M1D26M2D16M1I183M1I59M1I18M1I16M1D110M1D4M
80	4539	0.648	2.117E-101	42	967	969	1	930	931	295M1I12M2D53M1I41M4D57M1D28M1D32M1D17M1I177M1I62M1I21M1I10M1D115M
59	4501	0.541	1.520E-100	0	962	969	0	973	982	7M1D287M3D62M2D10M1D29M1D36M2D54M1D18M4D28M2D18M6D34M1D173M1I34M2D5M1I14M2I10M11I129M
84	4499	0.636	1.686E-100	47	966	969	0	928	929	286M1I16M2D66M1I29M4D56M1D28M1D35M6D14M1I177M1I59M1I18M1I126M1D4M
54	4381	0.514	7.668E-98	0	968	969	0	920	923	281M1D78M3D22M2I27M11I37M1I11M16I63M3I6M6I231M1D13M5I16M10I119M1D11M
56	4367	0.500	1.585E-97	0	968	969	0	927	931	268M9D3M8I43M2I41M1D41M11I54M4I4M5I58M8I17M1D219M1D30M15I138M
43	4357	0.503	2.662E-97	0	968	969	0	927	931	265M11D4M10I87M1D21M1I32M1I30M1D17M18I18M2I24M1I10M5I10M2I237M1D22M5I7M10I130M
45	4344	0.513	5.225E-97	0	968	969	0	924	927	281M1D70M4D14M2I14M2I27M11I26M1D22M15I18M2D47M3I6M6I231M1D13M5I16M10I119M1D11M
3	4342	0.504	5.796E-97	0	967	969	0	881	882	265M13D4M12I58M17I9M1D45M11I20M5I23M22I31M7I15M3I14M1I10M8I215M1D24M15I134M
42	4338	0.516	7.132E-97	0	968	969	0	931	933	279M1D21M2I38M4I12M2I35M1I25M1D30M1I19M17I32M10I25M3D13M3D9M1I10M1I200M1D34M7I25M1D28M1D80M2I6M
23	4330	0.508	1.080E-96	0	965	969	0	930	935	279M1D22M1I35M4I15M2I32M1I19M2I15M11I32M19I34M5D36M4D30M1D207M1D25M7I25M1D28M1D80M2I3M
113	4327	0.505	1.262E-96	0	966	969	0	914	915	274M2D4M1I61M4I3M2I16M1D105M16I66M1I13M16I213M1D19M4I3M14I38M4I84M6D6M
78	4322	0.517	1.635E-96	0	968	969	0	938	940	280M1D21M1I53M1I10M1D18M1I25M8I29M1D23M17I8M2I30M1I16M5I8M1I12M3D20M7D205M1D11M1I16M6I24M1D32M1D76M2I6M
77	4316	0.500	2.232E-96	0	968	969	0	924	925	277M1D76M2D40M1I76M16I11M1I12M3I8M1D28M17I228M1D16M6I14M11I122M6D6M
116	4311	0.504	2.893E-96	0	968	969	0	892	893	265M11D4M10I53M7I7M1I19M1D16M4I19M11I20M5I10M1D28M7I22M4I11M4I10M1D10M18I221M1D28M2I9M16I12M1D20M4I22M1D70M
109	4306	0.498	3.750E-96	0	966	969	0	914	915	281M1D85M1D54M2I22M4I7M3I12M14I82M12I217M1D25M5I3M11I34M4I90M
44	4300	0.504	5.119E-96	0	968	969	0	882	886	266M6D9M5I52M2I7M15I9M1D45M8I12M8I31M22I31M7I40M12I214M1D24M15I135M
50	4300	0.509	5.119E-96	0	968	969	0	904	906	265M11D4M10I87M1D15M2I27M11I14M5I14M9I7M14I20M2I36M3D11M12I230M1D20M5I9M10I130M
51	4297	0.511	5.981E-96	0	962	969	0	921	932	281M1D59M1I109M1I17M18I18M2I52M6I231M1D20M5I9M10I124M
57	4296	0.511	6.299E-96	0	962	969	0	920	931	278M1D23M1I44M1D20M1D79M1D25M16I13M4I39M11I242M1D22M8I7M7I124M
41	4295	0.504	6.634E-96	0	967	969	0	923	924	265M11D4M10I20M3I36M1I26M1D41M12I40M1I10M4I6M3I22M2I38M6I19M1I225M1D13M12I4M5I46M1I87M4D5M
69	4290	0.508	8.599E-96	0	968	969	0	920	924	277M1D62M1I18M8I18M2I34M2I27M2I19M14I74M6I227M1D17M3I2M5D4M17I135M
52	4279	0.490	1.521E-95	0	968	969	0	904	913	265M13D4M12I51M4I30M1D44M11I28M2I19M14I16M2I23M6I8M1I13M12I230M1D29M15I130M
49	4278	0.500	1.602E-95	0	968	969	0	858	862	265M13D4M12I58M17I9M1D45M8I12M8I32M16I13M18I8M22I14M1I10M8I215M1D17M13I8M2I134M
60	4274	0.504	1.972E-95	5	968	969	1	991	994	5M2D21M8D6M5D257M3D70M1D24M1D36M1D28M1D109M1D25M10D170M1I30M1D24M2I31M2I7M1I25M1I89M
76	4263	0.510	3.488E-95	0	968	969	0	921	925	268M2D10M1I112M1I78M16I13M4I30M1I19M12I230M1D14M3I5M7I12M5I128M
35	4258	0.500	4.521E-95	0	966	969	0	928	929	266M12D2M11I48M1D39M1D21M1I18M11I18M5I30M14I51M2I258M1D18M1I3M3I10M10I123M5D4M
71	4251	0.512	6.500E-95	4	962	969	16	924	934	277M1D70M1D15M1D15M2I27M11I37M1D11M15I15M3I47M3I6M6I231M1D13M5I16M10I124M
48	4245	0.503	8.872E-95	0	967	969	0	898	899	265M11D6M10I20M2I30M1I22M2I29M4I20M7I52M8I2M6I24M3I13M2D25M4I6M19I215M1D28M18I12M1D115M
46	4243	0.507	9.842E-95	0	962	969	0	915	926	281M1D59M1I69M8I12M8I19M1I12M16I18M2I52M6I231M1D16M9I9M10I99M12D25M
66	4221	0.498	3.081E-94	0	968	969	0	921	923	82M1D198M1D21M1I34M13I15M1I25M1I34M2D22M1I22M17I43M1I48M10I206M1D27M7I24M1D28M1D80M2I6M
13	4200	0.492	9.155E-94	0	968	969	0	890	894	268M9D3M8I43M3D36M7I46M1I8M1I11M3I33M18I12M17I10M15I14M1I17M5I218M1D21M15I138M
83	4196	0.501	1.127E-93	5	965	969	29	942	947	2M1D258M11D6M10I20M3I6M2D23M1I6M3I48M1D14M2D65M16I18M2I21M4I44M8I203M1D31M6I8M12I10M1D24M1D84M2I3M
65	4181	0.516	2.453E-93	7	968	969	2	876	879	296M2D56M3D54M6I4M12I9M18I23M1D17M4D51M3D27M1D176M1I35M64I113M
82	4159	0.500	7.676E-93	5	965	969	30	942	947	2M1D258M11D6M10I29M1D23M1I22M2I33M1D44M2D35M16I18M2I40M7I21M9I212M1D17M1I39M11I9M4I85M2I3M
70	4139	0.494	2.166E-92	0	968	969	0	855	858	281M1D16M37I7M16D24M2I14M2I22M36I6M8I13M19I14M4I44M3I6M6I222M1D22M5I16M10I124M1D6M
47	4136	0.485	2.531E-92	0	962	969	0	809	820	265M13D4M12I83M2I21M1I26M6I7M6I14M2I16M21I11M67I6M13I212M1D22M8I7M7I16M14I6M8I80M
58	4136	0.511	2.531E-92	0	968	969	0	886	889	281M1D70M1D15M1D15M2I22M36I6M8I14M13I3M1D17M2D47M3I6M6I231M1D10M1I27M20I6M1I98M1D11M
55	4000	0.486	2.928E-89	0	968	969	0	889	893	112M1I168M1D75M1D6M1D7M2I42M8I9M8I41M3I30M1I28M4I16M6I113M1I48M1I38M19I9M6I53M21I56M1I36M
79	3828	0.488	2.192E-85	52	968	969	0	887	889	228M1D21M1I80M1I28M8I28M1D23M19I38M1I27M5D8M4D23M4I196M1D21M3I16M4I43M2D88M2I6M
103	3810	0.501	5.575E-85	26	966	969	0	885	886	49M4I8M5I7M2I170M5I15M1D23M1D39M12I60M3I59M11D31M11I2M16I8M3I5M1I17M3I82M2D126M1D60M4I18M3I85M1D5M
117	3764	0.369	6.059E-84	0	968	969	0	995	1003	5M2D265M9D3M8I24M3I15M5D16M3I25M7I31M3I19M1I42M16I46M4D4M1D20M10D107M1D128M2D17M11D29M2D29M21D103M
128	3667	0.374	9.275E-82	2	966	969	0	875	876	3M3D264M6I4M9D13M1D29M2D41M15I34M1D68M3I17M83I86M1D127M1D17M1I22M4I13M1D31M1D78M3D6M
92	3664	0.371	1.084E-81	5	966	969	1	1083	1084	264M2D9M2D41M1D26M11D9M1D14M2D13M4D33M8D17M3D18M3D21M14I43M1I26M15D15M2D11M11D88M2D137M33D41M7D26M28D91M1D4M
8	3508	0.348	3.538E-78	0	968	969	0	1015	1016	5M2D265M14D60M17D23M12D95M1D22M19I11M3I72M1D9M6I80M2D127M1D11M12D51M10D25M1D78M2D7M
122	3492	0.339	8.112E-78	7	968	969	6	970	1001	258M2D23M1D12M7I39M24D12M21I50M12I29M16I6M1D32M5I7M2I18M7I23M4I77M1D119M2D21M21D26M17D16M12D95M2D11M6I8M
101	3446	0.360	8.816E-77	5	961	969	20	929	936	264M1I4M5I25M3I10M1I45M11I47M1D49M14I13M3I39M9I11M8I27M3D57M2D103M8D3M3D38M1D12M2I14M9I20M2I31M3D77M
18	3364	0.310	6.198E-75	5	966	969	1	1247	1248	264M5D69M6D49M1I52M1I31M15I25M4D22M2D2M24D37M30D13M8D68M1I11M1D180M119D18M28D15M14D2M62D86M
114	3263	0.352	1.168E-72	5	961	969	5	923	929	215M1D49M5I18M2I41M3D31M2I30M2I43M8I19M16I163M2D86M5I17M3D38M1D14M6D22M1I31M15I6M2D78M
126	3233	0.344	5.534E-72	6	963	969	10	807	808	97M2I163M10D2M11I23M7I22M8I14M28I18M18I50M11I12M42I2M45I5M7D133M1I36M2I28M3I48M3D82M1I2M1I41M
100	3219	0.331	1.144E-71	0	968	969	0	799	806	3M1I268M10I14M5I20M4I30M19I7M2I12M4I30M7I8M7I19M17I13M30I8M50I77M1D5M1D81M2D5M4D1M4I30M3D16M22I30M2I16M2D7M1I49M1D24M2D11M
91	3188	0.332	5.710E-71	5	968	969	9	786	788	99M1D163M15D16M24I4M3I16M14I13M58I17M6I17M6I9M16I13M22I9M27I30M2I64M2I10M4D5M2I80M1D1M7I36M1I12M17I8M4I45M1I3M1I33M2D17M4D31M
98	3118	0.319	2.154E-69	5	968	969	13	775	776	101M1D160M6I1M13D13M27I5M16I4M18I5M52I18M2I24M29I14M5I17M12I11M24I13M4D5M2I64M2I10M1D5M1D75M1I8M6I34M1I13M5I20M14I28M3I6M3I32M2D22M4D24M1D4M
124	3117	0.343	2.269E-69	5	957	969	1	707	713	258M3D11M94I5M9D3M43I11M5I28M11I24M54I21M10I4M2I40M1D23M1I17M2D86M1I28M1I24M26I15M5I20M8I39M1D6M1I28M
7	3100	0.322	5.480E-69	0	968	969	2	823	857	5M1D100M1D162M2D44M104I15M9I17M2I12M11I70M13I23M2I39M2D43M3D46M2I18M1D10M2I11M4I34M1I18M10I24M5I31M2D32M2D38M2D6M2D6M
96	3080	0.321	1.546E-68	5	966	969	38	942	948	30M5I225M18D13M13I25M7I39M27I16M3I38M6I18M10D9M8D32M2I49M7I21M1D62M4I9M4D5M2I48M1I32M1I38M1D20M25I13M2D36M1I74M3D6M
97	3078	0.319	1.715E-68	0	968	969	21	782	786	106M1D160M6I15D6M24I2M8I18M44I13M16I9M39I15M21I11M5I17M11I16M1I21M14I4M2I63M3I10M1D5M1D84M6I34M1I13M5D3M27I35M3I46M1D16M2D21M2I8M
89	3073	0.310	2.223E-68	5	968	969	7	758	777	100M1D163M1I1M15I8M25I15M8I22M57I37M5I7M18I10M46I14M7I5M15I3M2I39M2D39M4D3M2I47M2I16M1D13M3I3M4I26M2I19M13I56M2I45M2D39M5D7M
10	3065	0.314	3.366E-68	5	968	969	26	783	784	101M1D159M14D9M8I4M31I13M44I13M16I9M52I6M18I46M16I28M6I3M2I63M2I11M4D5M2I82M6I34M1I19M5I12M14I29M2I6M5I32M2D21M2D24M1D5M
88	3042	0.314	1.110E-67	5	968	969	7	750	770	263M10I11M147I14M2D4M32I26M8I21M5I3M5I30M1D3M2I39M2D39M4D3M2I47M2I12M1D14M2I7M5I24M1I12M1I8M11I26M2I29M2I46M2D39M5D7M
40	3040	0.298	1.231E-67	0	968	969	1	757	776	105M1D163M69I9M22I2M3D10M66I8M32I13M1I20M6I45M3I12M3I39M2D39M4D3M2I45M2I18M1D10M2I7M5I34M2I10M13I56M2I45M2D40M5D6M
20	3036	0.310	1.515E-67	5	968	969	7	750	772	269M77I4M11I7M66I12M10I8M20I23M5I14M13I43M2I39M2D39M4D3M2I45M2I18M1D17M7I24M1I12M1I16M13I52M2I38M2D43M3D6M
120	3017	0.330	4.058E-67	5	968	969	7	758	764	98M2I162M5D21M2I13M5I46M66I11M4I20M2I5M1I10M6I14M3I11M36I6M32I6M4I33M2D39M1D7M1D49M2I16M1D51M4I6M1I9M24I17M14I9M12I2M1I35M1I46M
0	3012	0.311	5.260E-67	5	968	969	13	753	754	101M1D160M104I2M98I11M3D21M1D29M1D56M2I63M3I10M1D5M1D77M1D7M6I34M1I15M1D12M19I34M2I7M3I30M2D21M2D26M1D5M
95	3009	0.318	6.145E-67	5	968	969	1	716	720	98M2I162M5D13M27I29M37I55M30I21M107I1M5I32M2D44M2D51M2I16M1D51M5I14M16I21M17I16M6I1M3I35M1I46M
87	3009	0.318	6.145E-67	5	968	969	7	749	770	100M1D173M6D25M2I15M40I3M65I7M1I12M12I10M19I11M59I15M9I4M2I39M2D42M2D47M2I18M1D10M2I7M5I25M2I19M14I24M1D7M7I25M1D35M2D43M4D7M
63	3002	0.312	8.835E-67	5	968	969	7	768	778	100M1D166M17I18M29I4M12I3M18I3M1D21M52I8M30I13M4I21M16I15M7I12M9I4M2I39M2D39M4D2M2I46M2I17M1D11M2I7M5I23M2I21M14I13M2D40M7I37M4D3M2I39M15D7M
37	2994	0.316	1.338E-66	4	968	969	2	810	829	11M2D144M1I105M17D4M23I13M10I9M1I4M86I8M12I12M10I17M9D36M1I10M4I28M7I27M2I39M2D37M1D5M1D49M2I16M1D13M1I12M2I22M3I19M3D12M28I11M1I60M2D48M
36	2969	0.314	4.892E-66	2	968	969	0	810	829	12M2D145M1I105M17D4M23I13M10I9M1I4M86I8M12I12M10I13M9D40M1I10M4I51M7I4M2I39M2D37M1D5M1D49M2I16M1D13M1I12M2I22M2I9M1I8M10D15M1D22M37I37M4D3M2I46M
1	2954	0.311	1.065E-65	0	968	969	0	778	787	281M5I7M34I19M9I9M83I10M2I11M17I10M1I12M9I17M13I4M26I8M1I26M1D13M2D38M1D5M1D49M2I16M2D14M2I7M2I6M1I20M3I20M15I59M1I32M1D4M2D9M7D6M8D2M3D22M8D7M
2	2942	0.313	1.985E-65	1	965	969	6	780	781	103M1I56M1I106M1I7M3I7M89I21M24I11M22I17M19I35M1I46M18I36M1D43M3D49M1D11M1D6M4D55M1D7M4D22M36I21M1I8M3I32M3D11M5D12M3D16M3D8M
125	2899	0.303	1.846E-64	3	957	969	25	805	813	262M4D12M1I14M11I15M94I13M21I10M8I52M1D37M4D33M3I64M13I127M1I6M1D18M5D4M17I19M8I10M12I70M
14	2884	0.322	4.019E-64	5	964	969	85	885	886	104M25I4M4I2M1D70M1D51M10D13M12I16M3I23M8I15M22I7M1I20M15I22M10I18M17I20M2I48M8I17M3D5M2I76M1D5M1D128M1I12M17I12M1I9M28I87M
123	2772	0.430	1.339E-61	44	772	969	0	713	715	230M3I11M3I76M6I18M1I27M1D27M2D25M2D14M1I9M6I51M3I181M1D23M2D14M
21	2744	0.355	5.722E-61	0	811	969	0	701	745	3M1I210M1D51M7D9M6I11M31I18M1I9M2I9M14I19M15I34M2I25M18I56M23I20M2I76M1D5M1D72M1I10M3D3M4I27M3I22M
121	2477	0.314	5.911E-55	11	836	969	1	618	619	258M11D5M4I18M24I12M103I15M12I17M4I14M1D9M64I14M2I3M1D25M1D11M2D43M2D51M2I16M2D14M2I9M3I22M3I27M5I15M
12	2451	0.323	2.277E-54	5	852	969	2	673	675	261M3D40M16I28M75I25M1I5M30I11M26I28M15I21M2I27M1I7M2D35M1D7M1I3M2I45M2I18M1D13M2I36M9I39M1I16M
9	2332	0.274	1.091E-51	5	968	969	7	619	639	100M1D166M59I8M77I24M14I40M179I45M2I18M1D13M5I5M2I24M2I19M20I9M3I21M2D27M2D32M2D44M4D6M
11	2168	0.298	5.392E-48	0	816	969	0	581	596	42M32I193M2D5M4D19M84I25M22I9M30I9M17I25M9I6M22I16M24I25M1D10M2D41M1D5M1D49M2I16M2D14M2I8M3I23M3I17M2D10M
19	1840	0.195	1.318E-40	5	956	969	12	723	735	28M1D13M5D1M3I43M1I11M1I42M1D11M5D4M8D20M1I3M3D27M2D52M202I44M3I30M1I3M2I23M8I5M4I12M2D6M2D47M1I4M1D16M2D77M2D3M2D39M11I15M9I43M3I6M8I4M18I17M1D8M1I18M
90	1365	0.158	6.593E-30	0	961	969	0	693	697	4M1I2M1D26M1I13M5I52M1I41M5D17M1I21M1I29M12I3M1I35M104I2M94I20M10D22M16I30M1I28M7I33M2I5M1I5M2D8M1I5M5I16M12D34M2D4M2D6M3I19M2D18M14I28M18I35M12I10M6I4M1D8M1I4M1I10M1D12M1D11M1D14M1D19M
4	1278	0.169	6.008E-28	0	963	969	0	687	688	3M2I5M1D38M4I52M1I38M3D4M2D16M1I22M1I22M4D10M12I37M2D17M21I5M8I16M8I12M6I11M72I23M21I11M27I21M11I11M5I11M4I36M3I14M3D2M1D6M9I12M10D7M5D29M2D7M2D4M3I17M2D18M8I9M4I11M83I8M3D7M3I5M4D12M7I7M1D22M3D22M
129	1184	0.160	7.872E-26	10	955	969	0	646	656	3M1D1M1I18M1I9M35I3M2D2M1D21M1I41M3D4M2D13M1I18M1I33M13I36M1D8M57I9M125I23M2D12M32I40M1D19M6I27M2I5M1I7M2D6M1D8M1D7M3D14M1D33M1D2M3D10M3I15M2D19M14I16M3I14M6I9M8I15M5I29M3I9M3I5M9I3M1D16M1D6M1D13M1D15M
99	930	0.270	4.143E-20	5	353	969	17	365	450	8M1D1M1I18M1I11M5I54M1I38M3D4M1D14M1I23M1I24M2D12M12I31M17D13M1I42M1I32M
17	810	0.158	2.091E-17	9	887	969	3	898	985	22M2I24M3I15M1I4M1D26M1I38M2D3M1D15M2I6M11D17M1I18M12D8M8D3M7D7M4I33M17D46M6D9M5D58M1D32M17D52M6D12M13I24M14D20M8D37M5D21M2I27M6I8M9I4M5I5M3I14M1I6M5D4M8D17M57I6M1I37M5I9M1I75M
93	664	0.151	4.063E-14	11	606	969	13	763	803	32M3D6M7I2M3I32M1I11M1I39M3D3M4D16M2I3M1I13M2D29M4I6M2I6M20D32M3D8M6D20M5D35M2D12M5D22M104D20M4D68M6D21M13D10M5I85M1D39M
 101	6826	1.00	0.000E+00	0	935	936	0	935	936	936M
114	4281	0.586	1.945E-99	15	933	936	0	927	929	220M1D45M1D27M1I10M2D57M4D47M1D43M3D57M8D11M1D167M16I8M3D59M12D3M1D21M2D21M13I93M
16	3525	0.382	9.934E-82	12	931	936	31	974	978	268M6D25M4D20M8D36M6D10M1I29M1D6M2D44M13D82M3I12M6I61M2I104M3I2M9I29M1I15M6D11M1D26M2D115M
78	3508	0.377	2.485E-81	16	928	936	0	932	940	2M1D262M7D21M2D22M1D11M4D20M6D9M3D23M1D24M8D75M3D39M5I16M3I67M2I102M11I66M1D6M1D28M2D12M1D87M
48	3486	0.389	8.141E-81	16	929	936	0	892	899	2M1D267M7D16M2D33M10I13M1D17M11I143M8D16M6I4M7D61M2I104M11I54M7I23M2I12M2D100M
42	3469	0.382	2.036E-80	15	928	936	0	925	933	265M3D8M4D13M2D33M5D9M1I21M5D16M1I28M8D98M1D11M1D25M6I6M1I58M2I102M11I57M2D43M2D23M1D76M
30	3466	0.359	2.394E-80	20	928	936	5	963	972	260M6D34M3D9M1D33M1I21M7D73M1D19M15D55M7D5M14D12M3D13M3I57M2I103M11I41M1I12M2D10M9D134M
15	3465	0.372	2.527E-80	12	931	936	33	979	983	268M6D25M4D37M6D21M6D36M3D60M6D42M1D7M3D5M2D30M3I9M3I57M2I102M9I6M3I27M1I20M7D12M1D21M1D23M2D91M
23	3463	0.375	2.814E-80	20	928	936	5	927	935	268M7D13M2D22M1D7M4D28M5D27M1I22M8D56M3D78M7I66M2I102M11I57M2D48M2D18M1D76M
105	3461	0.366	3.135E-80	20	929	936	5	955	963	260M6D20M3D23M1D33M1I19M9D42M2I39M5D11M4D23M12D39M2D13M3I6M16D2M1I58M2I103M11I41M1I12M2D12M1D55M1D78M
66	3457	0.382	3.890E-80	15	928	936	0	915	923	82M1D185M7D19M2D19M2D61M1I17M4D7M4D59M5D39M2D25M7I9M9I61M2I102M6I6M5I51M2D43M2D22M1D77M
111	3452	0.367	5.094E-80	20	929	936	5	930	938	260M6D63M1D30M2D73M6D5M1D57M3D37M4I7M5D59M2I103M11I41M1I12M2D17M3D13M4D37M1D78M
72	3452	0.362	5.094E-80	20	929	936	5	951	958	260M6D98M6D13M8D33M5D22M18D22M2D22M2I29M1I23M5I7M7D58M2I103M8I3M4I28M2I9M1D21M5D21M1D36M2D78M
38	3449	0.365	5.989E-80	20	928	936	5	960	969	260M6D20M3D23M1D5M2D40M11D91M19D17M1D11M1D31M1D6M4D21M3I5M5D3M1I58M2I103M11I41M1I12M7D10M4D20M1I36M1D77M
39	3444	0.362	7.842E-80	20	928	936	5	956	965	260M6D19M8D13M4D19M4D23M5D103M22D13M1I21M1I52M4I6M6D1M1I58M2I102M12I3M1D38M1I12M2D20M8D10M1I113M
115	3443	0.369	8.277E-80	15	929	936	0	975	982	265M9D6M10D24M3D3M1D21M2D27M8D10M1I30M2D6M3D37M3D9M13D11M1I23M1I55M5I4M14D61M2I104M11I48M6D22M1D23M7D105M
52	3442	0.380	8.736E-80	15	929	936	0	897	913	270M7D37M4I5M3I16M5I19M5I37M5I62M6D19M3D29M3D23M4D65M2I99M11I79M6I33M1D81M
94	3439	0.368	1.027E-79	16	929	936	0	916	924	2M1D262M6D62M9I14M2I53M6I37M11D30M1I37M3D13M6I5M8D2M7D58M2I104M11I32M1I20M2D67M3D78M
61	3439	0.373	1.027E-79	15	929	936	0	925	933	265M6D20M3D23M1D33M1I20M4D43M2D55M1I16M2I10M1D41M3I5M5D3M1I58M2I104M11I40M1I10M11D147M
109	3438	0.379	1.084E-79	16	929	936	0	909	915	2M1D262M6D6M1D14M3D20M2D3M4D29M3D90M1I51M2D51M4D3M6I65M2I100M11I61M5I18M2I17M3I92M
128	3436	0.367	1.207E-79	18	932	936	4	870	876	267M9D35M11I7M19I5M3I17M19I47M1D73M9D9M5I14M5I61M2I11M2D2M2D3M3I85M11I53M5D33M1I33M3D81M
25	3435	0.360	1.274E-79	15	928	936	0	961	970	265M6D20M3D23M1D38M17D13M14D25M5D14M2D26M14D17M1D75M9I6M1D6M4I59M2I104M11I40M1I12M2D15M1D5M8D124M
131	3432	0.369	1.498E-79	20	929	936	5	888	896	260M6D74M8I35M7I48M16I10M4I13M3I21M9D34M2I1M1I58M2I103M11I41M1I20M1D2M10D6M1I28M4D100M
85	3432	0.361	1.498E-79	15	928	936	0	961	970	265M6D72M1I20M22D3M14D23M5D14M2D26M14D17M1D75M7I11M5I65M2I100M11I40M1I12M2D15M1D7M8D122M
33	3430	0.357	1.669E-79	20	928	936	5	961	970	260M6D20M3D23M1D37M1D31M3D40M6D38M17D51M1D25M2I8M15D60M2I104M11I40M1I12M9D46M1D21M1D77M
67	3429	0.368	1.761E-79	15	929	936	1	956	964	265M1I7M7D22M8I32M1I20M2I18M2D12M1I38M5D10M5D17M1D7M12D12M16D43M3D14M4I6M15D60M2I102M10I4M1I40M1I12M2D30M2D13M2D100M
77	3428	0.387	1.859E-79	20	929	936	5	911	925	260M2D6M5D22M4D4M11D37M7D3M2D14M1D56M3D30M1I57M10I11M4I9M8I3M5D64M2I100M11I66M8I24M2D14M1I85M
112	3428	0.362	1.859E-79	20	928	936	5	962	971	260M6D20M3D23M1D47M3D45M3D26M6D26M10D58M7D11M8D20M5D59M2I104M11I42M1I10M7D67M4D77M
107	3421	0.359	2.711E-79	20	929	936	5	961	969	260M6D33M3D10M1D45M11D53M1I43M17D52M9D11M5D17M5I6M5D59M2I103M8I3M3I38M1I12M7D13M4D21M2D30M3I78M
75	3421	0.370	2.711E-79	20	928	936	5	961	970	260M6D20M3D23M1D5M2D34M23D45M7D39M10D36M1D34M2D16M1I22M3I57M2I104M11I40M1I12M7D19M4D125M
76	3418	0.378	3.188E-79	15	929	936	0	914	925	265M8D5M1I14M3D20M1D20M1D81M5D24M2I45M2D62M1D65M2I100M11I63M5I3M1I46M1I2M2D77M
53	3417	0.372	3.364E-79	15	928	936	0	955	964	265M6D20M3D21M2D4M1D43M11D37M2D58M9D41M1I9M1I10M1D15M2D5M5I5M15D60M2I104M11I40M1I8M11D20M1I38M1D89M
108	3415	0.373	3.747E-79	20	929	936	5	920	928	260M6D62M9I14M2I24M2D5M8I57M13D23M7D9M2D41M9D10M5I7M1I58M2I104M11I40M1I12M2D48M2D19M2D78M
56	3415	0.373	3.747E-79	15	928	936	0	919	931	270M7D15M3D20M2D11M2D27M3I32M1D21M5D44M5D20M3D67M5I3M4D66M2I99M11I69M6I24M3D20M2I77M
113	3412	0.383	4.405E-79	16	934	936	0	908	915	2M1D268M7D14M3D20M1D13M4D28M8D47M3D29M1D17M1D15M1D45M3I6M5I19M7I65M2I100M11I55M2D6M5I14M6I17M3I97M
41	3412	0.377	4.405E-79	20	933	936	5	917	924	265M7D35M1D22M5I30M4I40M2D51M2D37M3D9M4D36M10D65M2I100M11I56M8I15M1I41M1D81M
130	3408	0.373	5.466E-79	20	928	936	5	975	983	261M1I6M7D29M15D12M4D32M8D13M7I38M1D8M1D17M2I41M30D18M11D50M3I57M2I104M11I55M2D14M5D3M1D26M3D99M
50	3407	0.385	5.769E-79	20	929	936	5	897	906	263M8D2M1I22M4D32M6I6M10I3M7I48M1I43M1D10M3D19M5D29M1D4M4D19M5I5M5D64M2I99M11I81M6I35M1D77M
28	3407	0.359	5.769E-79	15	929	936	0	963	971	265M6D72M1D30M5D19M3D49M1D8M9D6M8D24M5D29M9D5M4D23M4I7M5D59M2I104M11I40M1I12M8D9M3D21M1I36M1D78M
13	3406	0.377	6.089E-79	16	929	936	0	883	894	2M1D267M7D15M3D20M1D34M10I13M3I78M7I76M9I4M5D61M2I103M11I64M5I17M1I16M1D96M
82	3402	0.368	7.555E-79	0	935	936	0	946	947	12M5D4M5D6M1D258M14D15M1D16M8D33M4D53M6D13M1D7M2D47M4I62M8I10M5I62M2I104M11I55M2D18M1I8M3I8M5I17M1D89M
26	3402	0.369	7.555E-79	20	928	936	5	961	970	260M6D20M3D23M1D39M30D23M3D15M3D13M2D29M14D14M1D75M7I11M4I3M1I58M2I104M11I40M1I12M2D15M1D7M8D122M
31	3401	0.356	7.974E-79	20	928	936	5	961	970	260M6D62M14D20M35D40M5D31M2D23M1D75M7I11M3I3M2I58M2I104M11I40M1I15M8D6M3D135M
119	3399	0.356	8.882E-79	20	929	936	5	960	968	260M6D20M3D23M1D33M3D29M1D66M1D7M27D28M2D15M5D44M4I7M5D59M2I104M11I40M1I12M2D15M12D23M4I103M
29	3399	0.365	8.882E-79	15	928	936	0	961	970	265M6D62M14D12M24D30M1I49M19D22M1D75M7I11M4I3M1I58M2I104M11I40M1I12M2D15M1D7M8D122M
127	3398	0.356	9.374E-79	12	929	936	40	1006	1013	268M6D91M1D9M33D21M3D11M11D56M2D41M3D25M3D14M5I3M1I58M2I104M7I3M5I27M2I9M1D11M2D5M3D26M1D36M2D78M
27	3397	0.361	9.893E-79	20	928	936	5	961	970	260M6D20M3D23M1D42M15D37M18D32M19D22M1D75M7I11M5I61M2I104M11I40M1I12M2D15M1D52M8D77M
106	3397	0.357	9.893E-79	15	928	936	0	961	970	265M6D20M3D23M1D45M11D39M1I16M3D33M1D3M13D57M9D5M4D14M4D17M2I1M1I58M2I104M11I40M1I12M2D15M1D8M7D44M1D77M
86	3396	0.368	1.044E-78	20	928	936	5	961	970	260M6D72M1D25M9D41M2I28M1D10M9D20M13D42M1D36M13D63M2I100M11I40M1I12M2D15M1D7M8D122M
22	3395	0.354	1.102E-78	15	928	936	0	949	958	265M1D10M5D23M3D55M15D22M11D50M18D27M1I24M5I46M4I6M2I1M1I58M2I104M11I40M1I12M10D34M3D25M3I82M
49	3391	0.379	1.367E-78	16	929	936	0	851	862	2M1D267M7D34M4I14M3I10M19I41M1I17M8I21M1I65M6I2M8I4M7I6M5D63M2I100M11I61M5I19M1I34M1D78M
6	3390	0.368	1.443E-78	15	928	936	0	961	970	265M6D20M3D23M1D37M1D31M3D60M1D7M9D3M1D7M5D23M1D34M7D6M2D14M4I5M15D61M2I104M11I40M1I12M2D15M1D7M8D122M
54	3387	0.374	1.697E-78	20	928	936	5	911	923	262M7D26M4D68M1D35M7D78M1I16M3I36M4I6M5D64M2I99M11I62M5I19M1I34M1D77M
51	3387	0.368	1.697E-78	20	929	936	5	920	932	260M13D3M1D29M8D30M6D68M2D38M1D33M1D49M8I7M5I5M5D64M2I99M11I59M5I22M1I35M1D77M
64	3385	0.358	1.890E-78	20	928	936	5	959	968	260M6D62M4I36M7D66M7D22M10D28M9D34M2D13M3I7M16D1M1I58M2I103M11I41M1I10M11D146M
59	3384	0.367	1.995E-78	12	932	936	2	975	982	4M4I260M6D21M7D29M12D27M17D32M4D19M1D14M1D6M7D20M5D70M7D19M3D16M5D3M1I58M2I103M9I4M3I51M1D14M4I128M
62	3382	0.371	2.222E-78	20	928	936	5	922	931	260M6D62M4I12M4I12M2I16M2D5M7I33M1D24M18D10M4D21M1I52M3I5M5D3M1I58M2I102M12I3M1D38M1I12M2D14M16D15M9I106M
5	3381	0.368	2.345E-78	20	928	936	5	961	970	260M6D20M3D23M1D39M30D23M3D49M19D22M1D75M7I11M3I3M2I58M2I104M11I40M1I12M2D15M1D7M8D122M
46	3380	0.361	2.475E-78	16	934	936	0	919	926	2M1D262M14D32M8D31M3I76M2I61M1D45M8I7M5I5M5D64M2I99M11I59M2I6M8I46M1D58M12D25M
35	3374	0.362	3.420E-78	20	929	936	5	918	929	260M14D31M8D14M3I21M1D23M4D14M3I100M1D39M1I16M5I5M5D64M2I99M11I62M5I53M1D79M
69	3371	0.377	4.021E-78	20	929	936	5	913	924	261M7D19M3D20M1D13M5D20M1I45M4D10M1D8M2D37M1D55M1D22M4I10M3D3M6I61M2I104M11I55M6D5M6I18M6I31M1D77M
68	3370	0.370	4.244E-78	32	929	936	9	894	901	5M3D11M2I232M1I5M2I18M1D95M1I63M1D27M1D54M5I3M1I58M2I103M12I40M1I12M2D11M3D20M2D36M2D78M
45	3370	0.368	4.244E-78	20	928	936	5	915	927	260M8D5M1I22M4D66M9D35M2I97M1D37M4I6M5D64M2I99M11I62M5I19M1I31M1D80M
3	3369	0.378	4.479E-78	20	929	936	5	875	882	265M7D15M3D20M2D31M1D15M3I10M6I13M7I12M8I106M8I6M7I4M5D63M2I99M11I62M5I19M1I13M1D99M
57	3369	0.368	4.479E-78	15	933	936	0	923	931	265M7D21M2D120M1I41M2D46M4D16M4D31M5D63M2I100M11I61M5I10M1D8M2I35M1D81M
44	3367	0.377	4.989E-78	16	929	936	0	875	886	2M1D262M7D20M3D20M2D31M1D15M3I8M10I33M11I29M2I72M7I4M5I4M4D65M2I99M11I62M5I19M1I13M1D99M
43	3361	0.369	6.896E-78	15	929	936	0	920	931	265M14D32M8D49M7D34M1D13M1D9M2D71M1I41M5I16M3I65M2I100M11I62M5I11M3I5M2D12M2D11M2I10M1D77M
71	3356	0.361	9.030E-78	5	934	936	8	928	934	7M6I262M14D32M8D55M2D9M4I29M2I78M5I13M1D38M4I5M5D65M2I99M11I62M5I19M1I34M1D83M
117	3356	0.352	9.030E-78	19	928	936	6	987	1003	264M2I1M10D1M1I35M15D65M1I36M2D27M1D27M1D45M8D21M4I5M10D61M2I12M1D95M11I38M1D12M4D33M2D9M6D8M8D17M24D77M
83	3348	0.359	1.390E-77	0	935	936	0	946	947	12M7D10M3D258M14D32M7D30M3D24M1I9M5I83M2I50M1D29M4I5M7D61M2I103M11I56M10I3M1D30M2D23M1D83M
102	3347	0.358	1.467E-77	15	929	936	0	956	964	265M6D32M12D22M3D27M7D55M3D59M1I23M2D38M1D8M4I6M16D1M1I58M2I103M11I33M1I22M2D6M2D25M2D29M6D83M
24	3347	0.355	1.467E-77	20	928	936	5	961	970	260M6D20M3D23M1D49M10D93M12D6M5D49M1D25M2I8M15D60M2I104M11I40M1I12M6D44M4D23M1D77M
70	3345	0.373	1.634E-77	20	932	936	5	850	858	263M8D2M1I18M29I9M16D7M2I3M10I10M10I6M1I32M8I29M13I72M4I6M5D64M2I99M11I62M5I19M1I35M1D80M
122	3337	0.345	2.516E-77	16	921	936	0	961	1001	264M8D16M4D43M30D35M5I10M2I90M22I3M3I35M6I5M1D64M2I15M1D84M2I1M9I37M1D14M10D8M4D13M30D26M9D6M3D16M4D60M3D5M1I4M
34	3333	0.362	3.122E-77	15	928	936	0	961	970	265M6D72M1D23M7D76M1D7M9D20M13D42M1D36M6D1M7D62M2I100M11I40M1I12M2D15M1D7M8D122M
60	3326	0.347	4.554E-77	20	929	936	1	984	994	11M2D15M8D6M5D228M6D29M7D33M3I35M5D8M1I33M12D4M22D10M5D26M4D54M5D15M7D19M2D5M2I58M2I103M9I4M3I47M5D18M1I128M
118	3320	0.365	6.294E-77	20	929	936	5	971	978	260M6D19M3D54M1I22M9D12M3D37M3D29M2I32M18D22M4D11M3D24M4I5M14D61M2I102M10I4M2I14M2D13M2I10M1D13M10D16M1D15M1D34M2D78M
116	3310	0.379	1.079E-76	20	929	936	5	885	893	263M8D2M1I13M4D34M4D28M6D10M7I4M5I13M4I16M11I39M5D22M2D51M3I4M4I65M2I99M11I10M3D8M3I39M8I9M1D8M2I17M2I33M1D60M
92	3302	0.340	1.662E-76	20	931	936	1	1079	1084	260M10D24M1I40M5D69M1D20M1D13M2D16M22D17M2D19M4D25M1D9M10D8M4D14M40D64M2I14M2D85M8I5M3I36M1I10M36D19M6D18M15D17M3D16M18D79M
73	3292	0.366	2.850E-76	38	929	936	2	926	933	242M6D26M3D49M1I47M7D13M1I36M1D17M9D30M3D31M1I22M11D61M2I104M7I3M5I33M2I14M10D46M2D99M
65	3286	0.362	3.939E-76	22	928	936	2	868	879	258M6D29M6D33M2D75M4D20M10D27M4D82M1D6M3I1M1I58M2I104M3I3M9I33M54I18M1D9M2I77M
58	3272	0.375	8.381E-76	16	928	936	0	877	889	2M1D265M8D2M1I22M4D35M4I27M10I6M1I32M8I22M4D36M1I16M3I36M4I5M5D65M2I99M11I55M12I19M1I34M1D77M
47	3263	0.381	1.362E-75	15	934	936	0	813	820	266M7D23M29I21M10I8M11I26M5I74M9I30M1I14M4I6M4I63M2I99M11I62M5I19M1I13M21I83M
8	3220	0.334	1.384E-74	17	929	936	4	1006	1016	270M9D8M3D42M1D22M8D16M29D12M4D5M3D14M1D29M5D22M1D49M2D18M3D20M6I6M5D59M4I16M4D85M8I5M3I49M14D11M1D55M18D79M
74	3215	0.365	1.813E-74	22	904	936	1	902	926	258M6D62M5I11M3I22M9D51M5D36M25D52M1D7M1D19M6I61M2I103M8I3M5I26M2I21M2D9M2D31M1D25M2I53M
55	3192	0.361	6.268E-74	20	928	936	5	881	893	107M1I154M7D19M3D22M1D33M6I12M8I21M1I16M3I25M2D29M14D55M3D22M10D61M2I29M1I48M1I24M4I5M7I5M22I11M3I2M1I8M1I10M5I19M5I72M1I28M
18	3148	0.296	6.726E-73	20	931	936	1	1244	1248	265M3D3M8D22M1D23M6D19M2D34M13D8M2D19M1D24M8D19M9D36M12D13M4D10M1D29M10D11M34D1M1I58M3I15M1D88M11I39M1I13M54D16M173D22M2D24M4D85M
80	3134	0.357	1.431E-72	57	928	936	1	923	931	223M1D8M5D12M3D23M1D4M11D38M16D8M11D25M6D70M2D23M1D54M5I5M6D1M1I58M2I103M12I31M2I9M1D11M2D11M2D26M3D30M2D77M
79	3108	0.368	5.817E-72	68	928	936	1	881	889	212M7D21M2D22M1D11M4D52M10D22M8D56M3D59M3I19M4I66M2I103M8I5M3I51M5D13M3I27M2D23M1D76M
126	3103	0.342	7.618E-72	12	928	936	1	804	808	107M2I163M9D2M4I12M27I19M27I13M2I10M1I20M30I8M3I15M3I8M7I32M8I15M3D5M2I58M3I3M1D64M1I36M13I28M4I19M3D19M1I46M11D36M1I1M1I38M
32	3089	0.357	1.621E-71	57	928	936	1	920	929	223M6D20M3D23M1D39M30D23M3D54M19D17M1D75M9I6M1D6M4I59M2I104M11I41M1I11M2D15M1D7M8D122M
98	3072	0.316	4.055E-71	12	929	936	5	767	776	108M1D160M15D5M2I8M37I5M12I6M25I48M18I14M5I16M26I14M14I13M1I68M4I7M1D8M1D74M1I9M17I35M2I12M5I35M5I10M4I9M1I31M2D22M4D22M
104	3072	0.342	4.055E-71	20	929	936	5	930	938	38M23I3M9I187M6D20M3D23M1D57M4D51M6D40M10D20M1D34M7D20M2I8M16D1M1I58M2I104M11I41M1I11M2D15M1D7M8D8M1I36M1D78M
100	3064	0.324	6.242E-71	16	932	936	0	793	806	271M4I10M31I16M27I25M3I61M6I21M27I27M6I68M2I15M2D84M4I9M5I24M3I7M3D3M2D11M7I50M6I53M1D31M
91	3047	0.335	1.562E-70	16	929	936	5	779	788	104M1D160M17D4M7I12M49I9M4I9M16I9M9I37M2I33M15I12M10I8M13I7M4I68M4I7M1D8M1D82M17I37M2I20M6I36M1I12M6I31M2D20M4D24M
84	3020	0.351	6.699E-70	64	928	936	2	921	929	216M6D72M6D39M34D23M3D21M1D76M7D20M5D12M7I7M7D58M2I103M8I3M4I37M1I12M2D30M2D14M6D21M2I77M
97	2994	0.319	2.723E-69	12	926	936	18	774	786	108M1D160M16D5M2I29M9I18M2I5M36I8M4I6M1I6M1I6M51I18M21I7M3I7M3I17M8I63M4I16M1D84M17I36M2I10M9D11M16I25M4I11M4I35M1D15M2D21M
7	2951	0.315	2.768E-68	12	935	936	0	818	857	106M1D172M1D19M18I15M2I10M20I4M14I37M2D28M6I12M22I48M9I39M2D26M2I16M3D46M2I18M1D13M8I7M9I29M2I30M5I47M2D36M2D47M
10	2950	0.319	2.922E-68	12	926	936	18	772	784	108M1D160M17D4M5I6M37I5M12I6M7I9M38I8M5I26M4I12M1I22M21I20M7I8M7I6M1I57M3I19M1D84M17I35M2I12M5I35M5I17M6I32M2D21M2D20M
124	2928	0.325	9.571E-68	19	926	936	0	708	713	260M5D8M8I2M13D9M20I24M61I8M6D15M37I8M40I12M7I7M5I5M2I36M1D22M3I18M2D78M2I5M10I34M6I2M4D13M3D4M23I30M9I36M1D9M1I29M
0	2909	0.309	2.667E-67	12	926	936	5	742	754	108M1D160M20D5M112I37M2I8M4I5M17I17M16I30M7I4M9I3M1I58M4I17M1D77M1D7M17I35M2I12M9D7M13I20M5I19M4I32M2D24M2D17M
120	2892	0.322	6.671E-67	12	928	936	1	750	764	5M2I100M2I160M5D6M5I21M21I24M12I5M12I9M14I14M17I12M2I5M1I22M8I13M5D22M23I44M2D22M2I12M1D7M1D47M2I20M1D8M2I8M6I4M3I28M6I16M27I11M2I16M12I36M1I38M
125	2872	0.287	1.962E-66	3	925	936	11	805	813	14M1I262M9D26M9I6M8I15M35I9M2I9M16D7M42I9M1I63M1I23M5I70M15I85M11I38M2I15M2D11M20I36M3I70M
87	2865	0.306	2.862E-66	15	931	936	0	739	770	3M2D103M1D159M3D9M9D23M20I21M48I14M23I12M47I17M16I14M10I39M2D26M2I15M2D47M2I20M1D11M11I4M7I29M4I3M1D12M16I53M7D31M2D38M1I7M
103	2860	0.337	3.747E-66	41	929	936	0	879	886	49M4I8M5I12M2I159M3D7M2I12M4D39M6I8M3I119M15D17M5I33M4D14M4I4M5D3M1I62M2I11M2D86M11I54M5D34M3I32M1D78M
40	2856	0.311	4.650E-66	15	928	936	1	744	776	107M1D160M1I12M6D8M4D9M77I6M2I26M19I12M11I25M31I9M11I3M6I43M2D26M2I9M3D6M1I46M2I20M1D11M11I5M7I28M4I4M1D12M2I55M3I39M2D43M
89	2853	0.309	5.466E-66	13	928	936	0	745	777	109M1D160M9I29M41I10M18I6M2I26M19I12M11I27M23I7M14I7M11I39M2D26M2I9M3D6M1I46M2I20M1D11M15I2M3I30M2D3M5I13M2I55M3I42M2D40M
63	2849	0.312	6.782E-66	16	928	936	3	745	778	105M1D159M5D25M13I35M42I30M14I6M3I5M64I13M8I7M5I43M2D26M2I10M4D3M2I47M2I20M1D10M14I5M4I29M4I3M1D19M2I45M7I44M2D38M
96	2849	0.310	6.782E-66	3	928	936	21	933	948	47M5I225M11D7M7I15M9I111M4I9M4I15M37D10M2D25M3I46M5I1M6D5M1I57M5I3M1I14M2D49M1I36M2I6M4I3M6I17M2I10M2D41M5I9M6I9M2I6M1I77M
2	2848	0.297	7.158E-66	15	932	936	3	776	781	4M2D101M1I55M1I103M1D6M1D36M63I28M3I39M10I9M48I23M4I42M1D28M2I10M3D52M1D11M1D6M1D3M3D16M4I6M7I33M1D5M3D10M20I12M3I9M4D15M11I37M3D8M5D8M3D26M
88	2844	0.310	8.882E-66	18	930	936	5	739	770	269M4I7M50I7M1D6M2D12M18I4M2I7M7I17M19I9M12I15M35I12M7I8M4I44M2D26M2I9M2D53M2I14M1D17M11I6M7I27M3I23M2I49M3I39M2D45M
1	2821	0.290	3.071E-65	15	933	936	0	767	787	265M8D26M1I10M16I11M4I13M28I9M3I25M12I4M16I6M55I3M20I13M2I21M1D10M2D31M2I9M1D6M1D49M2I16M2D15M16I32M4I22M6I27M2I30M2D29M3D14M7D8M11D26M
95	2805	0.307	7.278E-65	20	928	936	1	708	720	99M2I159M11D32M6I12M1I8M36I4M7I7M13I10M37I7M8I11M51I21M2I40M2D26M1I15M1D50M2I16M1D17M11I33M6I27M11I13M1I12M20I36M1I38M
110	2789	0.342	1.725E-64	105	929	936	0	872	880	175M6D72M1D67M7D29M1D10M9D5M8D7M2D8M3D42M1D36M6D1M7D58M2I104M11I41M1I11M2D15M1D52M8D78M
20	2766	0.307	5.964E-64	12	930	936	1	741	772	3M2I263M4I14M47I16M3D14M15I20M11I6M6I35M25I4M33I3M15I45M2D26M2I9M3D6M1I46M2I20M1D12M11I20M7I12M3I23M2I49M3I39M2D45M
81	2740	0.344	2.424E-63	54	849	936	7	884	885	226M6D20M3D23M1D33M1I72M14D28M18D19M1D11M1D14M5D44M3I5M5D3M1I58M2I104M11I41M1I11M2D13M11D18M34D34M
36	2709	0.309	1.290E-62	19	927	936	2	801	829	10M2D145M1I105M16D3M10I17M25I9M21I6M15I8M15I17M7I7M17D3M1D11M5I64M1I7M5I9M9I39M2D22M2I19M2D49M2I16M1D13M1I3M11I7M2I27M4I15M6D1M17I20M5I57M4D2M2I38M
37	2693	0.301	3.058E-62	20	925	936	3	799	829	10M2D144M1I105M16D3M10I17M25I9M21I6M15I10M12I17M29D52M7I8M19I12M1I7M9I5M5I43M2D22M2I19M2D49M2I16M1D13M1I3M11I7M2I27M4I15M4D10M15I13M5I60M2D37M
14	2646	0.293	3.858E-61	18	926	936	83	879	886	102M27I9M1I72M1D51M8D26M2I24M2D34M1I7M11I34M7I95M7I5M18I64M2I13M1D6M1D83M6I6M5I37M2I12M38I28M2D74M
21	2530	0.328	2.011E-58	16	784	936	0	696	745	213M1D51M9D5M2I24M18I45M8I38M2D9M9I11M3I33M9I9M14I28M4I66M2I19M2D72M1I13M3I2M9I28M6I5M2D10M
123	2430	0.368	4.424E-56	59	748	936	0	712	715	221M2D6M2D44M9D24M2D20M2I60M2D25M15D9M1D21M1D51M4D9M3I61M2I85M1D19M4I7M5I12M
121	2360	0.286	1.930E-54	25	809	936	0	618	619	260M13D21M51I5M71I20M13I9M11D3M33I13M2D24M7I23M1D10M2D31M2I13M2D51M2I16M2D14M13I12M3I21M4I40M
12	2354	0.302	2.667E-54	19	842	936	1	674	675	262M5D2M1I38M14I7M37I17M6I29M1I26M12I13M15I14M25I7M5I31M1I6M2D26M1I17M1I8M2I41M2I14M1D16M17I36M6I12M12I44M
9	2200	0.267	1.079E-50	15	928	936	0	607	639	3M2D103M1D160M3D23M25I6M54I7M107I11M25I12M38I4M24I4M3I7M7I45M2I20M1D11M14I4M4I29M3I17M2I51M7I39M2D19M2I3M2D19M
11	1949	0.269	8.175E-45	19	798	936	4	581	596	41M32I188M6D2M5D6M1D15M98I7M36I27M35I30M1D9M5D33M1D10M2D27M2I13M1D6M1D49M2I17M2D13M13I34M7I19M2I7M
19	1757	0.209	2.569E-40	18	923	936	10	722	735	29M1D14M5D1M3I43M1I11M1I42M1D11M5D4M8D20M1I3M3D27M2D8M3I7M3D33M13D21M12I8M64I28M8I8M11I16M64I5M15I6M8I13M2D6M2D47M3I4M1D13M2D80M4I6M3I35M1D6M6I11M1I23M3I6M3I26M19I8M9I9M1D10M1I15M
90	1334	0.172	2.079E-30	22	932	936	7	695	697	25M1I15M5I52M1I39M5D18M1I21M1I29M12I3M1I34M2D5M27D8M10I21M8I3M17I3M37I15M38I5M54I21M2I6M21I2M3I30M1I3M2I3M2D10M1I4M1D21M4D36M1I3M5D7M3I20M2D17M22I22M7I7M4I17M18I26M1I4M3I3M1D4M2D4M1I10M1D17M1D4M1D38M
4	1286	0.184	2.768E-29	16	930	936	0	686	688	47M4I53M1I38M3D4M2D18M1I19M1I22M4D10M12I34M2I5M12I11M27I6M21I7M1I35M1D6M5I12M2I10M3I17M4I9M41I12M6I10M6I6M1D4M2I14M1I4M1D11M3I11M3D2M1D6M3I3M1I10M5D8M3I5M5D4M1D24M4D8M3I16M2D14M20I14M9I17M65I4M2I7M1I7M4D12M7I10M1D19M3D21M
129	1183	0.155	7.159E-27	26	928	936	1	654	656	19M1I12M35I3M2D2M1D22M1I39M3D5M2D13M1I18M1I33M13I36M3D16M36I4M18D6M47I18M51I5M4I11M15I22M24I12M9I32M3I7M2D6M1D12M1I11M3D8M1D32M4D11M3I18M2D14M19I18M3I6M7I31M12I36M5I2M7I10M1D17M1D4M1D14M1D4M3D16M
99	931	0.184	5.722E-21	20	640	936	17	449	450	25M1I14M5I55M1I40M4D15M1I23M1I24M1D12M9I2M2I36M16D6M42I13M19I19M1I9M1I30M60I4M67I35M3I11M3D2M1D33M
17	746	0.160	1.233E-16	24	860	936	3	900	985	21M2I12M6D13M9I9M1I4M1D25M1I42M3D21M9D19M1I18M11D9M3D15M9D30M2I2M32D14M5D50M19D44M2D3M4D94M1D60M3I12M4D21M5I12M3I7M4I34M16I13M9I2M14I3M4I3M3I18M1D2M3I17M2D18M28D15M1D58M1I14M1D2M
93	612	0.138	1.697E-13	15	570	936	0	659	803	11M2D32M3D5M2I3M8I31M1I12M1I39M3D3M4D12M2I7M1I13M2D28M10D5M8D9M4I32M2I2M8D46M4I25M7I39M104D25M5I94M3I43M
 