64	7168	1.00	0.000E+00	0	967	968	0	967	968	968M
61	6373	0.933	0.000E+00	0	967	968	0	932	933	488M35I445M
86	6234	0.884	0.000E+00	0	967	968	0	969	970	349M2I67M1D84M1D9M1D6M1D451M
75	6230	0.879	0.000E+00	0	967	968	0	969	970	418M1D84M1D466M
5	6220	0.886	0.000E+00	0	967	968	0	969	970	349M2I67M1D84M1D9M1D6M1D451M
26	6219	0.885	0.000E+00	0	967	968	0	969	970	349M2I67M1D84M1D9M1D6M1D451M
29	6214	0.883	0.000E+00	0	967	968	0	969	970	349M2I67M1D84M1D9M1D6M1D451M
106	6199	0.885	0.000E+00	0	967	968	0	969	970	349M2I67M1D84M1D9M1D6M1D451M
53	6184	0.878	0.000E+00	0	967	968	0	963	964	418M1D84M1D15M1D29M7I415M
27	6180	0.882	0.000E+00	0	967	968	0	969	970	349M2I66M1D85M1D9M1D6M1D451M
85	6171	0.882	0.000E+00	0	967	968	0	969	970	349M2I67M1D83M1D10M1D6M1D451M
24	6169	0.879	0.000E+00	0	967	968	0	969	970	349M2I67M1D81M1D12M1D6M1D451M
25	6150	0.883	0.000E+00	0	967	968	0	969	970	349M2I67M1D84M1D9M1D6M1D451M
30	6139	0.888	0.000E+00	0	967	968	0	971	972	418M1D84M1D15M1D63M1D388M
38	6135	0.891	0.000E+00	0	967	968	0	968	969	417M1I84M1D15M1D451M
28	6134	0.883	0.000E+00	0	967	968	0	970	971	349M2I18M1D50M1D83M1D9M1D6M1D451M
131	6116	0.890	0.000E+00	0	967	968	0	895	896	487M75I285M3D121M
31	6108	0.880	0.000E+00	0	967	968	0	969	970	349M2I67M1D84M1D9M1D6M1D451M
34	6094	0.884	0.000E+00	0	967	968	0	969	970	349M2I67M1D84M1D9M1D6M1D451M
6	6089	0.882	0.000E+00	0	967	968	0	969	970	349M2I67M1D84M1D9M1D6M1D451M
119	6056	0.874	0.000E+00	0	967	968	0	967	968	393M2I23M1D83M1D16M1D325M1I125M
39	6055	0.880	0.000E+00	0	967	968	0	964	965	418M1D84M1D14M3I316M1I35M1I96M
112	6054	0.858	0.000E+00	0	967	968	0	970	971	418M1D99M2D299M1I33M1D118M
33	6043	0.870	0.000E+00	0	967	968	0	969	970	349M2I67M1D84M1D9M1D6M1D451M
107	6037	0.849	0.000E+00	0	967	968	0	968	969	349M2I66M1D85M1D9M1D6M1D333M1I117M
105	6012	0.865	0.000E+00	0	967	968	0	962	963	418M1D14M1I69M1D15M1D299M1I9M6I136M
62	5985	0.837	0.000E+00	0	967	968	0	930	931	414M14I7M19I48M1D14M3I305M10I2M9D35M1I96M
111	5969	0.845	0.000E+00	0	967	968	0	937	938	422M32I47M1D10M1D6M1D299M1I151M
22	5748	0.817	0.000E+00	0	967	968	0	957	958	334M1I16M1I5M1I61M6I38M2I37M1D15M1D299M1I151M
94	5600	0.775	0.000E+00	0	967	968	0	923	924	334M1I52M1I29M33I38M3I11M1D15M1D40M2I258M1I50M5I95M
108	5597	0.772	0.000E+00	0	967	968	0	927	928	334M1I52M1I25M33I7M1I47M1D8M1D34M1D17M2I254M1I57M4I90M
104	5596	0.846	0.000E+00	0	967	968	0	937	938	43M32I274M2I67M1D84M1D9M1D6M1D451M
67	5584	0.750	0.000E+00	5	967	968	6	963	964	329M1I83M1D39M2I41M1D17M1D305M5I7M1D14M1I119M
32	5522	0.876	0.000E+00	42	967	968	1	928	929	307M2I67M1D84M1D9M1D6M1D451M
102	5284	0.689	0.000E+00	0	967	968	0	963	964	334M1I83M1D39M2I19M6I15M1D12M1D6M1D320M1D131M
110	5210	0.871	0.000E+00	90	967	968	0	879	880	259M2I67M1D84M1D9M1D6M1D451M
118	5130	0.672	0.000E+00	0	966	968	0	977	978	338M1I107M4D50M2D33M3D46M1I180M1I13M2D49M1D20M1I13M3D114M
72	5126	0.676	0.000E+00	0	966	968	0	957	958	333M1I113M7I37M2D19M1D10M1D9M1D30M1I15M1I179M1I59M1I18M1I15M1I116M
127	4989	0.653	0.000E+00	0	966	968	43	1012	1013	337M1I109M4D48M2D15M1D10M1D11M2D28M1I17M1I177M1I60M1I17M1I15M1I116M
115	4787	0.577	0.000E+00	0	966	968	0	981	982	305M3D59M1D33M1D45M1I22M3I19M1D13M9D16M2I11M1D47M1D217M1D21M1D52M2D101M
81	4772	0.815	0.000E+00	39	886	968	7	884	885	378M1I60M1I23M1D15M1D298M2D38M28D34M
73	4742	0.622	0.000E+00	23	966	968	2	932	933	310M1I111M5I95M6I205M1I33M1I34M1D142M
15	4733	0.583	0.000E+00	0	960	968	36	977	983	303M1I22M1D12M3I4M3I50M1D9M2I33M1I57M2D35M2I14M3I7M5I8M2I176M1I208M
16	4727	0.591	0.000E+00	0	960	968	34	972	978	305M1I20M1D12M3I5M2I46M1D13M2I33M1I20M2I35M2D35M2I14M3I7M5I6M2I178M1I104M2I102M
68	4671	0.604	0.000E+00	3	966	968	8	900	901	8M10I7M2I392M4I4M13I15M23I20M18I10M1D26M2D22M1I178M1I60M1I23M1I125M
130	4665	0.561	0.000E+00	0	966	968	0	982	983	295M3D73M1D28M1D31M1D14M2D63M1D11M1D36M2D24M3D218M1D23M1I59M1D91M
80	4633	0.652	0.000E+00	42	966	968	1	930	931	288M1I116M4D48M2D15M1D10M1D9M1D26M1D22M1I178M1I60M1I15M1I133M
74	4600	0.597	0.000E+00	7	955	968	1	924	926	332M2I84M1D6M2D75M16I45M1I188M2I30M1I33M6I14M1I7M1I91M2D14M
59	4561	0.556	6.776E-104	0	961	968	0	973	982	7M1D287M3D72M1D31M1D23M1D12M2D54M1D13M1D23M8D25M6D23M1D183M1I39M1D16M2I5M12I14M1I27M1D92M
84	4553	0.636	1.034E-103	47	966	968	0	928	929	286M1I112M4D49M2D34M3D34M6D12M1I180M1I67M1I9M1I39M1I92M
56	4446	0.514	2.977E-101	0	967	968	0	930	931	266M5D11M4I58M4I24M1D41M3I4M7I20M4I54M14I40M2D15M3D222M1D23M15I45M1I89M3D4M
51	4402	0.521	3.049E-100	0	963	968	0	923	932	281M1D59M4I24M1D47M7I9M8I75M2I40M6I231M1D17M15I49M1I89M
3	4396	0.508	4.187E-100	0	966	968	0	881	882	268M9D5M8I45M1I28M17I40M10I26M4I6M1I22M11I22M15I38M12I214M1D17M15I49M1I92M
54	4392	0.515	5.174E-100	0	967	968	0	919	923	281M1D87M1D23M2I19M10I34M5I48M9I13M3I22M6I231M1D24M15I42M1I93M
45	4385	0.515	7.491E-100	0	967	968	0	926	927	281M1D71M1I15M1D23M2I19M10I34M5I26M3D23M7I14M3I22M6I231M1D24M15I40M2I9M1D80M3D5M
43	4381	0.511	9.255E-100	0	967	968	0	927	931	266M5D11M4I65M2I20M1D16M1I61M1D28M8I19M2I7M9I37M6I231M1D24M15I42M1I93M
44	4365	0.514	2.157E-99	0	967	968	0	882	886	268M2D10M1I47M1I7M1I5M15I11M1I45M10I13M5I41M11I14M15I39M14I7M2D212M1D17M15I55M1I87M
49	4338	0.506	8.990E-99	0	967	968	0	858	862	266M5D9M4I47M1I28M17I41M30I14M3I6M16I16M1I7M29I44M2D214M1D17M13I8M2I41M1I93M
109	4333	0.509	1.171E-98	0	965	968	0	914	915	281M1D65M2I20M1D47M7I17M7I37M11I9M4I9M2I275M1D18M1D12M17I36M5I85M
41	4332	0.515	1.235E-98	0	966	968	0	923	924	278M1D21M3I25M1D26M4I10M1D43M16I70M1D14M9I49M1I224M1D14M1I6M16I18M1I25M1I88M4D4M
113	4331	0.520	1.302E-98	0	965	968	0	914	915	277M1D53M7I9M1I20M1D56M10I9M4I37M8I9M11I4M4D278M1D18M5I3M13I40M5I86M6D3M
116	4330	0.513	1.372E-98	0	967	968	0	892	893	277M1D62M8I11M1I25M4I19M5I4M5I21M4I37M11I12M13I39M5I230M1D13M2D12M20I39M4I17M1D70M
35	4323	0.506	1.987E-98	0	965	968	0	928	929	267M11D4M10I46M1D19M2I20M1D16M1I22M5I4M5I15M5I17M2I46M8I25M3I251M1D25M14I42M1I87M5D4M
52	4319	0.513	2.455E-98	0	967	968	0	904	913	266M5D9M4I47M4I36M1I45M10I35M8I16M11I14M14I40M1I232M1D22M8I7M7I35M2I8M1D86M
77	4317	0.511	2.729E-98	0	967	968	0	919	925	277M1D114M1I38M1D44M8I19M2I7M9I10M12I21M2I227M1D18M7I11M10I37M1I88M1D5M
76	4311	0.520	3.748E-98	0	967	968	0	921	925	281M1D64M3I20M1D23M1I24M10I16M4I37M1I26M9I38M5I231M1D17M15I49M1I93M
42	4306	0.510	4.882E-98	0	966	968	0	932	933	279M1D12M3I16M1D28M9I15M1D33M1I14M2I3M5I30M1D66M1I41M6I20M6I203M1D24M7I56M1D87M
50	4305	0.516	5.147E-98	0	967	968	0	904	906	277M1D91M1I14M1D11M3I35M3D19M31I19M2I7M7I14M3I22M6I231M1D16M8I13M7I37M1I93M
69	4304	0.513	5.426E-98	0	967	968	0	920	924	277M1D62M1I18M10I16M2I55M9I8M4I56M1I37M6I231M1D18M2D4M17I42M1I93M
46	4293	0.511	9.707E-98	0	963	968	0	917	926	281M1D59M4I24M1D47M7I10M2I25M2I12M11I17M2I7M7I39M6I231M1D26M19I36M1I62M12D27M
71	4291	0.517	1.079E-97	4	963	968	16	926	934	277M1D71M1I15M1D23M2I19M10I12M4I21M1I41M2I7M7I14M3I22M6I231M1D24M15I42M1I89M
48	4275	0.513	2.514E-97	0	966	968	0	898	899	268M2D12M1I12M2I38M1I10M5I14M1D21M4I39M6I25M8I40M13I40M14I220M1D28M18I128M
83	4274	0.517	2.651E-97	0	962	968	25	942	947	4M1I2M1D273M1D21M1I31M1I10M6I18M1D24M1D35M6I9M4I49M1I14M4I16M5I23M4I231M1D28M18I37M1D87M
57	4273	0.522	2.795E-97	0	962	968	0	921	931	278M1D23M1I40M1I25M1D75M8I9M5I31M18I23M1D26M1D16M3D214M1D14M8I15M7I35M1I90M
23	4272	0.508	2.946E-97	0	962	968	0	930	935	279M1D22M1I36M9I15M1D30M1I14M3I36M3I52M2I7M9I34M2I32M1D207M1D23M7I53M1D86M
78	4272	0.515	2.946E-97	0	966	968	0	939	940	280M1D21M1I43M3I20M1D23M1I20M7I29M1I25M5I29M13I67M7D205M1D11M2I15M5I58M1D83M
13	4271	0.508	3.106E-97	0	967	968	0	890	894	266M5D11M4I41M3D14M1D22M10I39M5I13M8I9M4I12M10I33M18I29M7I16M5I217M1D21M15I33M1I105M
60	4267	0.506	3.838E-97	5	967	968	1	991	994	5M2D21M10D7M3D256M3D39M2I31M1D24M1D25M5I11M1I26M9D28M1D9M2D64M1D18M2D7M8D169M1I39M1D16M2I31M6I21M1D99M
82	4230	0.518	2.715E-96	5	962	968	30	942	947	2M1D261M2D12M1I29M1D23M1I10M5I19M1D24M1D35M6I9M4I54M18I275M1D14M3I6M15I45M1D87M
66	4218	0.496	5.120E-96	0	966	968	0	922	923	82M1D198M1D21M1I34M6I16M10I24M1I19M3D36M9I15M7I15M1I15M8I66M1I208M1D27M7I50M1D90M
70	4183	0.497	3.258E-95	0	967	968	0	857	858	281M1D20M1I5M14D5M39I17M1D23M2I15M44I8M1D10M11I20M2I7M7I14M3I22M6I231M1D24M15I42M1I90M3D3M
47	4149	0.494	1.966E-94	0	962	968	0	810	820	266M5D11M4I64M5I14M1D20M1I22M5I12M13I11M43I7M14I3M23I29M13I213M1D20M8I9M7I21M23I82M
58	4142	0.499	2.847E-94	0	967	968	0	888	889	281M1D71M1I15M1D23M2I15M44I8M1D7M6I40M5I39M5I231M1D10M1I13M21I36M1I88M3D5M
65	4125	0.516	6.995E-94	5	967	968	0	876	879	298M2D60M1D52M5I5M2D15M14D16M4I11M11I18M2I11M5I41M8I8M4I174M1I36M59I23M6I90M
55	4001	0.493	4.922E-91	0	967	968	0	892	893	112M1I168M1D47M4I23M3D9M1D7M2I57M15I38M1D3M3I27M3I39M6I113M1I49M1I38M20I7M4I2M1I17M21I39M1I53M1I32M3D4M
79	3846	0.493	1.784E-87	52	966	968	0	888	889	228M1D21M1I43M3I15M1D28M1I21M7I30M1D63M5I23M1I42M6I203M1D20M7I57M1D90M
103	3806	0.492	1.479E-86	26	966	968	0	885	886	49M4I10M5I5M2I165M5I20M1D23M1D18M2I6M7I13M5I26M2I91M11D16M21I30M10I103M2D128M1D18M10I43M2D104M
117	3749	0.388	3.011E-85	0	967	968	0	995	1003	5M2D265M3D9M2I11M1I13M2I15M5D42M12I23M1I4M1I37M5D43M1I25M13I31M6D26M4D79M1D132M2D13M22D64M2D10M9D88M
92	3701	0.368	3.810E-84	5	965	968	1	1083	1084	261M4D26M1I49M2I9M1D14M8I58M1D16M3D40M3D5M14D12M2D24M3I21M5D12M8D17M25D83M2D137M53D17M1D42M12D19M1D81M1D4M
128	3650	0.385	5.649E-83	2	959	968	0	866	876	3M3D263M6I5M9D21M8I22M1D32M16I4M20I14M21I24M20I6M2I16M13I11M6I30M10D101M1D127M1D12M1D16M4I10M2I24M1D99M
122	3568	0.352	4.314E-81	7	967	968	6	970	1001	261M2D20M1D47M27D30M11I62M2D6M3I12M2I13M16I11M20I5M7I5M11I22M3I11M3I77M1D119M1D9M1D12M21D26M17D20M11D93M4I20M
8	3438	0.349	4.169E-78	0	967	968	0	1015	1016	5M2D263M15D7M1I54M2D36M9I8M5D71M2D21M3D66M2D127M2D122M1D15M12D34M10D118M2D11M
101	3427	0.365	7.458E-78	5	959	968	20	928	936	260M6I17M3I26M1I38M1D14M9I40M3I55M5I27M9I34M17I21M2D1M1D58M2D103M11D41M1D12M2I10M9I134M
18	3412	0.320	1.648E-77	5	965	968	1	1247	1248	269M5D64M6D4M1D30M4I52M1D11M8D10M9D122M23D11M15D70M1I11M1D142M28D8M63D7M12D14M70D22M18D10M17D15M14D84M
126	3285	0.349	1.359E-74	0	962	968	3	807	808	6M1D96M2I161M10I4M9D30M5I45M19I40M4I10M36I3M2I8M45I7M46I5M7D133M1I37M2I27M3I80M2D51M1I2M1I41M
100	3230	0.335	2.490E-73	0	967	968	0	801	806	3M1I268M10I10M25I14M74I18M7I12M10I11M4I13M1I26M19I10M1I48M2I76M1D5M1D85M3I3M5D30M3D23M13I10M9I37M2I44M1D23M4D18M
114	3219	0.349	4.455E-73	5	959	968	5	922	929	215M1D46M5I21M2I45M1I22M13I19M7I51M2D61M4I130M2D86M5I12M3D43M1D54M2I27M7I77M
91	3206	0.336	8.858E-73	5	967	968	9	786	788	99M1D161M14D5M10I8M11I19M8I14M13I12M57I11M10I4M2I21M16I14M19I18M6I15M21I6M2I64M2I10M4D5M2I79M3I3M3I34M1I14M17I53M4I2M3I34M2D17M4D31M
97	3135	0.325	3.782E-71	1	967	968	22	784	786	105M1D160M3D2M9D11M76I8M22I27M37I10M25I26M9I23M1I9M9I14M5I6M2I62M3I10M1D5M1D84M6I34M1I14M2D10M20I40M8I36M1D16M2D31M
98	3123	0.315	7.132E-71	5	967	968	13	774	776	101M1D160M10D7M3I10M15I26M26I10M17I5M1I23M2D30M6I12M15I14M103I62M2I10M1D5M1D74M1I6M1I3M5I34M1I15M17I10M2I40M4I2M3I32M2D22M4D28M
7	3098	0.331	2.675E-70	5	967	968	8	823	857	98M1D184M61I10M3I5M13I12M26I13M14I69M23I46M5D3M2I39M2D43M3D46M2I18M1D11M2I10M4I34M1I18M10I45M2I7M2I37M2D38M2D6M2D6M
124	3073	0.335	1.003E-69	5	957	968	1	708	713	258M3D11M96I5M9D3M42I22M1I17M14I3D28M62I9M3I9M2I40M1D23M1I17M2D84M1I30M1I29M30I28M10I41M1D6M1I29M
120	3064	0.336	1.614E-69	0	967	968	0	758	764	4M2D98M2I164M3D35M5I21M64I6M2I15M1I15M4I20M2I5M7I13M64I26M4I8M4I33M2D39M1D7M1D49M2I16M1D50M4I7M1I13M20I16M24I6M5I2M3I35M1I46M
10	3059	0.313	2.103E-69	5	967	968	26	782	784	101M1D159M10D14M76I8M22I22M44I14M18I22M14I13M6I37M5I6M2I62M2I11M4D5M2I82M6I34M1I17M17I8M2I13M3I29M5I31M2D21M2D29M
96	3057	0.326	2.338E-69	5	967	968	38	940	948	30M5I227M10D19M5I25M7I18M7I17M22I20M2I32M6I29M28D12M15I57M1I27M1D62M4I9M4D5M2I48M1I32M1I38M1D22M18I25M4I17M2I7M1I72M1I9M
0	3033	0.334	8.315E-69	5	967	968	13	752	754	101M1D160M10D8M15I6M60I8M22I27M37I9M34I14M18I7M14I12M5I24M2I62M3I10M1D5M1D77M1D4M1I3M5I34M1I13M4D9M22I38M6I35M2D21M2D31M
89	3021	0.305	1.568E-68	0	967	968	0	760	777	5M2D99M1D165M26I12M20I19M5I15M43I19M62I9M10I2M27I41M2I4M2I39M2D39M4D3M2I47M2I16M1D14M7I36M2I13M13I35M3I64M2D39M7D7M
40	3005	0.306	3.654E-68	0	967	968	0	757	776	5M1D99M1D162M60I12M33I1M3D10M30I3M5I15M1I23M23I19M13I4M26I31M7I3M2I39M2D39M4D3M2I45M2I18M1D10M2I7M5I34M2I29M1I17M15I65M2D39M5D7M
87	2984	0.309	1.109E-67	5	967	968	7	749	770	96M1D169M6I3M6I4M7D5M41I4M73I3M27I3M2I16M1I9M3I29M38I28M9I5M2I39M2D42M2D47M2I18M1D10M2I5M5I27M2I23M14I23M7I30M1D35M2D43M4D7M
37	2978	0.302	1.523E-67	2	967	968	0	810	829	13M2D144M1I105M13D5M19I16M16I10M45I6M49I25M16I7M22D26M13I24M4I26M1D13M2I39M2D37M1D5M1D49M2I16M1D13M1I12M2I22M3I19M3D13M5I31M25I39M2D48M
95	2974	0.324	1.882E-67	5	967	968	1	715	720	98M2I164M6D4M1I11M7I71M51I9M6I2M4I7M31I8M103I4M2I32M2D44M2D51M2I16M1D51M5I16M16I19M18I16M6I1M3I35M1I37M1I8M
88	2974	0.305	1.882E-67	5	967	968	7	752	770	268M10I6M9I8M28I7M33I13M7I27M22I16M2I15M19I7M72I11M2I39M2D39M4D3M2I47M2I12M1D14M2I7M5I24M1I12M1I29M1I39M15I41M2D38M7D8M
1	2971	0.302	2.206E-67	0	967	968	0	786	787	269M1D11M6I2M42I8M65I27M20I15M19I24M25I13M21I18M1I26M1D13M2D38M1D5M1D49M2I16M2D14M2I9M6I44M14I59M3I30M1D6M2D9M7D6M8D2M3D20M2D2M14D7M
63	2968	0.315	2.585E-67	5	967	968	7	768	778	96M1D170M1I12M44I13M33I4M2I18M5I4M40I6M27I18M23I32M7I11M9I5M2I39M2D39M4D2M2I46M2I17M1D11M2I5M5I25M2I40M1I37M19I36M4D3M2I39M15D7M
20	2961	0.310	3.742E-67	0	967	968	0	767	772	5M2D274M7D13M2I36M81I13M26I16M92I11M5I10M3I39M2D39M4D3M2I45M2I18M1D24M7I17M1I12M1I14M1I54M15I38M2D42M20D7M
2	2940	0.311	1.136E-66	3	964	968	8	780	781	99M1I58M1I166M6I16M103I7M38I12M9I9M5I5M9I36M5I35M1D43M3D49M1D11M1D6M4D62M5D16M27I18M7I14M7I35M3D11M5D12M3D16M3D8M
36	2928	0.302	2.142E-66	2	967	968	0	810	829	12M2D145M1I105M13D5M19I16M16I10M45I6M49I30M11I3M17D30M13I24M4I26M1D13M2I39M2D37M1D5M1D49M2I16M1D13M1I12M2I22M3I18M13I1M4D16M2I14M2I13M14I36M4D3M2I46M
125	2917	0.309	3.833E-66	3	964	968	25	812	813	268M3D21M11I18M10I5M12I24M10D13M9I24M15I27M25I15M33I30M25I62M7I4M6I124M1I25M10I18M2I10M6I9M14I73M1I5M
14	2902	0.329	8.471E-66	5	963	968	85	885	886	104M25I4M4I2M1D70M1D56M2D8M3I23M11I22M1I28M19I18M3I16M27I25M5I9M1I21M9I15M2I20M1I20M3I5M2I76M1D5M1D128M1I11M25I15M15I9M7I85M
123	2757	0.436	1.809E-62	44	770	968	0	713	715	222M1D6M1D11M8I76M8I3M1I42M2D28M2D26M7D33M11I26M2I11M1D176M1D18M2D19M
21	2716	0.348	1.581E-61	5	809	968	4	701	745	209M1D51M5D14M4I8M31I18M1I26M30I77M19I7M23I62M2I76M1D5M1D72M1I10M4D2M5I34M3I15M
121	2424	0.316	8.017E-55	11	834	968	1	618	619	258M13D3M6I12M5I8M1I7M11I11M15I6M1I26M38I6M47I17M80I7M8I1M2D4M1I22M1D11M2D43M2D51M2I16M2D14M2I9M3I22M3I27M5I15M
12	2411	0.322	1.594E-54	5	855	968	2	674	675	262M4D6M1I32M19I11M75I10M7I14M7I10M22I15M2I7M14I26M15I25M2I27M1I7M2D32M1D10M1I3M2I45M2I18M1D13M2I36M9I14M2I13M3I29M
9	2332	0.280	1.039E-52	5	967	968	7	619	639	96M1D170M16I15M32I12M5I10M35I11M67I8M96I13M31I3M45I45M2I18M1D15M4I2M3I25M2I21M1I5M13I18M10I5M2D27M2D32M2D44M4D6M
11	2157	0.307	1.084E-48	0	814	968	0	581	596	42M32I201M2D4M47I16M12I4M65I10M16I10M27I18M19I13M8I8M4I27M4I25M1D10M2D41M1D5M1D49M2I16M2D14M2I8M3I23M3I17M2D10M
19	1783	0.201	4.198E-40	2	967	968	9	732	735	30M1D14M5D1M3I43M1I9M1I44M1D12M5D5M8D18M1I3M3D27M2D8M5D4M5I41M9D13M15I42M150I18M9I6M10I6M39I5M4I12M2D6M2D47M1I4M1D16M2D78M3D3M1D38M4I15M8I44M4I8M9I2M25I16M1D8M1I18M3I9M
90	1325	0.160	1.380E-29	0	958	968	0	691	697	4M1I2M1D25M1I14M5I50M1I43M5D17M1I21M1I29M12I3M1I40M27D11M26I20M27I8M22I10M16I14M87I3M26I5M2I3M16I9M6I4M9I26M2I5M1I7M2D6M1D22M5D38M1I3M5D7M3I19M2D18M14I25M3I18M17I19M11I17M5I7M1I4M1I10M1D12M1D11M1D14M1D17M
4	1258	0.174	4.768E-28	5	962	968	4	687	688	43M4I51M1I39M3D6M2D14M1I22M1I22M4D10M12I37M1D13M18I12M15I31M11I6M19I23M16I18M85I14M7I6M9I52M3I14M3D2M1D8M2I11M5D9M5D7M2D12M4I11M2D7M2D3M3I17M2D14M1I7M7I6M4I11M81I18M3I7M3I3M2I15M3D23M3D22M
129	1118	0.163	7.817E-25	10	958	968	0	650	656	2M1D2M1I16M1I11M35I3M2D2M1D19M1I43M3D4M2D13M1I18M1I33M13I38M2D18M3I3M75I9M98I11M12I10M14I26M9I6M1I8M2D16M6I29M3I12M2D6M1D8M1D7M3D14M1D32M1I2M5D10M3I15M2D16M8I5M3I19M6I24M8I25M14I18M1I2M3I7M4I4M2I2M2I14M1D6M1D13M1D19M
99	955	0.262	4.325E-21	5	349	968	17	361	450	7M1D2M1I16M1I13M5I52M1I40M3D4M1D14M1I23M1I24M2D12M12I31M17D13M1I42M1I28M
17	786	0.154	3.286E-17	9	959	968	3	973	985	21M2I26M3I14M1I4M1D26M1I38M2D3M1D15M2I6M11D16M1I19M12D7M3D15M8D30M2I6M18D14M1D27M1D18M1D19M25D24M6I46M5D23M8D34M1I13M2D16M1D10M2D26M16D12M2D28M4I10M2I14M4I10M17I5M3I13M10D3M6I3M8D15M60I15M2D35M5D12M2D55M3D12M1D10M14I6M4I5M5I6M6D17M1D11M
93	658	0.154	2.856E-14	11	604	968	13	763	803	34M7I41M1I11M1I39M3D3M4D15M2I4M1I13M2D29M4I7M21D4M3I32M9D21M21D65M105D23M1D29M1I14M2D36M6D73M4D27M4D33M4I10M1I6M
 57	6831	1.00	0.000E+00	0	930	931	0	930	931	931M
76	5777	0.858	0.000E+00	0	929	931	0	924	925	300M1D45M2I41M1I40M1I81M4I39M2D376M
51	5723	0.834	0.000E+00	0	927	931	0	928	932	303M1D42M3I81M1I13M1I73M3D38M2D373M
43	5673	0.846	0.000E+00	0	929	931	0	930	931	304M1D45M1I45M1I33M1I82M1D41M2D377M
71	5656	0.825	0.000E+00	4	929	931	16	933	934	299M1D85M2I39M1I13M1I38M7I66M2D375M
109	5653	0.821	0.000E+00	0	923	931	0	913	915	300M1D48M1I80M1I56M1D31M4I30M1I248M1I31M4I88M
113	5653	0.836	0.000E+00	0	930	931	0	913	915	302M1D43M3I4M4I73M1I51M4I69M2D233M3I42M4I88M1I6M
54	5642	0.826	0.000E+00	0	929	931	0	922	923	303M1D45M1D40M2I39M1I13M1I38M7I66M2D375M
50	5619	0.820	0.000E+00	0	930	931	0	905	906	303M1D43M1I41M2I39M1I16M21I86M2D370M3I5M
69	5608	0.814	0.000E+00	0	929	931	0	923	924	300M1D39M11I43M2I34M1I29M1D25M1D35M1D8M2D27M2D376M
35	5597	0.810	0.000E+00	0	930	931	0	928	929	266M3I1M10D3M7I20M1D35M1D12M1I47M1I33M1I15M3I36M3I30M3D37M2D233M1D136M1I7M
56	5551	0.813	0.000E+00	0	920	931	0	921	931	303M1D19M2I25M1I79M1I73M1I15M2D7M1D28M2D367M
45	5541	0.817	0.000E+00	0	929	931	0	926	927	303M1D85M2I39M1I13M1I22M5D16M7I66M2D375M
46	5481	0.798	0.000E+00	0	927	931	0	922	926	303M1D42M3I81M1I11M17I8M2D51M3D38M2D227M4I110M12D32M
52	5462	0.786	0.000E+00	0	924	931	0	902	913	303M1D24M4I16M1I81M1I10M4I38M4I4M1I12M1I6M5I6M4I30M2D370M
41	5437	0.779	0.000E+00	0	929	931	0	923	924	301M2I25M1I20M1I71M1I7M1I13M1I74M2D36M2D227M3I146M
77	5436	0.771	0.000E+00	0	930	931	0	922	925	303M1D45M3D18M3I14M1I45M1I8M1I30M1D48M7I27M2D231M2I147M
44	5385	0.773	0.000E+00	0	921	931	0	877	886	304M1D23M4I10M14I74M1I13M1I38M4I4M1I12M1I10M10I20M9I369M
13	5382	0.786	0.000E+00	0	929	931	0	893	894	303M1D41M6I66M3I10M1I13M1I7M9I24M1I1M6I11M1I13M3I23M6I381M
116	5380	0.804	0.000E+00	0	927	931	0	892	893	302M1D49M9I32M4I33M1I52M4I4M2I12M12I38M2D232M3I29M1D14M4I21M1D65M1I5M
58	5370	0.789	0.000E+00	0	929	931	0	888	889	301M1D87M2I37M4D5M32I18M7I66M2D221M7I147M
3	5369	0.769	0.000E+00	0	921	931	0	877	882	303M1D24M4I10M14I74M1I13M1I38M4I4M1I12M1I10M10I20M9I369M
70	5319	0.768	0.000E+00	0	929	931	0	857	858	303M36I4M12D45M2I39M1I12M47I66M2D375M
49	5238	0.754	0.000E+00	0	921	931	0	853	862	303M1D24M4I10M14I74M1I10M25I17M4I4M1I12M1I10M10I19M9I370M
82	5202	0.735	0.000E+00	5	924	931	30	945	947	2M1D297M2D45M5I33M1D33M4D9M1I101M2I18M3I241M3I34M2D93M
48	5144	0.729	0.000E+00	0	929	931	0	898	899	301M1I47M5I34M4I28M4D9M1I20M4I33M4I26M6I19M2I7M2I239M3I36M1D91M4I4M
83	5142	0.746	0.000E+00	7	924	931	32	945	947	338M6I37M1D32M4D9M1I83M2D6M1D12M5I10M1I10M2D233M3I39M2D93M
47	5041	0.726	0.000E+00	0	930	931	0	819	820	302M1D42M4I47M1I26M13I7M27I8M7I6M39I26M1D258M22I96M
78	5022	0.707	0.000E+00	0	921	931	0	935	940	348M2I42M1I19M1I7M4D6M1I24M3I12M1D42M2D13M6D15M1I247M4D17M4D31M2D90M
42	4970	0.694	0.000E+00	0	924	931	0	931	933	294M1I50M8I31M1I26M3D18M1I22M3I11M1D46M3D21M1D8M4D17M1I237M4D5M4D31M2D93M
55	4902	0.722	0.000E+00	0	929	931	0	892	893	112M1I189M1D69M2I56M1I10M1I31M3I19M4I30M1D13M6D16M2D95M1I48M1I44M32I112M1I39M
23	4879	0.676	0.000E+00	0	924	931	0	933	935	345M8I31M1I27M1I9M4D7M1I22M3I11M1D51M2D7M2D17M3D19M1D232M1D9M7D31M2D93M
66	4782	0.662	0.000E+00	0	921	931	0	918	923	82M1D259M14I6M2I21M1I27M1I6M4D10M1I29M2I46M2D11M3I22M3D4M1D238M4D16M4D31M2D90M
130	4756	0.616	0.000E+00	0	929	931	0	982	983	278M1I17M4D46M1D48M1D17M7D10M2D8M7D59M2D16M5D36M9D17M4D233M12D10M2D36M2D90M4I4M
79	4500	0.694	6.493E-104	53	921	931	1	884	889	295M2I42M1I28M3D8M1I21M3I12M1D42M6D10M2D265M4D18M4D31M2D90M
115	4420	0.556	4.828E-102	0	921	931	0	977	982	281M1I14M4D46M1D45M1D45M12D44M2D23M18D23M1I29M1D233M6D12M10D34M3D91M
61	4400	0.531	1.410E-101	0	929	931	0	932	933	281M1I20M1D40M1D25M1I111M2D19M1D22M1I11M8I10M3I214M1I13M14D11M1D40M1D91M3I4M
67	4386	0.541	2.987E-101	5	921	931	6	958	964	276M1I20M1D65M1I53M1D22M3D14M2D9M6D17M2D13M2D20M5D15M3D8M1D15M2D213M1I32M10D29M1D93M
59	4378	0.541	4.586E-101	0	929	931	0	981	982	8M1D267M1I20M4D34M1D56M1D27M17D8M1I48M4D12M1D27M2I23M4D6M23D189M1I98M1D11M1D87M1I3M
33	4371	0.527	6.673E-101	0	920	931	0	963	970	281M1I20M1D44M1I20M1I54M1D21M8D12M1D6M4D38M5D19M2D20M7D16M2D213M1I14M8D15M7D21M1D103M
72	4370	0.538	7.041E-101	0	921	931	0	953	958	281M1I23M1D62M1I98M9D52M1D21M11D18M1D172M1I37M1I18M12D7M1D129M
38	4362	0.523	1.081E-100	0	921	931	0	963	969	281M1I20M1D40M1D25M1I44M2I33M1I23M18D26M1D39M9D17M2D214M1I20M1D4M14D37M1D93M
30	4361	0.516	1.141E-100	0	921	931	0	966	972	281M1I20M1D40M1D25M1I79M1I23M18D25M1D29M11D21M2I6M3D213M1I24M15D42M1D88M
105	4350	0.534	2.057E-100	0	922	931	0	958	963	281M1I20M1D40M1D25M1I44M8D40M5D42M2D2M2D37M1D20M10D214M1I24M8D37M1D94M
131	4339	0.519	3.708E-100	0	929	931	0	895	896	281M1I20M1D40M1D25M1I38M29I17M15I22M3I26M10D13M9I10M3I214M1I13M14D28M4D25M1D89M3I4M
112	4331	0.522	5.694E-100	0	921	931	0	965	971	281M1I20M1D40M1D25M1I44M1D31M8D12M1D10M8D39M4D34M5D15M2D211M1I44M15D14M1D99M
111	4330	0.537	6.007E-100	0	921	931	0	932	938	281M1I20M1D40M1D25M1I92M1D36M4D22M3I17M2I11M3I213M1I13M5D5M2D11M7D25M1D100M
39	4330	0.523	6.007E-100	0	921	931	0	959	965	281M1I20M1D34M1D31M1I86M1I18M18D23M1D26M5D3M2D242M1I29M14D125M
25	4329	0.520	6.338E-100	0	921	931	0	964	970	281M1I20M1D44M1I20M1I54M1D21M8D12M1D5M20D7M4D54M1D17M2I10M3I214M1I13M8D17M7D31M1D93M
62	4326	0.525	7.443E-100	0	921	931	0	925	931	281M1I20M1D35M1D30M1I40M10I4M4I5M7I22M17D78M2I10M3I214M1I29M14D125M
94	4319	0.518	1.083E-99	0	921	931	0	918	924	281M1I20M1D65M1I27M1I25M1I18M12D39M3I21M12I6M4I10M4I15M2D210M1I27M14D37M3I9M1I80M
6	4317	0.522	1.206E-99	0	921	931	0	964	970	281M1I20M1D44M1I20M1I44M8D32M1D8M5D47M5D26M11D11M2I19M2D210M1I13M8D17M7D22M1D102M
118	4312	0.542	1.576E-99	0	921	931	0	973	978	281M1I20M1D65M1I62M3I26M20D24M4D31M8D13M3D11M1D13M1D174M1I18M2D23M1I14M8D4M7D27M3D9M1D100M
28	4311	0.523	1.663E-99	0	921	931	0	965	971	281M1I20M1D44M1I75M1D21M8D12M1D5M20D7M4D9M2D31M2I12M1D17M2I10M3I214M1I13M8D17M7D23M1D101M
34	4303	0.521	2.553E-99	0	922	931	0	965	970	281M1I20M1D44M1I20M1I38M1D37M8D9M5D18M14D84M2D213M1I18M8D12M7D23M1D102M
31	4297	0.522	3.522E-99	0	921	931	0	964	970	281M1I20M1D44M1I20M1I44M1D31M8D12M1D6M4D38M5D26M11D242M1I13M8D17M7D31M1D93M
85	4295	0.514	3.920E-99	0	921	931	0	964	970	281M1I20M1D44M1I20M1I79M1I27M15D9M6D2M1I38M11D11M3D15M3I213M1I24M15D29M1D101M
86	4292	0.522	4.604E-99	0	921	931	0	964	970	281M1I20M1D44M1I20M1I54M1D21M8D9M5D18M14D84M2D213M1I13M8D17M7D23M1D101M
107	4287	0.509	6.019E-99	0	920	931	0	962	969	281M1I20M1D44M1I20M1I83M1I21M18D16M2D36M11D242M1I29M15D124M
27	4286	0.518	6.351E-99	0	921	931	0	964	970	281M1I20M1D44M1I20M1I53M8D45M9D23M2D36M11D242M1I13M8D18M7D22M1D101M
29	4284	0.524	7.069E-99	0	921	931	0	964	970	281M1I20M1D44M1I20M1I54M1D21M8D12M1D10M4D34M5D25M11D243M1I13M8D17M7D23M1D101M
119	4278	0.520	9.751E-99	0	921	931	0	962	968	281M1I20M1D40M1D25M1I19M2I23M1D57M13D32M4D24M11D242M1I29M14D24M1D101M
5	4269	0.524	1.579E-98	0	921	931	0	964	970	281M1I20M1D44M1I20M1I54M1D21M8D12M1D12M7D22M2D36M11D242M1I13M8D17M7D23M1D101M
53	4267	0.524	1.758E-98	0	921	931	0	958	964	281M1I20M1D40M1D25M1I45M1D29M7D24M6D35M4D40M2D13M2D213M1I14M8D15M7D22M1D103M
127	4262	0.533	2.299E-98	0	921	931	43	1008	1013	281M1I23M1D62M1I39M6D23M11D60M12D31M1D29M4D179M1I37M1I15M12D7M1D21M1I9M1D101M
24	4258	0.521	2.848E-98	0	920	931	0	963	970	281M1I20M1D44M1I20M1I54M1D21M8D12M1D7M13D32M5D60M2D213M1I24M15D29M1D100M
75	4256	0.524	3.170E-98	0	921	931	0	964	970	281M1I20M1D40M1D25M1I60M4D15M5D12M1D12M7D31M1D8M1I26M1D20M10D214M1I14M3D2M2D5M3D9M7D35M1D89M
22	4255	0.516	3.345E-98	0	921	931	0	952	958	281M1I20M1D19M3I33M1D10M1I69M2D15M3D5M20D37M1D12M2I13M4I242M1I16M7D14M7D20M1D104M
108	4249	0.523	4.614E-98	0	921	931	0	922	928	281M1I20M1D65M1I27M1I19M2I18M16D16M1I32M11I22M7I8M3I3M1I15M2D213M1I24M14D37M2I10M1I80M
15	4246	0.531	5.418E-98	0	921	931	36	979	983	276M1I44M1I25M3I17M1I31M1D10M8D21M2D37M3D29M3D26M1D32M4I169M1I39M1I14M3D14M12D33M2I12M3D79M
26	4244	0.519	6.032E-98	0	921	931	0	964	970	281M1I20M1D44M1I20M1I44M15D30M4D16M11D9M4D54M1D17M2I11M3I213M1I13M8D17M7D23M1D101M
64	4236	0.514	9.261E-98	0	921	931	0	962	968	281M1I20M1D38M1D27M1I74M7D20M15D21M9D55M2I10M3I214M1I13M8D16M7D37M1D88M
16	4233	0.531	1.088E-97	5	921	931	39	974	978	272M1I57M2I16M1I13M1I31M1D13M1D19M9D5M1D49M1D28M1I213M1I39M1I31M15D31M1I91M
106	4228	0.521	1.422E-97	0	922	931	0	965	970	281M1I20M1D44M1I20M1I60M9D27M1D6M13D60M7D15M2I15M2D209M1I18M8D17M7D23M1D102M
102	4138	0.500	1.769E-95	0	921	931	0	958	964	281M1I20M1D65M1I78M4D6M2D46M5D7M9D47M2D215M1I29M4D5M12D26M1D94M
65	4135	0.519	2.077E-95	7	930	931	2	877	879	274M1I18M3D40M1D75M3I22M15D32M3I18M4I23M4I20M2D183M1I39M50I104M3I7M
73	4135	0.529	2.077E-95	23	921	931	2	928	933	258M1I23M1D62M1I60M3D24M1D16M5D35M6D222M1I40M2I16M16D52M2D6M1I79M
68	4111	0.526	7.519E-95	17	921	931	9	896	901	4M3D12M2I246M1I23M1D25M1D37M1I38M3I22M1I18M4I15M1D15M5I16M2I25M11I11M5I168M1I39M1I14M12D8M1D31M1D101M
60	4040	0.510	3.379E-93	11	920	931	9	985	994	20M8D6M5D238M1I28M4D24M1I57M1D31M12D3M3D4M1D27M1I24M6D33M2I27M3D4M14D16M7D169M1I54M1I21M8D24M1D13M1D80M
74	4013	0.529	1.436E-92	9	894	931	3	902	926	272M1I23M1D23M1I38M1I38M3I4M6I14M5D41M16D256M2I31M2I21M2D3M6D25M1I11M1D69M
80	3936	0.521	8.903E-91	42	921	931	1	926	931	239M1I23M1D62M1I42M3D22M14D45M1D29M10D15M7D206M1I39M1I14M3D3M9D19M1D31M1D87M
104	3922	0.502	1.885E-90	0	920	931	0	931	938	43M32I206M1I20M1D44M1I20M1I54M1D21M8D12M1D6M4D9M3D19M2D29M2D20M7D14M2D215M1I29M15D25M1D99M
84	3878	0.510	1.993E-89	47	921	931	0	924	929	234M1I18M1D67M1I55M3D9M14D45M3D9M1D4M5D22M2D9M7D18M4D18M1D172M1I37M1I24M13D130M
32	3867	0.512	3.594E-89	42	921	931	1	923	929	239M1I20M1D44M1I20M1I44M1D30M8D13M1D5M20D7M4D54M1D17M2I10M3I214M1I13M8D17M7D22M1D102M
117	3708	0.386	1.805E-85	0	918	931	0	987	1003	5M2D264M10D41M8D43M2I89M1D61M2I31M2I16M3D86M1D122M1D16M3D4M2D56M44D79M
128	3676	0.404	1.003E-84	2	927	931	0	875	876	3M3D261M2D34M19I26M24I22M2I10M21I93M5I10M10D5M3I11M4I78M1I8M2D162M10D34M2D90M
92	3567	0.379	3.455E-82	5	921	931	1	1079	1084	264M1D7M2D35M27D18M5D3M15D19M1D18M1D52M14D2M1D28M1I64M7D30M5D95M2D126M1I10M47D30M16D16M12D19M8D79M
110	3516	0.491	5.315E-81	90	921	931	0	874	880	186M1I25M1D44M1I20M1I54M1D21M8D12M1D11M4D33M5D26M11D242M1I24M15D29M1D101M
122	3464	0.373	8.628E-80	0	901	931	0	949	1001	8M1I257M1I13M2D9M1D45M29D23M14I11M1I20M5I13M2I10M2I25M7I15M5I23M6I30M3I9M4I79M1D116M1D26M4D9M11D20M6D6M3D14M41D70M
81	3433	0.494	4.544E-79	39	839	931	7	819	885	242M1I20M1D40M1D25M1I15M1D12M1I11M5D13M8D34M15D12M3D32M4I10M3I39M2D213M1I14M12I36M1I9M
101	3404	0.374	2.150E-78	0	923	931	15	933	936	269M1I6M6I11M2I19M2I30M2D69M1D38M2I20M5I40M3I20M6I5M5D6M4I63M2D100M11D62M5D9M1I10M2D10M2I21M1D82M
8	3389	0.362	4.804E-78	0	920	931	0	1007	1016	5M2D264M12D10M3I23M2D28M2D8M2D32M7D96M5D52M3D25M7D12M8D85M2D137M20D60M18D81M
18	3335	0.332	8.680E-77	5	919	931	1	1242	1248	261M4D33M9I10M1D27M5I12M1I37M4D28M3D32M11D36M10D7M1D6M2D25M26D22M43D69M1I15M1D126M1I22M16D8M215D5M1D37M6D80M
103	3334	0.434	9.158E-77	26	920	931	0	880	886	49M4I8M5I8M2I167M2I7M4I19M3D35M11I12M3I35M2I22M15I12M9I40M23D51M7D90M2D142M4D19M4D122M
114	3260	0.362	4.834E-75	5	923	931	5	927	929	215M1D49M6I22M2D49M4I45M3D37M5I48M1I17M14D55M7I56M2D85M1D3M5I3M2I1M1I7M5D68M1I13M2D20M1I12M7D81M
126	3242	0.351	1.268E-74	6	920	931	10	806	808	96M2I166M9D1M11I11M37I13M17I3M5I19M13I17M6I6M10I12M3I25M19I14M10I12M6I17M3D134M1I37M2I27M4I18M1D39M7D6M4D15M6D38M2I41M
100	3225	0.346	3.155E-74	0	922	931	0	793	806	4M1I267M11I18M4I63M1I24M7I14M10I5M3I23M91I94M1D2M1D81M2D4M5I2M5D31M2D16M3I26M5I77M1D31M
91	3191	0.353	1.951E-73	1	929	931	5	787	788	104M1D167M11D3M8I12M11I6M4I11M22I13M14I19M2I7M32I26M35I12M10I27M1I8M7I62M2I8M1D8M1D82M6I38M2I11M3I46M2I8M2I3M1I33M2D17M4D26M2I6M
98	3134	0.337	4.141E-72	1	929	931	9	775	776	105M1D160M3I5M9D17M14I27M23I15M4I11M11I10M23I7M16I18M38I3M24I19M1D6M2I62M2I14M1D2M1D75M1I8M6I33M2I13M4I23M1I22M4I10M1I32M2D22M4D23M2I6M
124	3077	0.355	8.787E-71	5	916	931	1	708	713	258M3D2M5D5M13D14M16I24M36I3M90I1M9D8M59I23M3I7M3I2M2I40M1D24M1I16M2D82M1I33M2I24M15I24M9I49M1D6M1I29M
97	3051	0.340	3.540E-70	1	916	931	22	774	786	105M1D166M9D6M2I14M61I6M15I11M25I5M26I23M2I12M24I56M2I61M3I14M1D2M1D84M6I33M2I17M4I13M3I26M3I47M1D16M2D21M
7	3035	0.344	8.345E-70	0	924	931	0	817	857	5M3D98M1D162M6D4M1D10M3D21M8I17M2I22M22I11M3D12M18I10M6I11M14I18M53I25M1D10M2I39M2D43M3D46M2I17M1D20M6I34M2I11M2I56M4D38M2D48M
10	3029	0.336	1.151E-69	0	916	931	21	772	784	106M1D160M3I3M11D7M3I9M14I31M86I4M7I44M41I18M6I18M2I62M2I14M3D1M1I84M6I37M2I11M4I20M4I20M2I11M1I34M2D20M2D19M
120	3020	0.350	1.865E-69	0	930	931	2	754	764	104M2I160M4D7M11I9M14I30M51I18M1I8M8I19M24I16M17I12M1I14M4D5M4I23M5I37M2D35M1D7M1D47M2I18M1D50M4I5M2I32M35I7M1I32M1I38M8I7M
1	3012	0.329	2.863E-69	0	930	931	0	772	787	265M8D14M4I11M6I23M8I17M87I6M14I10M27I13M17I5M12I8M4I9M1I25M1D14M2D39M1D3M1D49M2I16M2D14M1I22M4I13M1I6M3I71M1I32M1D4M2D5M7D10M8D2M3D21M2I10M
89	3003	0.344	4.637E-69	3	920	931	5	747	777	101M1D161M7I29M23I10M45I26M2I15M3I9M8I5M27I17M49I10M5I4M2I39M2D37M3D4M1I49M2I16M1D13M3I2M4I27M3I21M2I6M2I7M4D14M1D29M1I34M2D44M
0	3000	0.345	5.446E-69	0	929	931	8	753	754	106M1D160M13D8M7I10M14I30M55I6M1I13M26I14M3I6M6I14M69I10M3I63M3I13M1D2M1D77M1D7M6I33M2I16M2D4M6I48M4I30M2D21M2D26M2I6M
20	3000	0.338	5.446E-69	5	915	931	7	736	772	261M1I15M7D5M116I4M9I5M15I42M14I21M14I9M12I11M2I39M2D36M3D5M1I47M2I17M1D18M7I25M3I52M1D29M1I34M2D39M
95	2994	0.353	7.512E-69	5	918	931	1	708	720	97M2I165M4D3M11I10M14I2M24I9M16I24M1D7M23I3M9I6M7I15M17I10M35I9M20I19M2I32M2D44M2D49M2I18M1D51M6I15M11I31M15I6M1I32M1I41M
96	2993	0.335	7.925E-69	5	918	931	38	933	948	30M5I232M7D1M10I52M15I22M1D13M4I7M4I5M2I8M7I30M3I17M35D11M1D17M1D44M1I17M1D60M4I17M2D49M1I32M1I103M8I7M1I74M
87	2990	0.343	9.308E-69	3	919	931	5	738	770	98M1D165M2D10M7D2M4I20M5I15M6I15M33I10M16I12M10I11M9I3M58I8M41I5M2I39M2D42M2D47M2I17M1D16M7I23M3I51M3I19M1I46M2D43M
88	2988	0.343	1.036E-68	3	915	931	5	734	770	263M1I10M52I7M41I11M28I4M18I13M1I20M2I3M4I15M1I6M4I6M13I6M11I16M2I39M2D37M3D4M1I49M2I12M1D19M7I27M3I52M1D28M1I39M2D35M
63	2988	0.343	1.036E-68	3	920	931	5	747	778	98M1D165M3I13M49I6M21I10M36I3M9I3M17I43M9I14M6I5M1I13M14I18M2I39M2D43M2D46M2I17M1D16M7I23M3I51M3I19M1I46M2D44M
40	2981	0.336	1.508E-68	0	920	931	1	746	776	104M1D175M7D14M76I15M21I7M33I24M29I11M3I15M1D7M14I10M3I39M2D37M3D4M1I47M2I18M1D13M3I2M4I27M3I21M1I18M1D80M2D40M
2	2974	0.336	2.194E-68	4	922	931	9	776	781	102M1I54M1I120M1I33M1I30M60I15M10I45M72I8M5I35M1D43M3D49M1D11M1D6M4D65M4D9M6I19M7I12M8I9M4I32M3D11M5D12M3D23M
14	2938	0.356	1.511E-67	3	920	931	83	883	886	106M25I4M4I2M1D70M1D65M2I33M3I29M15I17M12I16M2D9M3I31M3I33M11I3M3I8M5I11M2I31M2I76M1D5M1D127M2I36M31I83M
125	2932	0.322	2.084E-67	5	915	931	27	805	813	261M2D30M12I11M15I18M4I12M17D2M25I5M2I19M34I30M6I19M8I14M8I18M6I61M13I130M2I10M1I9M14I3M1D3M2D20M4I82M
37	2889	0.320	2.088E-66	2	920	931	0	802	829	13M2D144M1I110M10D3M11I16M9I12M4I20M24I5M18I8M25D14M20I15M18I12M13I20M7I12M8I9M2I7M2D1M5I37M2D40M1D2M1D49M2I16M1D22M3I25M4I22M1I8M9I8M1I63M1D6M1D34M2I4M
36	2846	0.325	2.092E-65	2	920	931	0	802	829	12M2D145M1I110M10D3M11I16M9I12M4I20M24I13M7I7M14D18M20I16M18I11M13I20M7I12M8I11M3I6M2I39M2D40M1D2M1D49M2I16M1D22M3I25M4I18M5D5M1I10M8I5M7I60M3D2M1I35M2I4M
123	2700	0.429	5.236E-62	44	744	931	0	711	715	323M2I35M2D29M3D28M12D77M2I15M3I152M1D35M
21	2699	0.355	5.524E-62	3	786	931	2	703	745	211M1D79M2I32M2I46M2I23M18I15M2I15M26I51M25I7M2I81M2D74M1I8M4D2M5I27M4I24M
12	2494	0.324	3.265E-57	5	839	931	2	674	675	262M3D9M6I8M22I32M4I19M36I8M13I5M7I12M12I29M19I24M16I11M2I28M1I6M2D35M1D7M1I4M2I45M2I17M1D13M5I36M7I12M8I19M1I19M5I6M
121	2489	0.318	4.268E-57	11	808	931	1	618	619	258M12D8M6I14M104I10M25I9M9I16M12D14M37I1M3D17M19I3M1D25M1D17M2D38M2D50M2I16M2D14M2I9M3I23M4I18M4I23M
9	2277	0.298	3.671E-52	3	920	931	5	609	639	98M1D165M2D25M172I16M62I13M8D1M3I4M22I5M7I3M45I45M2I17M1D14M2I4M5I25M3I19M7I24M2I6M3D15M2D43M2D44M
11	2152	0.323	2.981E-49	0	795	931	0	581	596	40M27I2M5I192M2D7M3D18M5I12M2I10M11I25M80I24M4I7M23I4M51I10M3I24M1D14M2D37M1D5M1D49M2I16M2D14M2I8M3I24M4I18M4I10M
19	1798	0.216	5.178E-41	2	930	931	9	730	735	29M1D18M2D44M1I9M1I44M1D11M5D6M8D19M1I2M3D27M2D8M3I8M3D32M10D18M31I6M8I8M6I7M48I3M35I21M3I18M61I10M6I5M4I12M2D6M2D46M1I14M1D5M2D82M4D35M1I4M8I12M1D7M2I43M16I13M9I9M1D8M1I9M6I9M3I7M
90	1352	0.171	1.246E-30	0	916	931	0	690	697	4M1I2M1D24M1I16M5I52M1I40M5D17M1I21M1I21M1D6M13I6M1I39M26D7M27I8M68I16M10I7M20I8M24I25M38I9M23I38M3I3M2D10M1D22M5D41M2D2M2D6M3I18M2D19M14I22M17I11M5I45M1D7M1I4M1I10M1D12M1D10M1D15M1D16M
4	1206	0.165	3.117E-27	7	920	931	5	686	688	3M1D39M4I52M1I37M3D4M2D16M1I22M1I20M1D3M3D9M12I46M40I18M31I8M5I25M34I9M9I29M17I11M2I22M3I18M12I30M3I11M3D2M1D8M2I7M2D1M6D4M3I3M2I4M5D26M6D3M2I8M3I16M2D14M9I4M1D10M4I13M2I7M64I9M3I5M4D12M7I8M1D21M3D21M
129	1163	0.164	3.123E-26	10	913	931	0	646	656	22M1I10M35I3M2D4M1D20M1I37M3D7M2D13M1I21M1I21M1D6M13I6M1I33M2D9M1D6M32I6M17D8M52I19M11I2M16I3M45I7M47I33M5I28M3I12M2D6M1D8M1D7M3D14M1D33M1D2M3D9M3I16M2D16M8I4M1D7M8I19M3I2M1D7M1I13M7I27M2I12M1I7M1D19M2D7M9I12M1D15M
99	929	0.263	8.734E-21	5	347	931	17	361	450	27M1I12M5I52M1I40M3D4M1D14M1I23M1I36M10I33M2D4M13D7M2D72M
17	798	0.169	9.782E-18	9	853	931	3	892	985	21M2I26M3I14M1I4M1D25M1I39M2D3M1D21M9D19M1I18M12D7M3D5M1I11M9D28M20D2M16D46M2D47M2D39M7D17M2D36M3D17M12D23M12D51M1I9M23D10M5I25M6I12M15I3M3I12M1D11M3D3M8D17M57I6M3I8M2D27M6I78M
93	631	0.141	7.543E-14	11	667	931	13	798	803	34M7I41M1I12M1I36M1D6M6D14M2I4M1I13M2D29M4I6M2I6M20D31M2I2M5D15M1D12M3D35M4D39M106D117M1D7M8D2M13D14M11D10M1D42M4I18M4I4M5I10M17I23M1I9M2I13M
 84	6443	1.00	0.000E+00	0	928	929	0	928	929	929M
80	5669	0.889	0.000E+00	0	928	929	6	930	931	517M5I292M1D115M
127	5529	0.870	0.000E+00	0	928	929	90	1012	1013	492M1D26M7I404M
72	5488	0.853	0.000E+00	0	928	929	47	957	958	398M11I109M7I404M
68	5197	0.814	0.000E+00	0	928	929	40	900	901	286M1D90M66I74M4I294M1D115M
118	5040	0.755	0.000E+00	0	928	929	47	977	978	522M6I207M2D46M2D37M4D111M
73	4783	0.685	0.000E+00	0	928	929	26	932	933	401M9I40M5I48M6I16M5I223M1I26M1D27M2D30M1D92M
34	4663	0.636	0.000E+00	0	928	929	47	968	970	286M1D16M2I55M1D40M4I56M1I16M1I47M6I14M1D178M1D67M1D9M1D16M1D115M
33	4624	0.641	0.000E+00	0	928	929	47	967	970	286M1D16M2I59M1D36M4I56M1I21M1I40M6I16M1D177M1D60M1D17M1D33M1D93M1I4M
86	4616	0.639	0.000E+00	0	928	929	47	968	970	286M1D16M2I59M1D36M4I56M1I16M1I47M6I14M1D177M1D68M1D9M1D33M1D98M
38	4599	0.648	0.000E+00	0	928	929	47	967	969	286M1D83M1I29M4I56M1I8M1I20M1I34M6I13M1D178M1D60M1D17M3D7M2I24M1D98M
24	4598	0.643	0.000E+00	0	928	929	47	967	970	286M1D16M2I57M1D38M4I56M1I21M1I40M6I16M1D178M1D67M1D9M1D33M1D93M1I4M
6	4593	0.635	0.000E+00	0	928	929	47	968	970	286M1D16M2I59M1D36M4I56M1I21M1I42M6I14M1D177M1D68M1D9M1D33M1D98M
29	4590	0.639	0.000E+00	0	928	929	47	968	970	286M1D16M2I59M1D36M4I56M1I21M1I42M6I14M1D177M1D68M1D9M1D33M1D98M
67	4587	0.634	0.000E+00	0	928	929	48	963	964	362M1D37M4I10M2I38M1I14M1I20M1I34M6I14M1D173M1D65M4I16M2D124M1D3M
27	4581	0.635	0.000E+00	0	928	929	47	968	970	286M1D16M2I66M1D29M4I56M1I21M1I42M6I14M1D177M1D81M2D35M1D92M
112	4580	0.634	0.000E+00	0	928	929	47	969	971	286M1D77M1D36M4I49M2I35M1I32M6I16M1D178M1D76M3D131M
31	4575	0.636	0.000E+00	0	928	929	47	968	970	286M1D16M2I59M1D36M4I56M1I21M1I42M6I14M1D177M1D68M1D9M1D33M1D98M
5	4573	0.638	0.000E+00	0	928	929	47	968	970	286M1D16M2I59M1D36M4I56M1I21M1I42M6I14M1D177M1D68M1D9M1D33M1D98M
30	4573	0.633	0.000E+00	0	928	929	47	970	972	286M1D82M1D31M4I15M15I9M15D17M1I8M1I20M1I32M6I16M2D177M1D69M1D8M1D16M1D115M
53	4571	0.635	0.000E+00	0	928	929	47	962	964	286M1D79M1D34M4I56M1I8M1I8M1I27M6I12M6I193M1D59M1D17M3D7M2I7M1D115M
85	4562	0.640	0.000E+00	4	928	929	51	968	970	282M1D16M2I59M1D36M4I56M1I21M1I42M5I3M1I11M1D178M1D67M1D9M1D33M1D98M
26	4561	0.641	0.000E+00	0	926	929	47	966	970	286M1D16M2I59M1D36M4I56M1I21M1I42M6I14M1D177M1D68M1D9M1D33M1D96M
28	4560	0.639	0.000E+00	0	928	929	47	969	971	286M1D16M2I17M1D42M1D36M4I56M1I21M1I42M6I14M1D178M1D67M1D9M1D33M1D98M
105	4556	0.644	0.000E+00	0	928	929	47	961	963	291M1D72M1D21M1I14M4I56M1I8M1I20M1I23M1I12M5I11M1D180M1D73M3I39M1I91M
25	4551	0.625	0.000E+00	0	928	929	47	968	970	286M1D16M2I59M1D36M4I28M9D23M10I17M1I42M6I14M1D177M1D80M2D13M1D115M
39	4543	0.629	0.000E+00	0	928	929	47	963	965	289M1D74M1D36M4I24M17D7M18I16M1I8M5I42M6I14M1D177M1D68M4I5M7D17M4I9M2D101M
32	4539	0.626	0.000E+00	0	928	929	6	927	929	286M1D16M2I59M1D36M4I29M9D22M10I17M1I42M6I14M1D177M1D68M1D9M1D33M1D98M
61	4536	0.625	0.000E+00	0	928	929	47	931	933	286M1D113M4I48M5I3M16I33M25I11M1D177M1D60M1D20M1D36M1D92M
111	4533	0.643	0.000E+00	0	928	929	47	936	938	287M1D87M36I49M1I17M1I46M6I12M1D179M1D76M3D8M2I24M1D98M
75	4530	0.633	0.000E+00	0	928	929	47	968	970	286M1D77M1D33M4I59M1I8M1I8M2I43M6I14M1D180M1D67M1D9M3D38M1I92M
106	4527	0.646	0.000E+00	0	928	929	47	968	970	286M1D16M2I59M1D36M4I56M1I21M1I42M6I14M1D178M1D67M1D9M1D33M1D98M
64	4515	0.636	0.000E+00	0	928	929	47	966	968	286M1D113M4I48M2I34M3I37M6I11M1D178M1D59M1D17M1D39M1D92M
119	4508	0.643	0.000E+00	0	928	929	47	966	968	286M1D61M2I14M1D37M4I55M1I8M1I20M1I34M6I14M1D177M1D68M6I3M9D13M1I117M
107	4456	0.618	0.000E+00	0	928	929	47	966	969	286M1D16M2I66M1D29M4I24M17D7M8I12M10I24M1I33M6I16M1D177M1D59M1D18M1D126M1I4M
62	4429	0.624	0.000E+00	0	928	929	47	929	931	286M1D77M6I1M23I9M8I26M9D18M10I4M1I8M5I42M6I13M1D178M1D68M4I5M7D15M1I23M1I91M
22	4418	0.608	0.000E+00	0	928	929	47	956	958	302M2I67M6I23M4I14M2I16M9D24M11I10M1I40M6I16M1D178M1D76M1D16M1D115M
131	4405	0.611	0.000E+00	0	928	929	47	894	896	286M1D113M4I42M86I13M1D177M1D60M1D32M4D24M1D92M
115	4388	0.596	3.483E-104	0	928	929	47	981	982	247M3D33M1D36M1D32M1D14M1D12M1I11M5I27M3I22M1D20M3D57M6I19M2D176M1D37M1D42M3D21M3D108M
94	4352	0.609	2.279E-103	0	928	929	47	922	924	339M1I32M37I48M4I7M1I23M1I32M8I11M1D177M1D84M1D9M1D22M5I88M
104	4339	0.621	4.665E-103	25	928	929	39	936	938	3M1D8M1I5M1D244M1D16M2I59M1D36M4I56M1I21M1I40M6I16M1D177M1D68M1D11M1D31M1D98M
108	4319	0.607	1.405E-102	0	928	929	47	926	928	339M1I26M2I6M36I37M1I19M1I57M8I11M1D177M1D84M3I14M2D12M1I94M
74	4316	0.652	1.658E-102	0	897	929	41	902	926	298M1I80M1I63M5I8M19I49M3I190M1I35M1I26M5I113M
16	4308	0.589	2.577E-102	0	927	929	81	977	978	261M1I17M1D11M3I13M1I38M1D26M2I17M5I27M2I79M4I19M16I257M2D15M1D24M2I88M
110	4253	0.623	5.347E-101	43	928	929	0	878	880	243M1D16M2I59M1D36M4I56M1I21M1I42M6I14M1D177M1D68M1D9M1D39M1D92M
15	4226	0.570	2.369E-100	0	927	929	83	982	983	261M1I26M2I8M2I45M1D17M2I25M5I98M4I29M16I248M1D16M1D9M1D114M
102	4215	0.583	4.345E-100	0	928	929	47	963	964	362M1D37M4I8M2I22M6I12M1I23M1I46M6I14M1D177M1D63M1D18M2D16M1D108M1D3M
130	4161	0.573	8.531E-99	0	928	929	47	982	983	244M3D39M1D37M1D25M1D17M1D31M2I43M3I13M1D9M3D62M5I19M1D172M1D37M1D46M1D10M1D19M1D96M
59	4115	0.550	1.078E-97	0	928	929	48	978	982	247M3D33M1D40M1D28M1D26M1I67M1D9M3D60M3D247M1D16M2I5M3I23M7I16M1D99M
60	4081	0.552	7.024E-97	0	928	929	58	990	994	244M3D34M1I39M1D24M1D18M3I5M2I13M4D59M1D49M3I56M6D208M1D33M2D16M7I20M1D95M
3	3919	0.510	5.316E-93	0	928	929	47	881	882	218M5D10M4I72M17I39M10I20M8I16M1I30M2I44M23I3M23I181M1D37M1D17M8I14M5I12M1D23M1I91M
109	3899	0.512	1.601E-92	0	927	929	47	914	915	234M1D65M1I20M1D43M3I17M15I46M3I4M2I46M2I7M5I4M15I189M1D37M1D24M14I18M1D23M5I86M
54	3895	0.511	1.997E-92	0	928	929	47	918	923	234M1D69M1D17M1D18M2I20M2I3M8I15M8I19M1I23M11I11M2I33M2D12M5I5M12I191M1D37M1D24M8I7M5I127M
42	3895	0.514	1.997E-92	0	928	929	47	932	933	232M1D12M3I11M1D51M7I33M1I35M15I6M1I25M1I56M4I32M5I19M7I164M1D38M1D19M4I25M1I7M1D19M1D96M
81	3892	0.599	2.356E-92	0	845	929	15	880	885	286M1D83M1I29M4I28M1I27M1I8M1I23M1I31M6I14M1D177M1D61M8D32M24D32M
56	3890	0.518	2.630E-92	0	928	929	47	926	931	218M5D12M4I41M2I14M1I27M1D45M10I14M8I41M4I22M8I24M1I27M6I192M1D35M1D20M1I4M11I42M1I94M
23	3889	0.513	2.779E-92	0	928	929	47	934	935	232M1D14M1I62M7I32M1I10M2I4M5I18M8I10M2D13M4I15M3I15M1I16M5I30M1I24M1I15M4I167M1D39M1D16M4I29M1I5M1D19M1D96M
52	3883	0.504	3.869E-92	0	928	929	47	912	913	218M5D10M4I52M3I12M2I19M1D40M20I6M1I28M1I27M3I15M8I9M8I22M5I5M12I191M1D37M1D24M13I130M9D4M
76	3881	0.506	4.320E-92	0	928	929	47	924	925	234M1D64M2I20M1D29M1I10M10I19M8I40M4I6M1D4M2I8M1I22M5I25M10I3M4I190M1D37M1D17M13I137M4D4M
44	3877	0.517	5.386E-92	0	928	929	47	881	886	234M1D54M1I4M8I11M8I40M3I22M15I14M1I30M2I44M23I3M23I181M1D37M1D17M8I14M5I12M1D23M1I91M
43	3877	0.518	5.386E-92	0	928	929	47	926	931	230M1D72M1I17M1D16M1I23M10I19M8I40M4I6M1D13M3I45M2I16M12I183M1D37M1D24M8I7M5I12M1D17M1I97M
79	3873	0.504	6.715E-92	5	928	929	0	888	889	228M1D19M1I38M1I57M1I9M2I4M5I19M8I11M2I28M3I15M1I6M5I58M4I19M2I168M1D39M1D14M3I28M2I9M1D19M1D96M
41	3872	0.509	7.096E-92	0	928	929	47	923	924	231M1D15M3I52M2I16M1D41M19I36M8I19M1D43M7I22M7I26M1D174M1D37M1D29M15I35M1I87M4D4M
57	3872	0.510	7.096E-92	0	924	929	47	921	931	231M1D26M1I62M1D55M3I9M14I36M4I22M5I22M2I9M7I18M4I18M1I172M1D37M1D18M13I136M
51	3866	0.516	9.878E-92	0	928	929	47	926	932	234M1D64M3I19M1D40M10I18M8I28M1I14M6I39M5I6M1I27M7I16M1D175M1D37M1D17M8I14M5I127M
69	3861	0.511	1.301E-91	0	928	929	47	919	924	230M1D80M10I24M2I15M3I21M15I18M1D19M4I6M1D16M5I14M3I33M2I6M4I191M1D37M1D14M6D9M19I129M
78	3861	0.509	1.301E-91	0	928	929	47	939	940	233M1D19M1I38M1I10M1I17M1D29M1I9M2I4M5I18M8I12M2I29M3I14M1I5M5I58M5I7M2I180M1D39M1D11M1I49M3I11M1D96M
77	3856	0.502	1.714E-91	0	928	929	47	922	925	230M1D72M3D17M2I24M1I61M16I13M5I17M1I4M5I25M7I26M12I181M1D37M1D20M2D9M17I124M5D3M
71	3854	0.511	1.914E-91	0	925	929	59	926	934	234M1D86M1D18M2I20M2I3M8I15M8I19M1I23M11I11M2I33M2D12M5I5M12I191M1D37M1D18M13I137M
83	3851	0.517	2.259E-91	0	928	929	72	946	947	233M1D19M1I49M6I12M1D29M1D15M6I18M8I42M3I15M1I6M5I16M2I32M13I190M1D37M1D22M16I18M1D21M1D94M
49	3845	0.504	3.144E-91	0	928	929	47	857	862	218M5D10M4I72M17I39M3I22M15I11M11I25M16I28M23I3M23I181M1D37M1D17M7I11M6I15M1D23M1I91M
113	3839	0.512	4.377E-91	0	928	929	47	914	915	230M1D62M7I20M1D41M19I22M1D42M3I14M10I12M1I23M2I16M9I188M1D37M1D29M16I16M1D18M5I83M5D4M
45	3825	0.506	9.471E-91	0	928	929	47	922	927	234M1D86M1D18M2I20M2I3M8I15M8I69M9I22M2D12M5I5M12I191M1D37M1D24M8I7M5I127M
66	3820	0.501	1.248E-90	0	928	929	47	922	923	35M1D198M1D13M1I41M6I15M9I27M1I13M2I4M5I19M8I19M1I15M1I5M3I19M3I33M1I7M8I6M3I28M2I168M1D39M1D37M1I23M3I11M1D96M
35	3812	0.502	1.939E-90	0	928	929	47	928	929	218M7D7M6I89M1D16M1I23M10I18M8I23M3I49M6I19M9I19M6I191M1D37M1D32M12I123M4D4M
48	3811	0.518	2.049E-90	0	928	929	47	898	899	228M2D2M1I16M2I44M3I16M1I31M4I16M6I19M8I9M1I18M3I10M3I10M2I15M5I5M7I18M7I8M14I14M1D175M1D37M1D24M16I16M1D115M
82	3802	0.508	3.366E-90	0	928	929	73	946	947	228M2D2M1I19M1D48M5I17M1D29M1D11M3I4M3I18M8I42M3I19M3I53M22I183M1D37M1D24M6I21M9I17M1D94M
13	3801	0.501	3.557E-90	0	928	929	47	889	894	218M5D12M4I52M6I27M1D45M6I15M15I13M10I16M4I31M15I5M7I20M10I8M4I178M1D37M1D18M13I25M1D21M1I93M
50	3787	0.503	7.697E-90	0	926	929	47	901	906	230M1D53M1I36M1D15M2I23M10I18M8I10M18I17M6I13M3I38M2D7M5I13M12I183M1D37M1D18M13I138M
65	3783	0.515	9.596E-90	0	923	929	42	870	879	249M2D31M1D35M1D50M5I12M1I9M42I3M10D25M3D15M2D49M4I225M15I5M47I102M
46	3762	0.502	3.054E-89	0	925	929	47	917	926	234M1D57M3I26M1D40M10I18M8I16M11I7M1I10M6I13M3I21M5I6M1I27M7I16M1D175M1D37M1D27M17I97M12D27M
116	3759	0.508	3.604E-89	0	926	929	47	889	893	230M1D68M8I31M4I19M10I19M8I47M3I18M1I34M10I9M25I177M1D37M1D29M12I21M2I15M5I18M1D67M
70	3716	0.482	3.858E-88	0	928	929	47	853	858	234M1D14M36I9M18D17M6I22M2I20M2I3M8I15M8I10M28I26M16I13M7I12M5I5M12I191M1D37M1D18M13I140M
58	3678	0.502	3.135E-87	0	928	929	47	884	889	234M1D86M1D18M2I20M2I3M1I45M30I20M16I12M7I12M5I4M13I17M1D174M1D37M1D10M1I13M19I128M
47	3656	0.495	1.055E-86	0	924	929	47	810	820	230M1D61M3I8M1I13M1D20M1I23M39I15M27I9M2I8M17I7M2I15M38I182M1D37M1D18M24I8M5I20M6I86M
55	3576	0.476	8.682E-85	0	928	929	47	888	893	65M1I168M1D79M1D10M2I44M3I13M15I6M24I19M14D16M4I15M4I14M4I15M5I20M5D98M1I48M1I27M1D11M21I7M4I18M15I13M3I24M1I55M1I35M
103	3471	0.454	2.837E-82	0	928	929	21	885	886	28M5I4M1D5M5I5M2I170M5I17M1D11M1D32M1I17M12I25M2I53M4I8M31I18M18D7M3D24M5I11M12I7M3I101M2D96M1D31M1D18M5I149M
92	3323	0.362	9.922E-79	3	928	929	46	1083	1084	215M4D76M1D56M1I32M3D39M13D41M2D22M1D30M2D22M14D95M2D89M1D46M25D38M4D6M1D17M39D14M1D87M
117	3263	0.364	2.712E-77	3	928	929	52	994	1003	215M10D8M9I21M3I18M5D11M2I72M1I72M6I10M1D41M8D16M26I100M1D85M1D39M2D13M24D13M3D21M6D38M3D86M
128	3207	0.367	5.945E-76	3	922	929	51	867	876	217M6I5M9D14M83I5M3I21M8I6M2I29M5I7M4I73M2I21M9I6M12D7M4I86M1D93M1D39M1D12M1D71M2I80M
122	3154	0.346	1.105E-74	4	904	929	50	949	1001	217M2D25M6I13M5I7M36I23M26D10M15I5M8I26M2D121M9I11M2I7M6I78M1D84M1D33M1D7M1D13M10D8M11D14M23D23M1D5M1D20M6D64M
8	3086	0.331	4.693E-73	3	928	929	52	1013	1016	215M5I6M8D95M4I74M3D38M7D60M2D25M5I86M2I13M2D4M2D82M1D38M1D16M12D73M13D75M1D10M
101	3056	0.362	2.454E-72	2	921	929	64	928	936	216M6I24M12I31M3I34M13I11M12I32M8I57M1I7M8I28M2I30M3I14M4D3M2D58M2D103M8D3M4D37M1D12M2I10M11I40M3D12M2D77M
18	3005	0.314	4.083E-71	0	927	929	43	1247	1248	222M5D60M5D40M8D13M4D23M1D26M6D45M4D78M1D14M4D4M5D25M8D68M1I14M1D88M1D49M5D19M67D11M37D6M39D26M3D4M52D8M22D84M
126	2910	0.330	7.687E-69	1	923	929	52	806	808	54M2I161M8D8M9I17M7I27M37I9M10I3M10I14M73I23M16I42M17I10M7D130M1I36M1I31M3I18M1I46M1I26M7D37M2I41M
114	2866	0.340	8.696E-68	0	921	929	47	922	929	167M1D51M5I25M2I49M20I70M9I20M5I41M2I63M1I24M1D59M2D87M5I17M4D36M1D12M6D21M4I19M2I5M11I13M5D77M
91	2818	0.323	1.226E-66	0	928	929	51	785	788	58M1D161M13D12M80I7M1I8M1I20M6I12M23I13M27I20M23I4M6I31M18I20M2I64M2I10M1D5M1D81M5I39M1I14M2I18M6I29M12I7M1I29M2D21M4D30M
96	2807	0.306	2.249E-66	0	928	929	75	942	948	220M13D17M20I10M4I27M3I9M3I11M13I31M2I43M8I5M37D15M5I24M7I21M7I13M23I8M5D5M1D63M4I14M2D48M1I69M2I5M3D49M21I17M1I74M2D7M
100	2784	0.316	7.994E-66	4	928	929	50	799	806	221M10I10M25I6M2I7M36I18M17I7M2I9M1I41M21I16M1I22M5I25M46I80M1D2M1D89M3D31M3D16M3I31M19I9M1D63M1D20M3D14M
7	2775	0.315	1.313E-65	1	928	929	51	821	857	55M1D176M21I11M2I19M46I21M16I2M1I16M1D23M19I70M44I8M2I39M2D42M3D47M2I17M1D14M4I6M1I20M1I58M17I19M6D40M2D38M3D11M
98	2751	0.306	4.931E-65	0	928	929	55	773	776	58M1D167M7D14M27I7M49I33M1I8M62I62M55I74M2I13M1D2M1D74M1I6M5I37M1I14M10I31M10I22M3I32M2D22M4D27M
123	2717	0.425	3.214E-64	0	735	929	3	713	715	219M1D6M3I17M2I23M5I67M1D21M2I16M4I32M2I14M9D6M2I25M1I28M1D18M8I3M12I165M1D18M3D17M
97	2713	0.317	4.007E-64	0	928	929	68	783	786	58M1D167M9D6M8I4M64I8M26I12M33I7M22I8M5I59M6I10M30I19M2I62M3I13M1D2M1D81M5I37M1I14M2D5M5I8M17I14M3I59M1D16M2D30M
10	2709	0.305	4.996E-64	3	928	929	71	781	784	55M1D160M10D18M66I19M25I20M30I17M4I18M15I24M4I12M54I8M2I62M2I14M1D2M1D81M5I37M1I15M10I29M14I54M2D21M2D28M
124	2678	0.319	2.760E-63	0	923	929	43	712	713	216M3D8M16D12M32I21M57I4M63I6M9D6M54I5M17I14M21I15M2I40M1D22M1I18M2D114M1I23M20I20M10I11M7I44M1D6M1I33M
88	2647	0.320	1.525E-62	1	928	929	50	748	770	227M101I6M1I14M19I1M2I11M6I52M5I3M12I7M36I2M15I3M18I9M2I39M2D37M2D52M2I20M1D11M5I5M1I23M1I12M1I28M2I21M11I60M2D39M4D6M
20	2645	0.307	1.702E-62	1	919	929	50	737	772	231M7D9M127I15M6I53M5I2M12I9M51I3M19I8M2I39M2D36M2D53M2I17M1D11M2I7M4I24M1I12M1I28M2I21M11I57M2D39M
40	2645	0.314	1.702E-62	1	919	929	49	742	776	56M1D162M7I13M5D10M24I4M6I5M39I4M20I6M9I5M9I28M1I5M42I9M4I18M40I6M12I6M2I39M2D37M3D4M1I47M2I17M1D14M4I4M2I34M2I32M2I19M11I60M2D36M
120	2638	0.328	2.504E-62	0	928	929	49	757	764	55M2I163M5D18M26I11M9I38M48I4M1I7M21I9M25I10M2I10M8I13M9I22M19I21M4I33M2D44M1D2M1D47M2I16M1D22M1D25M4I11M1I8M29I6M12I3M8I16M1D3M1I32M1I48M
0	2631	0.317	3.684E-62	3	928	929	58	751	754	55M1D164M16D9M80I4M26I12M44I5M14I14M11I20M12I11M8I22M29I9M2I62M3I13M1D2M1D77M1D4M5I37M1I13M3D34M19I16M2I3M3I30M2D21M2D30M
89	2626	0.301	4.853E-62	0	928	929	49	758	777	57M1D162M7I4M18I22M1I15M65I6M18I33M1I5M42I19M29I12M27I8M2I39M2D37M3D4M1I47M2I14M1D17M6I38M2I32M2I17M11I62M2D37M6D8M
87	2624	0.321	5.419E-62	4	919	929	53	735	770	49M1D167M1D9M8D15M37I7M62I17M14I5M8I6M33I11M22I15M45I25M2I39M2D42M2D47M2I17M1D11M2I9M4I23M2I53M18I22M1D34M2D42M
63	2613	0.307	9.938E-62	4	919	929	53	743	778	50M1D170M1I24M25I8M64I20M3I1M46I49M65I21M2I39M2D43M2D46M2I20M1D11M3I6M3I19M1I15M1I30M2I15M15I54M2D42M
2	2573	0.305	9.017E-61	0	928	929	52	780	781	59M1I54M1I110M1I9M71I8M47I8M15I12M12I16M23I2M9I58M1I9M5I18M4I36M1D35M1D11M2D49M1D8M1D8M4D18M1D41M5D9M29I17M8I25M1I30M3D13M5D12M3D16M1D10M
37	2561	0.297	1.747E-60	0	928	929	47	807	829	112M1I108M12D13M45I10M44I21M13I17M7I4M25D19M44I51M21I18M1D2M5I37M2D42M2D47M2I18M1D13M1I11M1I19M1I12M2I9M5D23M10I6M11I2M8I52M2D36M2I9M
1	2546	0.298	3.996E-60	4	928	929	51	775	787	216M3D6M66I17M19I17M29I14M33I25M18I19M38I7M10I14M1I25M1D13M2D40M1D3M1D47M2I18M2D14M2I1M1I20M6I14M2D16M9I12M4I47M1I32M1D4M2D5M7D10M8D2M3D18M6D10M
125	2519	0.300	1.770E-59	3	926	929	72	812	813	221M3D21M11I18M40I23M17I5M14D4M15I8M53I37M2I44M13I15M6I61M13I87M2I4M3D26M3I7M2D8M1D10M29I15M1I96M1I8M
95	2513	0.304	2.465E-59	0	928	929	43	714	720	56M2I164M3D9M91I8M5I26M16I6M53I10M30I10M5I16M3D10M11I4M11I7M6D4M2I32M2D44M2D49M2I16M1D22M1D28M5I21M21I8M18I25M1I32M1I38M1I9M
14	2509	0.316	3.073E-59	4	925	929	131	885	886	58M25I4M4I2M1D70M1D55M3D8M4I23M1I33M23I5M11I8M3I24M1I19M28I13M10I43M1I11M2I13M5I12M7I13M3I5M2I81M2D83M1D44M1I13M7I8M20I5M18I12M1D81M
36	2507	0.302	3.431E-59	0	927	929	47	807	829	112M1I108M12D13M45I10M44I21M13I24M17D3M1D19M23I15M15I20M6I17M21I8M2I11M2I39M2D42M2D47M2I18M1D13M1I11M1I20M2I12M1I8M10D10M1I18M33I47M4D3M2I33M1D7M2I2M
21	2391	0.347	2.056E-56	3	774	929	49	701	745	163M1D52M5D12M4I10M31I8M1I12M6I25M1I18M24I26M2I37M29I21M11I28M11I15M3I81M2D72M1I53M3I12M
121	2183	0.312	1.965E-51	0	797	929	37	618	619	222M12D8M5I8M12I14M43I9M16I9M22I11M9D6M20I6M8I7M50I14M56I32M1D11M2D43M2D49M2I17M2D41M10I6M3D23M3I15M
12	2101	0.296	1.807E-49	4	817	929	48	674	675	214M3D14M91I34M5I6M3I22M3I5M9I5M40I59M18I7M5I7M2I28M1I6M2D32M1D12M3I48M2I16M1D12M5I19M1D5M1I13M5I18M2I37M
11	2004	0.289	3.798E-47	27	795	929	42	595	596	200M5D5M45I18M50I24M13I18M33I19M42I15M31I9M4I25M1D10M2D41M1D5M1D49M2I17M2D21M4I18M6I6M3D39M
9	1914	0.255	5.427E-45	3	919	929	52	605	639	51M1D169M3D20M31I3M3I8M62I7M183I11M12D4M76I50M2I17M1D14M6I29M2I39M3I10M1D6M15I54M2D42M
19	1465	0.201	3.060E-34	3	916	929	60	722	735	43M1I10M1I43M1D11M5D4M8D20M1I3M3D27M2D51M12D17M33I5M48I10M45I20M52I14M7I11M14I12M40I5M4I12M2D6M2D47M1I13M1D7M2D82M5D36M4I5M2I13M16I21M12I23M13I23M1D11M1I14M
90	1118	0.154	6.230E-26	7	925	929	48	696	697	51M1I39M5D18M1I21M1I24M16I5M3D34M29D10M28I20M8I8M68I4M93I17M43I25M12I33M2I5M1I3M2D10M1I4M2D17M5D38M1I3M5D9M3I18M2D14M3I3M10I29M24I7M10I41M1D8M1I4M1I10M1D10M1D12M1D15M1D22M
129	1054	0.158	2.123E-24	25	916	929	28	646	656	4M2I11M3D13M1I40M3D7M2D13M1I18M1I33M13I38M2D14M110I5M18D10M17I14M11I4M40I17M72I15M1I10M4D27M2I5M1I7M2D6M1D8M1D14M3D8M1D31M1I2M5D9M3I18M2D14M7I3M6I9M5I9M2D25M8I32M15I11M1D1M1I7M4I3M2I3M2I14M1D6M1D13M1D15M
4	954	0.157	5.265E-22	7	923	929	49	687	688	50M1I38M3D6M2D14M1I22M1I22M4D10M12I37M1D13M45I19M17I11M13I12M22I4M3D29M57I11M3I12M4I16M35I35M1I1M1D8M3I14M3D2M1D8M4I6M5I4M10D7M5D30M2D6M2D3M3I18M2D14M7I13M4I4M6I9M12I10M60I6M3I7M3I2M2I14M3D25M3D11M1D10M
99	782	0.240	6.916E-18	0	305	929	53	365	450	55M1I40M3D4M1D14M1I23M1I24M2D12M12I31M17D11M1I76M
17	645	0.155	1.319E-14	6	857	929	41	909	985	11M1D11M1I8M1D27M1I33M2D3M1D21M9D19M1I18M12D8M8D3M7D7M4I32M2I4M17D9M23D138M2D13M4D16M1I23M5D16M4D91M4D37M2I13M7I8M8I2M6I7M2I21M1D23M55I11M1I23M2D32M3D62M2D11M
93	575	0.156	6.258E-13	13	570	929	55	774	803	33M1I12M1I38M3D5M4D13M2I4M1I13M2D29M4I6M2I6M20D31M2I3M7D31M9D28M2D9M2D16M1D10M105D30M3D31M2D56M3D9M12D24M3D44M1D43M4I17M
 