3	6561	1.00	0.000E+00	0	881	882	0	881	882	882M
44	6272	0.969	0.000E+00	0	881	882	0	881	886	882M
49	6169	0.953	0.000E+00	0	881	882	0	857	862	424M24I434M
52	5922	0.878	0.000E+00	0	881	882	0	903	913	338M13D81M3I65M1D22M11D373M
51	5739	0.813	0.000E+00	0	881	882	0	926	932	327M2D6M2D5M11D123M4D6M1D12M1D10M13D20M11D373M
56	5734	0.819	0.000E+00	0	881	882	0	926	931	333M2D5M13D91M1D32M4D6M1D24M13D18M11D373M
54	5668	0.811	0.000E+00	0	881	882	0	918	923	327M2D6M2D5M15D35M2I87M2I15M1D11M10D21M11D371M
13	5661	0.821	0.000E+00	0	881	882	0	889	894	324M2D9M2D3M8D64M3I24M9I26M2I25M7D19M3D374M
76	5641	0.802	0.000E+00	0	881	882	0	920	925	327M2D6M2D5M12D28M1I59M1D35M4D6M1D12M1D10M6D20M11D373M
71	5589	0.805	0.000E+00	4	878	882	16	926	934	323M2D6M2D5M14D35M2I87M2I15M1D11M10D19M11D370M
43	5580	0.798	0.000E+00	0	881	882	0	926	931	327M2D6M2D5M13D39M1I48M1D35M4D6M1D12M1D6M11D24M11D373M
45	5561	0.801	0.000E+00	0	881	882	0	922	927	327M2D6M2D5M14D35M2I72M5D15M2I15M1D11M10D19M11D373M
50	5549	0.789	0.000E+00	0	880	882	0	902	906	327M2D12M15D38M2I41M3I46M1I39M11D372M
35	5519	0.786	0.000E+00	0	881	882	0	924	929	327M2D4M3D7M13D35M1I52M2I34M2D18M1D9M13D19M11D230M2D6M1I137M
41	5517	0.765	0.000E+00	0	881	882	0	923	924	292M3I32M2D9M14D67M1I58M4D5M1D12M1D7M20D17M3D237M3I135M4D4M
46	5517	0.783	0.000E+00	0	878	882	0	917	926	327M2D6M2D5M11D82M16I11M2D14M4D6M1D12M1D10M13D19M11D233M4I107M12D27M
69	5459	0.790	0.000E+00	0	881	882	0	919	924	327M2D6M5D40M2I50M1D15M1D20M5D7M1D12M1D12M13D17M11D374M
70	5443	0.767	0.000E+00	0	881	882	0	853	858	307M14D9M21I36M2I49M11I25M3I38M5I376M
109	5432	0.789	0.000E+00	0	880	882	0	914	915	327M2D3M2D8M13D89M1D35M5D5M1D12M1D10M6D20M8D246M1I36M4I85M
113	5396	0.765	0.000E+00	0	880	882	0	914	915	327M2D8M9D90M1D47M1D10M1D7M7D4M3D16M11D228M3I49M4I85M6D3M
57	5381	0.769	0.000E+00	0	877	882	0	921	931	303M1I24M4D10M14D74M1D13M1D38M4D4M1D12M1D10M10D20M9D369M
77	5345	0.760	0.000E+00	0	881	882	0	923	925	327M2D12M16D31M1I79M1D10M4D8M1D12M1D5M3D24M11D231M2I136M6D4M
116	5321	0.765	0.000E+00	0	880	882	0	890	893	331M4D7M5D34M4I51M1D40M1I16M3D5M4D17M3D231M3I34M1D15M4I20M1D68M
58	5248	0.767	0.000E+00	0	881	882	0	884	889	327M2D6M2D5M14D35M2I34M5D50M6I36M5I226M7I143M
83	5203	0.744	0.000E+00	7	881	882	32	946	947	296M2I5M1D17M2D6M2D6M8D31M1D32M4D23M1D35M4D8M1D11M1D10M8D17M10D235M2D8M5I34M2D94M
48	5201	0.739	0.000E+00	0	881	882	0	898	899	303M2I23M1D11M12D31M4I28M4D29M3I29M1D16M1D26M9D236M4I3M1D39M1D95M
82	5133	0.726	0.000E+00	3	881	882	28	946	947	4M1D299M1D21M2D6M2D6M9D31M1D32M4D23M1D35M4D7M1D12M1D6M14D260M3I40M2D94M
47	5029	0.721	0.000E+00	0	877	882	0	810	820	328M2D11M12D38M1I31M8I9M30I5M30I18M10D260M22I87M
78	4899	0.679	0.000E+00	0	881	882	0	939	940	294M1I34M15D9M1D35M1I21M1I7M4D40M1I16M4D8M1D11M1D12M20D29M6D215M6D16M2D37M2D94M
42	4859	0.673	0.000E+00	0	881	882	0	932	933	266M5I10M5D13M2I33M1D13M9D26M1I32M3D42M1I16M4D8M1D12M1D6M5D11M9D9M12D235M3D8M1D8M4D31M2D94M
55	4774	0.693	0.000E+00	0	881	882	0	888	893	112M1I214M2D5M2D6M14D16M2I85M11D33M2D15M12D19M2D99M1I49M1I44M32I112M1I35M
23	4774	0.667	0.000E+00	0	881	882	0	934	935	294M1I34M1D13M9D36M1I16M1I7M4D40M1I16M4D8M2D24M13D12M11D9M1D4M2D219M3D3M3D18M2D31M2D94M
66	4770	0.654	0.000E+00	0	881	882	0	922	923	82M1D212M1I32M2D41M1I26M1I6M4D41M1I16M4D8M2D17M10D15M10D4M1D9M1D225M4D19M4D31M2D94M
130	4722	0.621	0.000E+00	0	881	882	0	982	983	275M1I21M3D30M2D13M17D34M1D21M10D5M1D10M6D17M1D36M6D4M19D12M6D20M1D11M13D240M9D7M5D31M2D94M
111	4474	0.541	1.921E-102	0	881	882	0	936	938	275M2I3M1D53M19D16M1I40M3D15M8D4M13D62M3D22M1I15M2I212M1I17M3D4M4D8M7D25M1D104M
30	4469	0.518	2.506E-102	0	881	882	0	970	972	275M2I3M1D59M19D10M1I50M5D4M6D17M4D6M1D11M31D71M10D214M1I14M15D52M1D92M
39	4465	0.527	3.099E-102	0	881	882	0	963	965	275M2I3M1D53M19D16M1I45M11D20M5D23M20D20M1D13M3D18M3D9M1D10M8D215M1I29M14D129M
33	4463	0.514	3.447E-102	0	881	882	0	968	970	275M2I3M1D59M17D10M1I45M8D12M8D27M25D16M13D40M5D19M2I212M1I13M15D37M1D108M
61	4427	0.527	2.336E-101	0	881	882	0	931	933	275M2I3M1D47M1D32M17D53M15D36M3D41M2D16M2I216M1I17M15D47M1D94M
118	4426	0.529	2.464E-101	0	881	882	0	977	978	265M5I10M4D71M17D63M18D13M1D31M8D11M2I38M36D172M1I20M2D21M1I14M10D17M5D14M3D17M1D96M
112	4422	0.519	3.047E-101	0	881	882	0	969	971	275M2I3M1D59M17D11M1D55M10D10M6D19M25D12M4D14M1I52M12D209M1I14M14D24M1D18M1D103M
67	4417	0.529	3.975E-101	5	881	882	6	962	964	260M5I10M4D51M1D9M8D11M8D51M15D24M1I11M37D37M3D6M4D27M4I211M1I20M1I13M11D22M1D102M
62	4411	0.538	5.468E-101	0	881	882	0	929	931	275M2I3M1D57M2D3M15D12M1D43M4I15M1D10M16D26M1D59M4D214M1I32M14D126M
38	4402	0.513	8.823E-101	0	881	882	0	967	969	275M2I3M1D53M1D26M17D36M9D32M5D7M25D37M3D25M2D13M10D214M1I13M3D6M12D43M1D96M
131	4396	0.535	1.214E-100	0	881	882	0	894	896	275M2I3M1D47M1D25M17D38M9I13M20I41M1I10M10D21M2I216M1I23M2D21M16D22M1D92M
27	4394	0.525	1.350E-100	0	881	882	0	968	970	275M2I3M1D59M17D10M1I45M8D7M8D32M3D4M19D28M7D18M3D7M1D19M8D213M1I25M1I5M16D35M1D92M
85	4393	0.520	1.424E-100	0	881	882	0	968	970	275M2I3M1D44M1I27M5D10M12D33M11D32M5D7M3D4M19D9M10D44M1D22M8D210M1I24M15D29M1D105M
115	4392	0.548	1.501E-100	0	881	882	0	981	982	275M1I18M3D37M2D9M17D40M1D16M10D18M3D13M1D17M1D16M5D12M26D38M13D233M6D5M10D39M3D95M
6	4388	0.521	1.857E-100	0	881	882	0	968	970	275M2I3M1D59M17D10M1I56M11D17M5D25M5D56M25D9M11D210M1I24M15D28M1D106M
28	4384	0.525	2.297E-100	0	881	882	0	969	971	275M2I3M1D59M17D56M11D28M5D11M3D6M19D26M7D12M3D13M1D17M8D215M1I24M15D29M1D105M
31	4382	0.517	2.555E-100	0	881	882	0	968	970	275M2I3M1D44M1I34M17D36M8D12M8D41M5D56M25D9M11D210M1I24M15D29M1D105M
86	4374	0.521	3.908E-100	0	881	882	0	968	970	275M2I3M1D44M1I34M17D36M11D26M4D6M1D7M3D6M19D25M7D19M3D7M1D19M8D213M1I13M15D40M1D105M
127	4374	0.530	3.908E-100	0	881	882	43	1012	1013	266M5I9M4D53M1D9M6D9M10D63M18D13M1D29M2D46M1I7M41D175M1I37M1I16M10D17M3D10M1I27M1D87M
119	4373	0.517	4.122E-100	0	881	882	0	966	968	275M2I3M1D60M8D11M10D21M2I21M24D21M3D5M20D77M1D10M8D215M1I29M14D24M1D105M
53	4371	0.500	4.584E-100	0	881	882	0	962	964	268M9I6M8D47M1D29M17D36M8D20M8D25M12D56M23D12M2I213M1I14M15D51M1D93M
64	4369	0.510	5.098E-100	0	881	882	0	966	968	275M2I3M1D47M1D32M17D36M10D26M4D6M1D12M11D32M15D39M12D213M1I14M15D52M1D92M
72	4367	0.523	5.670E-100	0	881	882	0	957	958	266M5I9M4D51M1D9M17D9M1I64M2D20M25D21M4D36M8D18M10D176M1I37M1I16M13D27M1I23M1D91M
105	4364	0.521	6.650E-100	0	881	882	0	961	963	268M2I9M1D54M1D26M17D36M8D12M6D20M1D30M24D17M4D38M12D211M1I24M8D26M1D108M
106	4358	0.518	9.149E-100	0	881	882	0	968	970	275M2I3M1D44M1I34M17D47M11D21M5D7M22D36M1I17M11D3M1D22M8D210M1I14M9D7M6D32M1D105M
24	4357	0.523	9.648E-100	0	881	882	0	968	970	275M2I3M1D44M1I34M17D36M8D12M7D20M1D7M25D14M5D12M2D30M11D19M2I212M1I14M9D7M6D32M1D105M
75	4357	0.508	9.648E-100	0	881	882	0	968	970	275M2I3M1D53M1D26M17D32M36D25M14D24M3D18M1I31M5D21M2I210M1I13M8D17M7D34M1D94M
29	4356	0.523	1.017E-99	0	881	882	0	968	970	275M2I3M1D44M1I34M17D36M8D12M8D27M3D4M19D28M7D27M4D15M8D215M1I24M15D29M1D105M
25	4352	0.523	1.259E-99	0	881	882	0	968	970	275M2I3M1D44M1I34M17D36M8D12M8D27M3D4M19D28M7D18M3D7M1D17M8D215M1I24M15D29M1D105M
108	4351	0.529	1.327E-99	0	881	882	0	926	928	275M2I3M1D51M1D9M15D10M1D23M1I24M1D16M4D3M10D50M6I40M11D210M1I14M14D49M3I92M
94	4348	0.519	1.557E-99	0	881	882	0	922	924	275M2I3M1D53M1D7M15D10M1D23M1I47M13D89M4D212M1I15M14D49M4I91M
79	4340	0.650	2.382E-99	53	881	882	1	888	889	241M1I34M15D9M1D35M1I28M3D41M1I16M4D8M1D11M1D11M21D30M6D216M6D15M2D45M2D86M
5	4339	0.521	2.512E-99	0	881	882	0	968	970	275M2I3M1D44M1I34M17D36M8D20M8D22M22D29M7D18M3D7M1D19M8D213M1I24M15D29M1D105M
34	4334	0.518	3.276E-99	0	881	882	0	968	970	275M2I3M1D44M1I34M17D31M45D9M1I19M3D38M1D34M1D19M8D213M1I16M9D5M6D32M1D105M
107	4327	0.506	4.753E-99	0	881	882	0	967	969	266M5I9M4D53M1D26M15D36M11D26M4D6M1D11M22D30M7D16M3D6M5D21M4D212M1I13M5D15M2D4M7D34M1D92M
26	4318	0.523	7.669E-99	0	880	882	0	967	970	275M2I3M1D44M1I34M17D36M8D12M8D27M3D6M19D26M7D18M3D7M1D19M8D213M1I24M15D29M1D104M
22	4303	0.508	1.702E-98	0	881	882	0	956	958	268M9I5M8D50M1D19M14D44M4D37M34D59M1D17M8D215M1I17M14D38M1D103M
15	4301	0.528	1.893E-98	0	880	882	36	982	983	274M1I35M1I15M5D25M8D31M1D9M8D19M3D17M1D9M19D28M4D50M5D169M1I39M1I16M8D5M7D38M1D98M
59	4297	0.526	2.342E-98	0	881	882	0	978	982	6M1D259M10I5M9D14M3D32M19D43M1D37M17D29M1D27M1D27M4D21M50D175M1I98M1D11M1D87M
16	4243	0.537	4.132E-97	0	880	882	34	977	978	274M1I35M1I16M5D24M9D31M1D9M8D19M3D17M1D9M17D28M4D38M1D10M4D171M1I39M1I25M15D47M1I84M
68	4202	0.532	3.652E-96	2	881	882	7	900	901	9M10I7M2I236M5I9M4D52M2D8M17D9M1I41M3I33M1I32M1I10M4D40M2I170M1I39M1I16M13D51M1D91M
73	4200	0.526	4.062E-96	23	881	882	2	932	933	243M5I9M4D53M18D16M1I66M1D11M12D14M18D43M1I28M12D168M1I40M2I11M16D61M1D86M
102	4140	0.485	9.859E-95	0	881	882	0	962	964	267M5I10M4D49M1D15M1D13M15D45M11D6M1D4M3D12M1I16M1I30M5D23M2D9M29D216M1I14M14D15M3D6M1I21M1D102M
65	4120	0.522	2.855E-94	7	881	882	2	875	879	268M2I3M1D21M2D25M19D91M14D70M5D21M11D175M1I38M50I110M
60	4086	0.495	1.739E-93	5	881	882	1	990	994	10M2D16M8D6M5D228M10I5M9D17M3D43M17D40M1D25M17D20M1D33M9D16M6D6M1D4M16D14M13D16M7D169M1I54M7D60M2D84M
74	4020	0.522	5.808E-92	7	877	882	1	912	926	268M2I3M1D53M17D16M1I60M17D30M13D8M1D23M1D43M7D172M2I31M2I26M5D24M2D11M1D69M17I10M
80	3960	0.521	1.410E-90	42	881	882	1	930	931	234M1I55M1D10M6D17M2D4M8D51M18D13M1D29M2D45M23D6M7D3M11D173M1I39M1I17M8D14M5D36M1D91M
84	3939	0.513	4.304E-90	47	881	882	0	928	929	229M1I74M17D39M20D5M1I17M1I13M1D30M2D45M2I6M48D175M1I37M1I17M8D14M5D12M1I23M1D91M
104	3931	0.493	6.585E-90	0	881	882	0	936	938	44M32I199M2I3M1D59M17D10M1I45M11D32M5D21M5D57M8D3M28D211M2D3M3I23M15D30M1D104M
32	3896	0.511	4.232E-89	42	881	882	1	927	929	233M2I3M1D44M1I34M9D4M8D32M11D20M5D22M22D29M7D18M3D7M1D17M8D211M2D3M3I23M15D28M1D106M
117	3828	0.401	1.571E-87	0	881	882	0	994	1003	3M2D263M1D13M1I24M25D18M6D33M9D54M5D56M5D15M12D30M2I86M1D126M1D12M5D38M3D23M41D85M
128	3734	0.425	2.324E-85	5	880	882	6	875	876	262M6D11M4I18M10I11M10I15M2I34M2I29M2D70M11D16M13I78M1I7M2D162M10D22M2D91M3D8M
92	3653	0.379	1.722E-83	5	880	882	1	1083	1084	275M3D17M23D16M3D6M1I11M2D86M6D9M28D28M41D58M17D85M2D126M1I8M36D29M2D6M25D13M18D19M2D78M1D4M
122	3574	0.365	1.148E-81	0	881	882	0	968	1001	4M1I263M6I69M28D22M2D40M2I30M7D39M1D21M1I16M4I2M1D77M1D117M1D22M4D14M11D18M6D6M3D19M41D70M5I14M
110	3557	0.494	2.833E-81	90	881	882	0	878	880	192M1I56M17D10M1I45M11D26M4D6M1D7M3D4M19D28M7D16M3D9M1D17M8D211M2D3M3I23M15D42M1D92M
103	3517	0.461	2.375E-80	26	880	882	0	885	886	49M4I10M5I5M2I164M7I9M1D12M2D46M3D12M1D22M2I80M32D14M1I40M2D84M2D141M6D33M2D109M1D4M
126	3424	0.365	3.331E-78	0	876	882	4	806	808	102M2I162M2D12M4I28M16I12M11I43M7I27M11I13M40I5M1D17M5D135M1I37M2I27M4I18M1D45M11D15M6D36M1I3M1I40M
8	3407	0.366	8.222E-78	5	881	882	7	1013	1016	263M2D84M5D31M5D18M24D22M9D7M4D11M13D17M5D24M13D12M13D20M4I62M2I15M4D139M15D20M5D40M18D76M1D10M
101	3398	0.373	1.327E-77	5	875	882	20	929	936	265M7I22M3I13M2I29M2D32M6D9M7D18M8D30M2D79M5D8M3D61M2D99M11D49M1D68M4D77M
81	3361	0.487	9.482E-77	39	795	882	7	820	885	236M2I3M1D59M19D10M1I45M1D11M8D21M5D7M24D39M3D37M12D213M1I17M12I43M
18	3351	0.332	1.613E-76	5	880	882	1	1247	1248	261M1I10M5D16M2D14M1I32M1D9M2D32M3D19M25D8M42D9M16D15M1D26M3D36M25D20M11D67M1I15M1D123M1I15M4D13M227D10M1D37M6D85M
91	3344	0.374	2.341E-76	5	881	882	9	785	788	100M1D161M6D14M3I12M12I8M14I37M1I13M26I33M1D8M29I19M11I9M2I63M2I8M1D8M1D82M1D8M7I29M2I24M3I39M2I2M2I3M1I33M2D17M4D30M
100	3317	0.361	9.831E-76	1	880	882	0	799	806	264M11I20M17I17M10I33M8I76M8I7M14I6M12I9M2I1M1I79M1D2M1D85M5I1M7D32M2D15M2D21M10I81M1D28M4D5M
98	3280	0.359	7.027E-75	1	881	882	9	773	776	105M1D173M1D9M2I22M8I24M9I17M11I9M22I6M10I21M41I25M2I63M2I14M1D2M1D74M1I6M1I3M5I35M2I34M5I26M4I6M1I32M2D22M4D27M
124	3234	0.376	8.103E-74	5	872	882	1	708	713	258M3D5M10D11M26I12M12I12M26I7M12I10M8D11M15I6M11I9M16I6M34I7M2I2M2I40M1D24M1I16M2D82M1I32M2I21M5D6M20I18M9I48M1D6M1I29M
114	3223	0.379	1.454E-73	5	875	882	5	923	929	215M1D45M10I8M4D59M4D6M8D40M6D24M1D12M2D23M2I29M15D7M1D24M10D9M1D59M2D87M5I16M3D63M1I17M2D32M6D78M
97	3217	0.353	2.000E-73	1	881	882	22	781	786	105M1D160M3D22M55I60M4I13M11I15M28I22M9I74M3I14M1D2M1D84M6I35M2I12M4D13M11I24M2I12M1I36M1D16M2D23M2I5M
120	3181	0.377	1.356E-72	0	881	882	2	757	764	104M2I171M7I8M15I17M30I27M3I4M18I4M9I22M4I37M3D5M3D28M4I33M2D39M1D7M1D47M2I18M1D49M4I6M2I31M35I8M1I31M1I49M
96	3165	0.336	3.173E-72	5	881	882	38	942	948	30M5I225M3D13M3D36M3I72M2D39M38D9M2D33M2I46M1D63M4I14M2D49M1I32M1I73M1D18M9I18M1I74M2D7M
0	3159	0.369	4.365E-72	0	881	882	8	749	754	106M1D173M6D9M59I22M25I9M6I11M1I5M11I13M15I10M8I17M6I9M2I64M3I12M1D2M1D77M1D4M1I3M5I35M2I12M9D19M7I8M6I20M4I30M2D21M2D23M2I5M
10	3151	0.351	6.679E-72	0	881	882	21	781	784	106M1D160M3D14M2D8M59I23M25I8M5I17M3I5M3I32M10I22M5I10M2I63M2I14M3D1M1I82M1D8M7I29M2I33M5I31M6I32M2D21M2D28M
95	3141	0.363	1.136E-71	5	881	882	1	714	720	97M2I172M7I10M35I6M2I29M1D16M1I4M37I13M53I25M6D5M1I32M2D44M2D51M2I16M1D49M4I5M2I14M19I11M7I24M1I32M1I38M1I9M
7	3116	0.369	4.292E-71	5	881	882	8	821	857	98M1D162M10I28M6I25M5I27M2I12M2I38M6I24M21I11M1I17M12I3M2I39M2D43M3D46M2I17M1D24M6I30M2I75M2D34M2D41M3D6M
40	3104	0.358	8.122E-71	0	881	882	0	756	776	5M1D99M1D162M14I11M7D9M5D12M23I5M9I19M6I7M14I5M22I7M39I28M10I9M2I39M2D37M3D4M1I47M2I18M1D14M7I25M3I123M2D39M5D6M
89	3096	0.354	1.243E-70	0	881	882	0	756	777	5M2D99M1D161M10I29M39I21M21I26M5I4M1I8M5I9M2I3M32I21M10I4M2I39M2D37M3D4M1I49M2I16M1D14M7I28M3I120M2D39M4D6M
1	3073	0.338	4.220E-70	0	881	882	0	775	787	267M6I33M28I17M6I15M2I29M32I11M11I3M16I6M26I7M1I26M1D13M2D40M1D3M1D49M2I16M2D14M1I33M8I79M1I32M1D4M2D5M7D10M8D2M3D18M6D10M
87	3072	0.345	4.450E-70	5	881	882	7	749	770	96M1D168M8D22M5I25M25I39M12I7M80I7M15I9M2I39M2D42M2D47M2I17M1D16M7I27M3I47M3I28M1I38M2D42M5D6M
20	3061	0.341	7.986E-70	0	881	882	0	751	772	5M2D262M9I9M68I3M6D10M4D32M9I5M3I6M9I7M38I29M4I7M2I39M2D36M3D5M1I47M2I17M1D11M2I6M5I23M3I55M1D29M1I35M2D42M5D6M
63	3054	0.354	1.159E-69	5	881	882	7	755	778	96M1D168M9I26M39I21M4I45M20I5M6I5M24I6M6I6M13I11M2I39M2D43M2D46M2I17M1D16M7I24M3I50M3I29M1I37M2D43M3D5M
37	3040	0.338	2.438E-69	2	881	882	0	809	829	13M2D144M1I105M2D14M3I14M11I8M5I28M4I5M18I8M25D41M8I11M1I10M17I15M14I12M4I40M2D40M1D2M1D49M2I16M1D22M2I7M1I17M4I18M5D3M15I13M1I67M2D47M
2	3033	0.358	3.538E-69	3	880	882	8	780	781	103M1I54M1I104M5I21M36I52M4I21M1D8M9I5M2I7M3I12M38I10M9I47M1D41M3D49M1D11M1D6M4D65M4D17M16I31M9I31M1D3M2D10M5D12M3D19M2D6M
88	3028	0.348	4.614E-69	5	881	882	7	748	770	260M10I8M1I6M17I18M7I34M5I12M4I20M31I9M8I3M49I8M2I39M2D37M3D4M1I49M2I12M1D19M7I24M3I55M1D27M1I40M2D39M4D6M
14	3022	0.359	6.348E-69	5	878	882	85	885	886	104M25I4M4I2M1D70M1D65M2I19M9I14M2I40M2I27M4I35M2D28M2D9M1D24M1I98M1D5M1D83M1D4M1I38M2I37M31I85M
125	2982	0.324	5.321E-68	2	879	882	24	812	813	266M2D25M9I30M2D12M16D57M16I12M10I8M31I31M11I60M7I3M6I128M2I10M3D8M6D1M17I9M1I14M4I7M3I72M1I7M
36	2954	0.343	2.357E-67	2	881	882	0	809	829	12M2D145M1I105M2D14M3I14M11I8M5I28M4I5M18I9M25D18M4I22M4I11M12I10M6I19M13I8M5I40M2D40M1D2M1D49M2I16M1D22M2I7M1I17M4I18M6D2M16I13M1I65M3D4M1I44M
21	2759	0.376	7.480E-63	5	741	882	4	702	745	209M1D51M3I26M29I20M1D16M1D23M2I28M2I5M5D50M5I18M1D23M2I81M2D72M1I10M4D2M5I27M4I23M
123	2738	0.445	2.284E-62	44	700	882	0	713	715	249M9D34M8D17M2D23M3D16M2D8M4D36M23D29M3D17M2D38M2I153M1D21M2D14M
121	2613	0.347	1.755E-59	11	757	882	1	618	619	255M6D30M35I11M17I7M40I4M27I12M24I5M8D37M2D4M1I22M1D11M2D44M2D50M2I16M2D14M2I11M3I19M4I18M3D22M
12	2559	0.345	3.097E-58	5	788	882	2	674	675	262M3I17M69I34M2I39M4I33M4I28M6I9M2I28M1I6M2D35M1D7M1I4M2I45M2I17M1D13M5I5M1I33M6I8M7I46M
9	2374	0.299	5.775E-54	5	881	882	7	617	639	96M1D168M9I12M41I15M159I8M11I10M18I3M21I3M17D6M15I45M2I17M1D14M3I4M4I25M3I48M5I20M1D44M2D43M3D5M
11	2246	0.331	5.205E-51	0	746	882	0	580	596	42M32I205M3I39M13I30M3I4M36I13M15I22M60I25M1D10M2D41M1D5M1D49M2I16M2D14M2I8M3I22M4I29M
19	1903	0.224	4.310E-43	5	880	882	12	732	735	26M1D18M2D44M1I9M1I44M1D11M5D6M8D18M3D5M1I25M2D51M5D20M43I18M1I50M47I7M55I5M7I13M2D6M2D47M1I13M1D5M2D82M4D37M1I13M13I18M8I21M2I8M2I17M9I10M1D8M1I18M1I9M
90	1438	0.178	2.338E-32	0	878	882	0	696	697	4M1I2M1D26M1I14M5I52M1I37M3D7M2D13M1I21M1I21M1D6M13I4M1I35M16D11M6D8M55I13M5I24M4I16M66I3M24I15M8I33M2I5M1I3M2D10M1D22M5D38M1I3M5D7M3I18M2D16M8I8M3I14M4I10M11I8M10I41M1D7M1I4M1I10M1D12M1D10M1D15M1D22M
4	1338	0.185	4.758E-30	9	876	882	8	687	688	40M4I52M1I37M3D6M2D14M1I22M1I20M1D3M3D9M12I38M9I11M40I15M5I7M5I26M3D4M44I40M6I36M2D6M5I26M1I5M2I8M3D2M1D8M2I11M5D8M3I8M6D25M4D8M3I16M2D14M9I6M3I16M2I13M23I5M41I4M3I7M3I2M2I18M3D21M3D11M1D10M
129	1268	0.162	1.965E-28	10	869	882	0	646	656	23M1I9M35I3M2D4M1D20M1I37M3D7M2D13M1I18M1I24M1D6M13I4M1I35M27D24M30I34M8I15M129I8M3D4M7I26M1I8M2I4M2D6M1D8M1D10M3D11M1D35M4D9M3I16M2D16M8I10M10I23M1D19M14I35M4D1M1I7M1D18M8I8M1D13M1D15M
99	995	0.204	3.940E-22	5	600	882	17	449	450	28M1I11M5I52M1I40M3D4M1D14M1I23M1I36M10I36M7D9M2D9M72I8M28I7M18I5M4I14M28I1M1I31M3I4M8I38M3I9M3D4M1D21M4D8M
17	799	0.177	1.319E-17	9	806	882	3	900	985	22M2I25M3I14M1I4M1D25M1I39M2D3M1D21M9D19M1I18M12D7M1D16M10D31M2I8M9D8M5D45M5D28M8D52M2D31M4D22M10D13M5D5M10D31M11D9M4D21M26D7M6I13M13I6M35D13M1D10M6D23M43I4M9I5M3I8M2D23M4D43M2D34M1I7M
93	602	0.150	4.654E-13	11	513	882	13	625	803	34M7I41M1I12M1I38M3D3M4D15M2I4M1I13M2D29M4I6M2I6M20D31M2I8M2D109M105D35M3I50M3I43M
 18	8135	1.00	0.000E+00	0	1247	1248	0	1247	1248	1248M
117	3744	0.370	1.371E-86	0	1247	1248	6	991	1003	262M11D3M15I19M1I22M7D27M4I13M2I6M1I23M14I37M10I20M18I8M2I27M6I32M9I22M8I29M2I70M1D141M2D17M1D33M5I9M1I13M108I11M10I28M66I88M2I4M
92	3634	0.350	5.079E-84	0	1247	1248	0	1082	1084	279M1I15M2I35M2I44M9D60M1D71M3I21M6I18M2D14M1D32M7I30M4I67M1D16M1D138M21D17M2I5M26I22M69I4M25I15M17I21M6I24M31I99M
128	3620	0.347	1.078E-83	1	1241	1248	6	866	876	266M8D5M10I14M6I27M15I11M5I19M9I19M5I22M28I10M3I7M36I13M16I28M10I15M6I9M7I14M8I69M1D134M1I5M2D13M7I7M12I7M48I28M91I29M68I79M
6	3563	0.318	2.311E-82	1	1240	1248	5	960	970	272M5I28M2D43M12I49M7I32M7I57M4I6M16I61M10I31M3I68M1D11M1I180M63I16M83I17M76I82M
122	3539	0.367	8.398E-82	3	1234	1248	6	961	1001	265M1I8M2I9M1D7M8I34M16I11M22D14M8I8M11I18M6I26M6I21M9I19M1D19M9I13M4I8M2I15M6I14M32I6M12I61M1D143M2D14M4I23M23I31M17I16M17I11M55I9M15I9M26I7M7I6M9I72M2D10M
130	3515	0.339	3.052E-81	1	1247	1248	5	982	983	272M5I29M5D46M9I19M4D64M18I20M1I16M13I50M1I20M1I16M10I100M1D15M1I126M1D29M8I12M15I26M128I10M10I2M35I4M26I85M1D5M
27	3510	0.317	3.994E-81	1	1247	1248	5	965	970	264M5I36M2D43M12I49M7I32M7I42M8D31M3I61M31I11M7I69M1D12M1I180M63I16M83I17M76I80M2I7M
112	3495	0.317	8.946E-81	1	1247	1248	5	966	971	264M5I69M4I51M1D55M10I5M7I26M6D9M1I22M3I44M35I29M3I68M1D12M1I144M28I9M3I3M5I20M20I17M73I4M28I11M65I85M2I7M
28	3494	0.315	9.440E-81	1	1247	1248	5	968	971	264M5I36M2D43M12I50M6I32M7I42M8D31M3I44M35I23M3I75M1D11M1I180M63I16M83I17M76I89M
86	3487	0.322	1.375E-80	1	1247	1248	5	965	970	264M5I60M3I16M1I15M5I7M6D25M4I14M10I19M7I69M14I11M5I41M5I4M6I28M3I69M1D12M1I180M63I16M83I17M76I80M2I7M
16	3485	0.334	1.532E-80	0	1247	1248	38	977	978	273M5I25M2I15M1D48M4D22M1D14M23I37M8I7M7I16M5I22M11I40M3I11M18I25M7I68M1D14M1I84M1I56M4I21M23I6M56I2M90I20M18I13M33I94M
50	3481	0.336	1.899E-80	1	1242	1248	5	897	906	272M4I18M2I34M2I18M6I42M7I33M36I4M1I48M17I28M37I101M1D15M1I126M1D22M26I3M64I6M32I9M56I17M45I10M15I85M
26	3481	0.316	1.899E-80	1	1240	1248	5	960	970	272M5I28M2D43M12I16M7D23M14I34M7I43M8D31M3I61M31I11M7I69M1D12M1I180M63I16M83I17M76I82M
8	3480	0.337	2.004E-80	1	1247	1248	7	1011	1016	276M2I21M2D88M4D43M13I11M4I45M5I86M15I29M12I59M2D140M1D37M10I7M21I12M67I11M53I19M5I7M27I10M17I95M
33	3479	0.321	2.115E-80	1	1247	1248	5	965	970	272M5I28M2D43M11I20M5I14M2I23M1I24M7I57M2I36M1D28M11I4M18I27M3I70M1D11M1I142M5I17M43I23M15I9M7I5M76I17M76I80M2I7M
31	3462	0.318	5.275E-80	1	1247	1248	5	967	970	264M5I36M2D43M12I17M7D22M14I35M7I27M6I11M11I26M3I60M10I30M3I68M1D12M1I170M18I13M155I10M5I4M9I10M8I5M27I90M
53	3460	0.322	5.874E-80	1	1247	1248	5	959	964	264M5I36M2D49M2I13M5D58M8I8M8I6M30I30M2D20M3I20M1I32M17I30M3I67M1D12M1I142M5I17M80I3M12I7M88I26M3I11M20I4M14I83M2I7M
30	3460	0.310	5.874E-80	1	1247	1248	5	967	972	272M5I29M2D70M1D70M11I5M18I18M12D35M4I38M35I29M2I69M1D12M1I170M18I13M155I15M14I10M35I85M2I7M
29	3459	0.313	6.198E-80	1	1247	1248	5	967	970	264M5I36M2D43M12I17M7D22M14I35M7I42M8D31M3I44M35I23M3I74M1D12M1I180M63I16M83I17M76I89M
115	3454	0.332	8.110E-80	1	1247	1248	5	980	982	272M5I15M1D22M4D14M3D41M3D28M2D5M3I16M1D18M49I64M1D43M13I10M2D93M1D14M1I126M1D12M7I7M11I8M37I4M24I15M64I10M22I14M23I15M31I91M
76	3453	0.332	8.558E-80	1	1247	1248	5	919	925	272M4I18M2I27M9I63M9I5M14I7M6I11M18I12M13I12M4I41M1I48M15I99M1D15M1I126M1D22M16I8M21I26M41I11M160I90M
24	3451	0.315	9.530E-80	1	1247	1248	5	965	970	264M5I36M2D43M12I17M7D24M4I14M10I19M7I26M2I13M10D30M10I17M2I30M26I27M3I70M1D11M1I142M28I9M20I31M15I14M83I17M76I80M2I7M
105	3449	0.322	1.061E-79	1	1247	1248	5	960	963	261M4I8M1I31M2D45M9I18M6D24M4I14M10I35M7I10M3I16M3I33M4I22M7I26M15I24M1I4M2I69M1D12M1I144M4I9M88I3M37I7M31I24M10I7M6I6M26I5M27I90M
51	3443	0.329	1.465E-79	1	1242	1248	5	920	932	272M4I18M2I35M10I34M3I40M9I12M29I12M6I5M5I28M13I58M1I6M7I101M1D15M1I126M1D13M42I12M48I3M98I21M5I12M14I5M31I86M
35	3442	0.332	1.546E-79	1	1242	1248	5	918	929	263M8D4M12I15M2I54M7I18M3I30M3I30M17I20M9I5M2I6M5I25M10I20M4I19M26I102M1D14M1I126M1D32M36I22M65I8M126I6M10I85M
25	3442	0.313	1.546E-79	1	1247	1248	5	967	970	272M5I28M2D43M12I17M7D22M14I35M7I43M8D30M3I44M35I23M3I74M1D12M1I180M63I16M83I17M76I89M
119	3440	0.316	1.722E-79	1	1247	1248	5	963	968	264M5I36M2D41M13I14M1I20M4I28M2I21M6I34M2I6M10D42M1I13M3I19M35I23M3I75M1D11M1I141M7I22M7D1M14I29M133I12M76I80M2I7M
34	3440	0.323	1.722E-79	1	1240	1248	5	960	970	264M5I60M3I16M1I15M5I7M6D25M4I14M10I19M7I69M14I11M5I41M5I4M6I23M3I74M1D12M1I180M63I16M83I17M76I82M
54	3439	0.330	1.817E-79	1	1242	1248	5	912	923	272M4I16M2I27M4D24M7I3M6I34M2I10M2I29M36I6M6I5M5I82M31I101M1D15M1I126M1D22M4I3M86I3M98I21M5I12M14I5M31I86M
56	3437	0.321	2.023E-79	1	1247	1248	5	923	931	265M3D39M2D58M2D21M3I38M15I53M10I23M3I16M65I101M1D15M1I123M1D15M7I4M21I6M15I8M158I28M37I94M2I3M
85	3436	0.314	2.135E-79	1	1247	1248	5	965	970	264M5I60M3I22M1D15M11D28M26I25M7I43M8D30M3I61M31I11M7I69M1D12M1I180M63I16M83I17M76I80M2I7M
64	3433	0.322	2.509E-79	1	1247	1248	5	963	968	272M5I61M6I4M1I30M4D52M1I11M8I10M9I27M6D8M1I26M5I38M35I24M1I4M2I70M1D11M1I143M5I22M30I15M138I13M5I10M30I8M14I82M2I7M
61	3431	0.329	2.793E-79	1	1242	1248	5	925	933	264M5I36M2D48M9I17M4D52M1I14M15I8M1I7M5I18M9I19M28I14M14I11M15I23M3I75M1D11M1I143M5I16M9I6M21I15M138I13M5I10M30I8M14I86M
75	3431	0.317	2.793E-79	1	1247	1248	5	965	970	264M5I99M7D61M6I14M22I10M3I16M15I21M3I28M1I27M5I4M6I24M3I73M1D12M1I142M21I16M13I5M1I17M138I13M10I4M6I12M33I84M2I7M
22	3430	0.313	2.948E-79	1	1247	1248	5	953	958	264M5I64M1D13M14I13M2I22M15I20M5I17M7I23M28I18M16D65M5I4M6I22M3I77M1D13M1I168M19I11M5I13M25I2M109I13M65I83M2I6M
77	3427	0.329	3.464E-79	1	1242	1248	5	911	925	272M4I18M2I13M31I27M2I18M18I26M4I16M1D27M1I11M1D38M8I35M8I12M20I99M1D15M1I123M1D31M39I25M65I11M136I86M
43	3426	0.321	3.655E-79	1	1242	1248	5	920	931	272M4I18M2I13M32I61M8D29M43I16M1I6M1I97M14I102M1D14M1I126M1D12M139I10M26I4M36I25M2I6M20I10M15I85M
71	3426	0.335	3.655E-79	3	1242	1248	19	923	934	270M4I16M2I34M4I23M6I34M2I10M2I29M16I4M2I3M4I25M4I5M1D28M16I27M37I9M1I24M1D67M1D15M1I126M1D22M26I3M64I3M98I21M5I12M14I5M31I86M
127	3423	0.316	4.295E-79	0	1247	1248	47	1011	1013	273M5I52M5I63M1I53M23I14M7I49M1D37M1I10M4I8M4I27M8I68M1D14M1I88M1I50M27I11M39I20M43I4M39I32M77I90M
106	3422	0.320	4.532E-79	1	1240	1248	5	960	970	272M5I28M2D43M12I16M7D25M4I14M10I19M7I42M8D31M3I44M35I23M3I75M1D11M1I170M18I13M155I9M4I1M1I4M10I14M34I84M
109	3421	0.327	4.782E-79	1	1247	1248	5	914	915	272M4I21M4D10M5D35M18I11M4I32M2I29M36I6M6I19M4I19M11I13M1D10M2I32M15I22M3I74M1D15M1I126M1D21M26I4M64I3M99I20M5I4M9I11M40I89M
5	3421	0.314	4.782E-79	1	1247	1248	5	967	970	264M5I36M2D43M12I17M7D22M14I41M5I38M6D31M3I61M31I11M7I70M1D11M1I180M63I16M83I17M76I89M
78	3419	0.329	5.325E-79	1	1247	1248	5	936	940	273M4I30M1D35M16I33M13I43M6I4M17I3M1I3M5I4M8I34M1I53M2D9M12I35M6I63M1D14M1I126M1D20M49I16M36I5M63I8M20I28M60I85M2I3M
41	3416	0.327	6.257E-79	1	1247	1248	5	921	924	272M4I20M1D20M1I13M2I13M15I58M7I21M9I26M13I6M9I35M1D12M8I7M2I20M17I25M8I67M1D15M1I125M1D14M7I8M10I4M23I27M2I14M199I83M3D5M
39	3416	0.314	6.257E-79	1	1247	1248	5	962	965	264M4I5M1I31M2D45M10I16M1I25M2I19M5I19M8I41M17D15M7I14M5I16M3I19M35I23M3I75M1D11M1I141M7I26M11I2M156I22M4I1M6I18M40I90M
46	3412	0.325	7.759E-79	1	1242	1248	5	914	926	272M4I18M2I12M1D11M4D17M1I5M14I38M5I39M36I6M6I14M10I14M12I20M10I29M1I6M7I101M1D15M1I126M1D10M80I17M112I16M18I11M17I9M15I61M12D24M
15	3411	0.327	8.188E-79	0	1247	1248	40	982	983	273M5I25M2I63M4D28M1D30M8I10M45I25M12D15M11I40M5I9M16I24M4I3M3I68M1D14M1I84M1I55M41I4M26I15M18I6M67I5M21I20M18I14M4I7M27I88M
38	3405	0.313	1.130E-78	1	1247	1248	5	966	969	264M5I36M2D45M10I17M4I14M5I30M28I19M3I38M13D12M9I54M16I6M2D96M1D11M1I143M5I16M2I8M28I13M28I16M83I17M76I89M
67	3401	0.306	1.402E-78	1	1247	1248	6	959	964	272M5I53M1D24M9I16M5I26M2I12M2I21M15I29M9I15M7D78M16I7M2I18M7I67M1D15M1I176M166I19M23I8M38I86M2I3M
131	3400	0.322	1.479E-78	1	1247	1248	5	893	896	272M5I16M28I16M22I6M5I7M6I14M16I12M7I22M2I25M9I11M2I18M23I32M1I17M10I5M4D21M7I73M1D12M1I143M5I24M18I22M5I7M98I3M17I17M76I89M
23	3400	0.330	1.479E-78	1	1242	1248	5	928	935	273M4I22M3I6M1D21M3I41M8I29M3I30M15I8M3I23M1I33M4I11M3I19M23I11M12I29M10I63M1D14M1I128M1D11M26I12M12I2M4I22M64I6M47I27M75I80M
107	3396	0.308	1.834E-78	1	1247	1248	5	966	969	272M5I61M6I31M5D11M4I55M1D17M24I11M3I2M15D26M3I62M30I12M8I68M1D11M1I170M18I21M101I7M28I15M76I88M
45	3390	0.333	2.532E-78	1	1242	1248	5	916	927	272M4I16M2I15M15I65M5D6M2I10M2I29M36I6M6I4M8I5M5I6M4I14M5I30M2D28M6I3M5I101M1D15M1I126M1D22M4I3M86I3M98I21M5I12M14I5M31I86M
111	3390	0.322	2.532E-78	1	1247	1248	5	933	938	264M5I36M2D49M2I15M3I69M13I50M9I14M25I21M35I28M3I70M1D11M1I141M6I7M20I6M5I2M5I23M28I16M83I17M76I80M2I7M
52	3387	0.326	2.976E-78	1	1242	1248	5	897	913	263M6D5M10I16M2I12M1D31M13I42M2I12M3I30M17I5M9I10M13I39M4I20M5I36M33I3M8I67M1D15M1I126M1D25M14I11M19I8M12I23M193I85M
94	3383	0.310	3.690E-78	1	1247	1248	5	921	924	272M5I25M1I35M3I7M13I41M3I43M42I8M12D2M4I49M3I37M32I10M8I67M1D12M1I157M1I22M63I16M94I15M70I86M
118	3382	0.319	3.894E-78	1	1247	1248	5	976	978	272M5I67M5I25M5D8M6I28M1D30M19I27M4I97M16I26M8I68M1D14M1I89M1I16M2D33M80I17M88I8M21I16M11I29M19I93M
42	3379	0.329	4.575E-78	1	1242	1248	5	926	933	272M4I18M2D22M1I13M1I11M13I8M9I19M13I34M3I13M20I4M1I14M2I15M2I41M2I21M1I20M12I28M11I63M1D14M1I123M1D21M26I6M16I12M43I5M63I8M19I23M35I7M26I83M
3	3377	0.328	5.095E-78	1	1247	1248	5	880	882	261M10D3M14I16M2I12M1D32M1I10M1I33M4I20M25I4M36I6M6I4M16I15M1I7M12I30M8I14M16I25M3I73M1D15M1I123M1D15M4I13M15I4M18I27M41I14M160I87M
69	3376	0.319	5.376E-78	1	1242	1248	5	913	924	272M4I18M2I29M21I54M4I35M42I10M5I30M5I36M1I29M12I102M1D14M1I126M1D15M19I14M14I38M205I85M
72	3376	0.320	5.376E-78	1	1247	1248	5	956	958	272M5I64M1D8M10I20M5D12M2I55M14I6M27I18M8D36M7I43M10I26M8I68M1D14M1I88M1I50M27I10M4I24M30I12M103I13M22I7M39I91M
57	3373	0.325	6.317E-78	1	1242	1248	5	919	931	260M2I10M2I12M3I51M1I9M6I22M3I29M25I20M2I6M11I7M5I4M16I42M1I46M13I102M1D15M1I126M1D22M16I8M17I15M45I16M129I5M31I86M
59	3371	0.325	7.034E-78	1	1242	1248	5	972	982	2M1D267M5I30M13I67M13D46M5I8M7I12M1D23M6I36M10I54M1D11M8I100M1D15M1I88M1I37M1D15M29I8M50I6M97I31M46I9M15I5M1D79M
48	3370	0.323	7.423E-78	1	1242	1248	5	892	899	263M8D4M12I66M10I17M9I17M6I42M13I4M21I46M9I14M20I22M23I92M1D15M1I123M1D21M26I8M10I15M12I8M120I12M72I89M
44	3369	0.332	7.833E-78	1	1247	1248	5	878	886	261M1D10M5I18M2I55M1I33M4I20M25I4M36I6M6I4M16I15M1I7M27I14M1I27M11I101M1D15M1I123M1D25M4I3M15I4M18I27M41I14M160I82M2I3M
113	3364	0.326	1.025E-77	1	1242	1248	5	903	915	272M4I18M2I12M1D16M3D18M18I19M8D22M4I18M9I9M17I5M6I23M2I6M10I24M8I25M6I20M17I25M8I67M1D15M1I126M1D22M13I11M23I8M12I4M161I10M17I6M19I84M
66	3351	0.325	2.062E-77	1	1242	1248	5	916	923	77M1D195M4I24M2I35M13I36M27I26M3I12M20I6M6I53M1D14M6I36M15I25M1I3M8I63M1D15M1I123M1D18M26I10M16I11M43I5M63I8M22I16M45I10M13I87M
13	3350	0.317	2.176E-77	1	1247	1248	5	888	894	261M10D25M4I18M1I76M4I15M82I16M4I8M4I8M11I36M4I18M14I26M8I68M1D14M1I126M1D12M7I4M21I8M9I37M59I6M142I90M
49	3345	0.329	2.847E-77	1	1246	1248	5	855	862	263M6D5M10I16M2I12M1D32M1I10M1I33M4I20M25I4M36I5M19I55M56I23M11I67M1D15M1I123M1D15M4I13M15I4M18I27M41I13M160I87M
82	3334	0.317	5.143E-77	1	1242	1248	30	940	947	2M1D261M8D4M12I50M26I26M31I37M9I12M4I7M4I55M2D53M17I32M1I67M1D15M1I126M1D18M26I7M11I10M44I8M98I18M60I90M
108	3332	0.307	5.727E-77	1	1247	1248	5	925	928	272M5I25M1I34M8I32M4I33M3I11M31I2M10I16M13I6M11D20M5I39M6I16M19I27M5I67M1D12M1I141M6I7M126I10M53I21M9I16M20I11M14I5M1D85M
83	3316	0.316	1.354E-76	1	1242	1248	29	940	947	2M1D259M10D33M5I9M1I51M1D25M4I56M11I62M10I18M73I91M1D15M1I123M1D18M139I7M65I18M10I11M8I17M17I83M
70	3306	0.321	2.318E-76	1	1242	1248	5	847	858	272M4I16M2I14M16D22M27I26M3I18M25I9M36I6M6I4M8I51M61I27M6I67M1D15M1I126M1D22M26I3M64I3M98I21M5I12M14I5M31I86M
62	3292	0.317	4.920E-76	1	1247	1248	5	926	931	264M5I24M28I16M22I6M5I7M6I14M16I12M7I19M2I28M9I30M1D11M18D64M15I16M4I6M1D75M1D11M1I141M7I21M10D10M177I10M5I4M10I9M8I5M27I81M2I7M
102	3264	0.311	2.217E-75	1	1247	1248	5	961	964	264M5I36M2D31M1I17M2I13M8D33M24I21M8I5M7I24M9I32M4I16M1I39M18I101M1D14M1I143M22I9M21I13M32I22M90I14M18I8M38I91M
116	3262	0.312	2.469E-75	1	1242	1248	5	885	893	263M8D42M3I24M7I21M5D20M9I15M25I15M42I4M16I41M7I34M23I99M1D15M1I126M1D15M13I18M23I10M122I18M86I25M1D60M
73	3240	0.316	8.058E-75	17	1247	1248	0	931	933	256M5I14M19I20M16I7M13I52M6I25M2I12M7I24M2D33M10D23M1D45M15I27M6I68M1D14M1I89M1I27M1I23M28I8M20I11M39I5M15I16M43I10M4I16M50I3M22I90M
58	3232	0.326	1.239E-74	1	1247	1248	5	885	889	272M4I16M2I34M4I23M6I34M2I10M2I38M43I24M8I7M10I6M6I21M37I101M1D15M1I126M1D7M7I8M26I3M64I3M38I5M50I34M60I85M2D5M
47	3203	0.312	5.892E-74	1	1242	1248	5	808	820	263M10D1M14I16M2I13M32I8M8I15M35I29M33I12M21I21M16I43M27I10M1I90M1D15M1I126M1D13M7I3M32I9M49I7M113I8M59I90M
60	3192	0.308	1.064E-73	0	1247	1248	0	989	994	12M2D15M8D6M5D240M5I13M8I7M5I40M2I37M5D2M5I11M4I28M3I10M1I24M5D13M1I37M10I60M10I103M1D14M1I82M1D4M2I37M1D16M29I8M48I22M30I9M56I11M52I11M15I6M1D83M
74	3187	0.309	1.393E-73	0	1217	1248	0	902	926	3M2I259M2I11M3I68M10I20M7D24M5I6M3I24M19I5M27I25M3I15M10D29M4I29M14I27M7I68M1D12M1I89M2I28M1I23M54I13M17I10M103I24M25I4M31I69M
101	3182	0.297	1.822E-73	1	1244	1248	20	931	936	265M3I3M8I17M6I17M38I5M5I6M1I18M19I37M9I13M7I39M6I61M1I12M13I40M2D1M1D58M3D15M1I88M11D39M1D21M21I9M12I19M129I25M71I86M
65	3178	0.305	2.260E-73	3	1242	1248	2	869	879	271M5I12M33I10M12I65M5I34M19I33M2I8M9D58M1I13M1I12M15I99M1D15M1I82M1D4M2I35M23I15M27I12M237I79M
68	3153	0.306	8.666E-73	18	1247	1248	17	899	901	6M2I247M5I60M24I24M29I40M2I8M25I8M9I57M1D33M12I21M15I67M1D14M1I90M1I47M7I8M19I5M5I11M160I13M15I28M18I94M
80	3128	0.303	3.324E-72	38	1247	1248	1	929	931	235M5I63M5I31M12D26M8I33M19I19M4I111M19I20M8I68M1D14M1I88M1I49M7I8M19I5M5I22M38I4M94I22M22I7M39I91M
32	3117	0.303	6.005E-72	38	1247	1248	1	924	929	235M5I28M2D64M7D28M26I31M2I13M9I24M11D26M2I45M35I23M3I74M1D12M1I170M18I13M155I10M5I4M9I10M8I5M27I81M2I7M
55	3116	0.321	6.336E-72	1	1242	1248	5	882	893	107M1I167M4I10M2I17M1D18M25I7M1D29M3I4M27I14M1I18M1I22M13I12M4I18M7I6M12D55M18I101M1D14M1I11M1I48M1I35M15I7M16I7M19I6M4I8M10I14M40I4M108I6M21I5M21I9M15I55M1I29M
114	3101	0.301	1.419E-71	1	1244	1248	5	925	929	210M1D55M5I7M5I46M13I16M2I32M2I37M6I13M12I18M8I14M2I13M4I8M1I36M14I14M16I34M4I59M1I1M3D5M1D10M1I69M5I16M3D35M1D16M25I4M23I8M126I28M11I2M24I17M25I6M3D80M
104	3090	0.300	2.564E-71	1	1247	1248	5	933	938	38M32I194M5I36M2D43M12I49M7I32M7I63M20I15M1D42M5I4M6I23M3I75M1D11M1I170M18I21M52I5M76I17M76I80M2I7M
79	3066	0.309	9.320E-71	48	1247	1248	0	885	889	226M4I30M1D35M16I33M13I77M1I46M8I16M11I11M4I4M1I14M13I12M3I12M12I62M1D14M1I123M1D18M40I3M10I25M98I6M20I28M60I85M2I3M
84	3039	0.315	3.980E-70	43	1247	1248	0	927	929	222M2I5M3I55M5I40M8I12M4I24M1I26M6I37M4I86M1I14M12I7M3D19M8I68M1D14M1I88M1I51M5I16M26I17M30I10M37I4M50I13M3I5M74I91M
91	2992	0.290	4.982E-69	1	1241	1248	9	778	788	97M1D164M9D11M10I4M32I8M5I7M21I26M32I13M32I3M41I8M23I44M30I28M8I63M1I7M1D90M3I2M3I35M1I16M17I8M45I8M22I10M28I11M84I5M49I12M1I33M2D17M4D23M
126	2978	0.284	1.058E-68	0	1241	1248	8	804	808	100M2I163M9D1M15I9M29I15M16I24M63I11M42I3M13I26M7I12M7I14M1I4M8I18M22I10M4I9M3D64M1D14M1I50M1I36M2I32M3I16M9I25M31I6M120I27M35I9M31I4M6D37M2I39M
98	2942	0.274	7.328E-68	1	1239	1248	13	764	776	97M1D165M11D11M9I4M32I10M31I16M51I5M45I5M33I15M22I39M20I29M4I2M2I63M1I16M1D74M1I9M6I30M2I5M1D27M2I18M74I14M171I6M1I32M2D22M4D18M
100	2937	0.270	9.588E-68	1	1247	1248	4	796	806	267M15I11M11I33M19I55M64I4M29I23M20I15M53I23M6I63M1D16M1D77M2D40M3I6M6D24M5I13M12I9M89I16M139I4M1I50M1D27M1D5M
97	2929	0.280	1.474E-67	1	1241	1248	26	776	786	97M1D167M4I3M8D8M1I6M32I10M31I19M134I9M2I38M2I29M26I17M14I60M2I16M1D84M6I34M1I13M5D2M22I7M18I4M9I17M31I14M89I6M84I32M1D19M2D22M
124	2927	0.272	1.642E-67	0	1241	1248	0	710	713	260M2D9M15D11M39I12M36I19M5I1M11D5M4I20M164I14M49I38M1D42M1D82M1I35M1I19M2D3M15I4M13I3M18I18M218I46M1D7M1I30M
0	2923	0.279	2.035E-67	1	1241	1248	13	744	754	97M1D164M19D4M17I4M32I10M31I17M113I13M4I4M1I11M17I14M11I5M41I19M5I5M8I62M2I16M1D77M1D7M6I30M2I6M1D10M5D9M15I10M21I15M44I10M168I7M3I32M2D19M2D23M
120	2870	0.267	3.518E-66	1	1247	1248	7	756	764	99M2I160M5D6M16I7M41I9M7I32M42I21M74I46M28I10M4I23M3I9M8I38M2D24M1I4M2D13M1D47M2I18M1D52M5I28M20I4M38I6M215I4M1I31M1I48M
81	2861	0.363	5.708E-66	35	949	1248	7	884	885	230M5I36M2D48M9I17M5I13M5I45M9I16M2I23M14I25M3I59M11I24M3I74M1D12M1I159M6D21M5I5M26D36M
95	2852	0.274	9.260E-66	0	1247	1248	0	714	720	100M2I164M6D2M3I6M55I17M36I15M56I12M21I4M18I15M21I10M8I4M10I22M5I4M34I4M2I36M2D24M1I6M3D58M2I18M1D52M5I14M15I8M3I7M9I2M162I13M75I7M1I32M1I47M
10	2852	0.284	9.260E-66	1	1239	1248	26	772	784	97M1D163M12D4M5I8M6I3M32I10M31I17M17I28M62I9M4I15M20I2M6I23M20I4M1I11M49I62M1I17M1D84M6I30M2I5M1D24M11I10M1I3M38I6M118I20M81I33M2D21M2D19M
7	2846	0.279	1.279E-65	1	1247	1248	8	817	857	101M1D160M3D5M8I14M23I26M10I29M24I23M35I9M22I9M4I3M9I20M5I23M22I2M33I19M9I38M2D22M1I5M2D14M2D47M2I18M1D19M6I32M1I15M69I12M24I6M26I5M58I8M31I3M23I21M5I39M1D6M1D44M
63	2804	0.267	1.223E-64	1	1242	1248	7	746	778	101M1D160M2D11M91I10M15I8M58I2M4I1M10I10M8I17M7I14M37I15M4I10M16I29M9I38M2D23M1D16M3D3M2I45M2I18M1D11M2I4M5I31M2I16M50I22M31I10M89I16M72I42M1D6M1D39M
96	2761	0.272	1.235E-63	0	1241	1248	37	933	948	31M5I225M11D5M2D3M23I11M15I5M14I17M6I9M1I36M13I6M8I12M11I2M1I12M10I36M39D37M1I46M34I4M1I4M4I60M3I14M3D2M2I49M1I32M1I36M3I4M4D10M43I9M98I11M43I8M6I5M28I4M28I19M1I74M
125	2757	0.261	1.531E-63	0	1241	1248	26	808	813	261M3D9M5I24M17I23M1I8M14I7M17D5M98I13M6I11M9I10M10I9M3I32M7I12M28I14M13I67M13I115M3I5M2D16M4I9M142I14M34I18M69I6M5I73M
103	2757	0.280	1.531E-63	22	1242	1248	0	879	886	49M4I8M5I12M2I161M3D32M2I21M1I20M4I12M5I6M10I55M11I24M8I16M19D13M10I16M15I13M54I24M5I73M1D11M1D130M1D39M151I11M22I26M57I83M
89	2750	0.273	2.231E-63	1	1242	1248	7	746	777	102M1D162M14I16M28I22M16I17M5I6M25I14M27I12M52I2M15I18M71I15M8I38M2D22M1I5M2D8M3D5M2I46M2I18M1D13M3I2M4I34M2I24M14I12M118I7M40I17M49I6M17I41M1D6M1D39M
40	2745	0.269	2.919E-63	1	1247	1248	6	753	776	102M1D160M48I11M6D10M3D9M19I18M5I7M38I10M52I37M62I11M8I2M26I2M12I36M2D23M1D13M3D5M2I46M2I18M1D13M3I2M4I34M2I24M14I12M118I7M40I17M49I6M17I44M2D43M3D4M
110	2745	0.284	2.919E-63	86	1247	1248	0	877	880	179M5I60M3I21M7I49M7I32M7I41M8D4M1D17M1I10M3I44M35I23M3I75M1D11M1I180M63I16M83I17M76I89M
2	2741	0.270	3.619E-63	1	1247	1248	10	778	781	100M1I55M1I113M9I14M16I17M5I17M4I19M43I13M80I5M10I5M11I28M18I15M10I6M33I34M1D27M4D2M3D7M4I52M1D11M1D8M4D61M5D25M10I5M12I6M172I7M68I7M1I32M3D12M5D11M3D25M
20	2737	0.267	4.488E-63	1	1247	1248	7	750	772	261M5I6M51I9M6D8M9D7M15I11M66I8M48I9M13I11M61I7M13I29M9I38M2D22M1I5M2D7M3D6M2I46M2I18M1D13M3I2M4I34M2I24M14I12M118I7M40I18M66I49M2D43M5D4M
87	2735	0.260	4.997E-63	1	1243	1248	7	739	770	101M1D165M44I8M5D7M17I5M12I14M135I13M16I25M10I21M27I18M9I38M2D22M1I5M2D12M1D49M2I18M1D11M2I6M5I29M2I15M53I32M121I17M68I42M1D6M1D40M
1	2733	0.254	5.565E-63	1	1243	1248	5	764	787	260M4D6M77I28M32I15M53I14M47I38M53I17M3I1M1I26M1D13M2D27M1D16M1D49M2I16M2D14M1I8M4I27M3I15M1I14M32I23M7I5M59I15M137I6M3I31M1D4M2D5M7D10M11D25M
88	2726	0.263	8.108E-63	1	1247	1248	7	748	770	264M2I10M41I14M3D6M4I6M15I24M109I10M3I15M15I18M38I7M6I2M38I38M2D22M1I5M2D8M3D5M2I46M2I14M1D14M2I5M5I34M2I24M14I12M118I7M40I15M2I4M64I51M2D40M5D4M
37	2640	0.249	8.263E-61	1	1247	1248	3	806	829	10M2D144M1I105M10D11M18I9M72I31M16I10M34I8M41I1M25D15M13I29M5I18M25I26M3I40M2D26M1D16M1D49M2I16M1D22M3I29M3I15M41I3M3I11M149I25M56I43M1D6M1D37M2I5M
36	2622	0.255	2.175E-60	1	1247	1248	3	806	829	9M2D145M1I105M10D10M49I32M3I14M5I17M24D31M60I21M3I19M41I6M60I8M5I41M2D26M1D16M1D49M2I16M1D22M3I29M3I15M20I4D14M68I5M133I5M6I10M26I45M4D4M2I36M2I5M
21	2621	0.337	2.295E-60	1	870	1248	4	702	745	209M1D51M5D9M9I24M19I23M2I5M21I25M6I19M2I18M14I7M8I10M25I27M4I30M54I17M10I63M1D16M1D72M1I10M3D2M4I36M3I15M
14	2593	0.265	1.034E-59	1	1245	1248	85	885	886	98M7I4M18I7M3I72M1D53M1D10M7I6M34I82M5I10M1D14M30I6M7I5M10I62M10I10M40I29M8I64M1D16M1D124M1I12M44I3M132I4M23I16M70I89M
12	2507	0.319	1.054E-57	1	903	1248	2	667	675	260M4D24M19I17M19I6M25I31M17I12M85I12M18I18M8I12M26I28M11I26M1I9M2D23M2D16M4I48M2I17M1D13M2I6M4I31M5I48M
123	2472	0.373	6.921E-57	40	830	1248	0	713	715	221M2D13M37I6M1I9M12I58M2I21M2D14M5I43M19I30M13D59M21I100M1D15M1I67M1D23M2D14M
121	2466	0.300	9.556E-57	7	903	1248	1	618	619	259M13D3M11I11M40I18M16I5M142I18M65I27M3D20M2I5M2I21M1D12M2D28M1D13M1D52M2I16M2D14M1I8M10I6M1I21M4D15M14I19M
9	2085	0.229	7.537E-48	1	1247	1248	7	616	639	101M1D170M107I23M19I12M8I4M103I5M52I7M26I11M74I3M2I47M2I18M1D10M2I7M5I29M2I27M7I17M7I5M30I18M198I39M1D6M1D40M3D4M
11	2073	0.298	1.437E-47	1	879	1248	5	581	596	37M32I201M3D1M54I15M70I8M77I4M5I7M1I13M34I34M25I27M1I25M1D13M2D30M1D13M1D49M2I16M2D14M1I7M3I6M1I18M6I4M3D11M3I11M
19	1635	0.196	2.429E-37	1	920	1248	12	677	735	28M1D16M2D44M1I11M1I42M1D11M5D4M8D20M1I3M3D27M2D51M13D7M76I47M19I5M92I16M74I1M22I18M12I11M2D9M2D65M2D78M4D38M8D5M6I27M1I14M1I1M1I14M
90	1150	0.155	5.138E-26	3	913	1248	7	633	697	26M1I12M5I54M1I40M5D17M1I21M1I24M1I4M11I4M1I36M1D4M26D9M87I2M2I4M125I7M15I11M15I18M20I11M19I19M18I34M1I5M1D2M1I10M1I5M4D17M3D37M1I3M5D7M3I19M2D15M8I15M6I16M1I19M2I27M16D10M
4	1131	0.177	1.427E-25	3	844	1248	5	592	688	3M1D38M4I53M1I38M3D3M2D16M1I22M1I20M1D7M14I4M5D45M29I6M32I44M4I20M9I10M63I19M35I19M18I17M46I2M2I5M5I28M3I11M3D2M1D9M1I11M4D8M2I3M5D29M2D8M2D2M3I16M2D14M9I16M3I9M
129	1026	0.145	4.040E-23	6	913	1248	0	592	656	23M1I9M35I3M2D4M1D20M1I40M5D17M1I18M1I27M1I4M11I4M1I34M4D4M1D8M87I6M17D8M132I22M15I22M35I7M17I9M14I34M2I5M1I7M2D6M1D15M3D7M1D8M1D34M4D9M3I16M2D16M8I15M12I11M3D48M16D10M
99	944	0.286	3.320E-21	1	356	1248	17	364	450	28M1I11M5I55M1I38M3D3M1D14M1I20M1I43M10I34M13D19M3I33M3I33M
17	846	0.164	6.451E-19	5	1013	1248	3	955	985	22M2I11M1D8M4I19M1I4M1D22M1I42M2D3M1D21M9D19M1I16M12D10M5D7M9D5M3I32M18D100M2I46M4D19M2I11M3I69M3D16M1D80M4I29M10I10M2I13M4I10M17I6M2I21M3D4M8D17M57I23M3I13M2D51M13I39M1I46M3I10M
93	693	0.150	2.412E-15	7	664	1248	13	774	803	32M3D7M10I33M1I10M1I40M3D5M4D10M3I20M2D28M10D18M4D33M1I18M4I16M2I52M6I22M3D8M104D23M3I11M1I25M9I6M2I22M1I46M9D17M13D24M2D23M1I39M8I17M
 