65	6418	1.00	0.000E+00	0	878	879	0	878	879	879M
59	4788	0.658	0.000E+00	1	878	879	7	981	982	293M1D101M1D27M35D9M3D91M5D242M52D115M
60	4474	0.601	7.625E-103	6	878	879	9	993	994	20M8D6M5D262M1D35M2I62M1D29M33D9M5D77M2D256M59D115M
115	4378	0.570	1.279E-100	2	871	879	7	977	982	298M1D95M1D24M30D16M1D78M2I214M1D35M69D108M
67	4302	0.527	7.383E-99	2	876	879	8	963	964	296M2I19M1I40M1I51M6D6M8D9M20D22M1I59M7I5M1I29M1I174M1D38M46D9M14D104M
72	4301	0.547	7.788E-99	2	870	879	7	952	958	289M2I26M1I38M1I48M5D17M23D25M1I20M3I15M2I39M1I19M2I214M62D106M
38	4268	0.525	4.531E-98	2	871	879	7	963	969	296M2I60M1I52M4D13M30D23M1I14M1I16M4I5M3I50M1I185M1D35M45D17M18D6M2D85M
30	4262	0.517	6.240E-98	2	878	879	7	971	972	296M2I60M1I64M36D24M1I14M1I16M4I3M1I31M2I206M1D36M65D110M2I3M
112	4260	0.520	6.943E-98	2	870	879	7	964	971	296M2I60M1I52M6D13M30D23M1I17M3I12M2I7M2I29M1I26M1I178M1D36M65D107M
62	4245	0.534	1.546E-97	2	870	879	7	924	931	296M2I18M1I17M1D22M1I63M2D24M4D12M6I15M9I32M2I20M1I183M1D38M63D107M
94	4243	0.535	1.720E-97	2	876	879	7	923	924	296M2I22M1I40M1I22M1I38M2D28M7I20M2I13M1I13M1I19M3I13M1I182M1D36M34D21M1D6M24D86M
119	4221	0.512	5.564E-97	2	870	879	7	961	968	296M2I56M1I29M2I25M6D5M22D7M8D26M1I12M1I26M2I9M1D15M6I20M1I184M1D36M64D107M
111	4220	0.544	5.869E-97	2	870	879	7	931	938	296M2I60M1I61M3D27M1I17M4I24M1I14M1I11M1I19M1I185M1D36M64D107M
61	4212	0.518	8.994E-97	2	876	879	7	932	933	296M2I60M1I73M11I35M1D42M1I20M1I184M1D36M65D113M
39	4205	0.519	1.307E-96	2	871	879	7	959	965	296M2I58M1I54M6D4M26D8M4D21M4D12M6I15M9I32M2I20M1I183M1D39M20D9M19D6M24D92M
127	4203	0.536	1.454E-96	0	870	879	48	1007	1013	291M2I26M1I40M1I46M5D16M1D9M33D12M1I25M3I15M2I59M2I214M62D106M
131	4201	0.519	1.618E-96	2	876	879	7	895	896	296M2I60M1I63M21I11M6I21M3I14M12D19M34I175M1D37M20D10M5D5M6D11M37D86M
130	4200	0.550	1.706E-96	2	876	879	7	982	983	293M1D100M1D20M33D17M5D12M4I14M1D51M1D7M3I206M1D35M64D26M2D76M1I10M
106	4175	0.533	6.477E-96	2	872	879	7	965	970	296M2I47M2I11M1I51M6D6M12D8M18D23M1I17M4I24M1I24M2I21M1I184M1D36M30D6M35D103M
15	4171	0.539	8.018E-96	0	873	879	41	981	983	300M3I30M5I22M1I35M1D11M9D7M16D21M7D14M1I22M2I10M1I5M3I6M3I24M12I231M63D18M2D87M
27	4170	0.530	8.458E-96	2	870	879	7	963	970	296M2I47M2I11M1I51M6D6M12D8M18D23M1I17M4I24M1I24M2I21M1I184M1D36M30D11M8D5M5D7M22D84M
107	4169	0.523	8.922E-96	2	870	879	7	962	969	289M2I63M3I54M6D4M12D9M18D23M1I17M4I51M3I18M1I185M1D36M20D14M15D6M29D86M
16	4164	0.518	1.165E-95	0	873	879	39	976	978	300M3I30M3I24M2I33M1D40M8I7M6D19M10D300M63D105M
77	4158	0.517	1.605E-95	2	877	879	7	920	925	270M1D23M2I30M1I66M1I15M3D25M10I12M3D34M2I25M3I207M1D36M48D107M1D7M
33	4155	0.528	1.883E-95	2	871	879	7	964	970	296M2I47M2I11M1I51M6D14M30D23M1I14M4I27M1I23M1I9M1I13M1I184M1D36M30D11M5D16M30D81M
24	4153	0.525	2.095E-95	2	871	879	7	964	970	296M2I47M2I11M1I51M6D14M30D23M1I14M4I54M3I18M1I184M1D36M30D6M35D102M
105	4152	0.520	2.210E-95	2	872	879	7	958	963	296M2I60M1I51M6D6M11D17M9I9M1D38M17D51M2I7M1D177M1D36M56D23M2D86M
53	4150	0.526	2.459E-95	2	870	879	7	957	964	296M2I60M1I74M10I20M2D13M13D6M3D21M1D27M1D12M5D10M4D175M1D35M42D23M23D84M
57	4149	0.526	2.594E-95	2	877	879	7	930	931	270M1D22M3I40M1I76M6D27M4I20M2D7M8D23M1I15M3I27M11I176M1D36M53D7M3I97M3D7M
25	4144	0.529	3.387E-95	2	871	879	7	964	970	296M2I47M2I11M1I51M6D14M30D23M1I17M4I24M1I24M2I21M1I184M1D36M30D6M35D102M
118	4141	0.537	3.975E-95	2	871	879	7	973	978	289M2I29M1I37M1I47M5D14M5D10M29D17M1I20M3I49M2I26M2I194M2D18M31D11M7D5M30D92M
54	4139	0.524	4.423E-95	2	878	879	7	920	923	274M1D19M2I89M2I44M14I75M4D207M1D36M50D110M1I4M
28	4136	0.528	5.190E-95	2	871	879	7	965	971	296M2I47M2I61M6D16M30D23M1I17M4I24M1I24M2I21M1I184M1D36M30D6M35D102M
75	4134	0.512	5.775E-95	2	876	879	7	969	970	296M2I60M1I52M6D13M30D39M10I68M1I184M1D36M59D23M6D90M
71	4131	0.529	6.777E-95	0	872	879	17	926	934	276M1D19M2I30M1I58M2I30M9D17M9I25M3D25M2I8M1I10M10I203M1D36M50D109M
51	4128	0.528	7.954E-95	2	877	879	7	931	932	274M1D19M2I40M2I9M2I63M3D8M7D14M10I26M1D24M1D44M2I187M1D36M50D105M3D9M
69	4127	0.511	8.390E-95	2	878	879	7	921	924	270M1D23M2I41M12I36M2I36M21I38M4D11M4D11M13D21M3D202M1D38M50D108M1I4M
22	4126	0.513	8.850E-95	2	870	879	7	951	958	288M2I27M1I27M2I11M1I57M25D12M2D15M4D30M10I10M1I25M2I26M1I178M1D36M37D15M27D92M
108	4124	0.523	9.847E-95	2	870	879	7	921	928	296M2I33M2I6M1D22M1I22M1I26M1D74M1I23M7I34M3I172M1D37M34D27M26D80M
64	4124	0.522	9.847E-95	2	868	879	7	959	968	296M2I60M1I59M3D15M14I16M2D12M13D17M2D11M5D41M8D8M4D174M1D36M32D13M3D7M22D6M8D79M
3	4122	0.524	1.096E-94	2	871	879	7	877	882	268M2D3M1I21M2I25M19I91M14I70M5I21M11I175M1D36M50D108M
52	4120	0.522	1.219E-94	2	877	879	7	905	913	268M2D3M1I21M2I38M6I96M6I32M1I27M14I211M1D36M50D114M
48	4118	0.526	1.356E-94	2	873	879	7	896	899	268M2D3M1I14M1I9M3I26M1I20M5I32M4I21M2I18M15I61M3D15M1I20M1I13M2I170M1D36M47D24M1D86M
6	4117	0.530	1.431E-94	2	870	879	7	963	970	296M2I47M2I11M1I51M6D5M12D9M18D23M1I17M4I24M1I24M2I21M1I184M1D36M30D6M35D101M
49	4106	0.522	2.573E-94	2	878	879	7	860	862	268M2D3M1I21M2I25M19I83M21I15M1I8M6I29M15I22M11I176M1D36M50D115M
85	4105	0.530	2.714E-94	2	870	879	7	963	970	296M2I47M2I11M1I51M6D14M30D23M1I17M4I24M1I24M2I21M1I184M1D36M30D6M35D101M
109	4102	0.520	3.185E-94	2	873	879	7	913	915	274M1D23M2I47M2I84M13I45M4D34M2I23M3D177M1D36M23D20M4D4M18D86M
41	4099	0.524	3.738E-94	2	878	879	7	922	924	270M1D19M5I31M2I20M1I48M2D15M5D23M8I18M1D39M1D19M3I205M1D36M47D115M
76	4099	0.522	3.738E-94	2	878	879	7	923	925	270M1D23M2I30M1I20M2I44M1I16M2D26M8I283M1D36M50D115M
46	4099	0.520	3.738E-94	2	877	879	7	925	926	274M1D19M2I40M2I9M2I84M13I52M1D40M2I187M1D36M49D7M3I72M12D23M3D9M
56	4094	0.527	4.881E-94	2	878	879	7	929	931	268M2D3M1I21M2I22M2I26M2I62M2D24M10I23M6D20M4D26M1D6M3I205M1D36M50D115M
26	4094	0.530	4.881E-94	2	876	879	7	969	970	296M2I47M2I11M1I51M6D10M30D27M1I17M4I24M1I24M2I21M1I184M1D36M30D6M35D107M
44	4093	0.519	5.149E-94	2	878	879	7	884	886	274M1D19M2I25M19I83M21I60M1I13M5I6M6I15M3D178M1D35M50D115M
50	4093	0.524	5.149E-94	2	877	879	7	905	906	267M2D4M1I21M2I51M2I36M2I47M10I49M2I8M1I10M10I203M1D36M50D114M
34	4090	0.527	6.043E-94	2	872	879	7	965	970	296M2I47M2I11M1I74M10I20M11D12M4D49M6D17M12D11M4D174M1D36M30D6M35D103M
13	4089	0.531	6.374E-94	2	878	879	7	892	894	268M2D3M1I21M2I30M8I4M1D86M1I9M14I26M3I26M15I10M1D7M1D13M3I176M1D37M19D16M31D98M
29	4089	0.530	6.374E-94	2	871	879	7	964	970	296M2I22M1I25M1I11M1I51M6D14M30D23M1I17M4I24M1I24M2I21M1I184M1D36M30D6M35D102M
68	4088	0.526	6.723E-94	12	871	879	9	896	901	4M3D7M2I266M2I67M1I46M3I14M22I4M3I17M3I15M2I274M52D15M11D93M
5	4088	0.531	6.723E-94	2	871	879	7	964	970	296M2I47M2I11M1I51M6D14M30D23M1I17M4I24M1I24M2I21M1I184M1D36M30D6M35D102M
86	4087	0.526	7.092E-94	2	870	879	7	963	970	296M2I47M2I11M1I74M10I20M15D61M6D17M12D11M4D174M1D36M30D6M35D101M
31	4081	0.523	9.768E-94	2	871	879	7	964	970	296M2I22M1I25M1I11M1I52M4D22M14I15M15D40M5D27M1D12M12D11M4D174M1D36M30D6M35D102M
73	4080	0.532	1.030E-93	18	870	879	2	927	933	275M2I27M1I37M1I47M5D14M5D11M20D16M1I7M5I8M3I18M8I16M1I250M42D13M18D11M5D81M
42	4073	0.519	1.497E-93	2	874	879	7	931	933	272M1D22M4I33M9I52M1I14M23D10M2D18M7I20M1I9M5I76M8I166M1D35M61D20M1I90M
78	4072	0.517	1.579E-93	2	870	879	7	934	940	273M1D16M3I43M3I54M1I15M2D9M3D16M10I103M7D17M2D163M1D36M61D18M1I88M
82	4065	0.529	2.294E-93	1	871	879	32	942	947	269M2D3M1I19M1I36M1I18M5I40M1D16M3D26M9I88M1D195M1D37M50D19M1I87M
43	4052	0.524	4.590E-93	2	878	879	7	929	931	267M2D4M1I21M2I51M2I32M1I33M2D21M8I12M4D69M1D202M1D36M50D115M
66	4041	0.508	8.256E-93	2	872	879	7	919	923	75M1D198M1D19M3I40M5I12M12I28M1I15M23D7M2D20M7I20M1I9M4I28M1I11M3I20M3I15M6I163M1D36M61D24M1I84M
45	4039	0.530	9.186E-93	2	878	879	7	926	927	274M1D19M2I30M1I53M4D21M2D23M1D10M9I11M3I36M6I21M4D207M1D36M50D108M1D7M
58	4034	0.532	1.199E-92	2	878	879	7	886	889	274M1D19M2I30M1I58M2I37M23I46M2I8M1I10M10I203M1D36M43D110M1I4M
83	4026	0.521	1.838E-92	1	871	879	31	942	947	262M6D6M5I19M1I8M2I26M1I14M6I43M1D19M2I22M7I60M6D28M1D16M1D180M1D36M50D20M1I87M
113	4025	0.522	1.939E-92	2	878	879	7	912	915	267M2D4M1I21M2I35M8I66M8D29M10I41M2I10M3I25M1D202M1D37M29D15M14D99M
35	4023	0.515	2.157E-92	2	878	879	7	927	929	259M8D6M7I21M2I51M1I37M1I21M5D27M10I30M1D45M1I207M1D36M51D115M
23	4003	0.505	6.272E-92	2	874	879	7	933	935	272M1D20M3I36M9I48M1I19M23D27M8I3M3D16M1I9M5I20M2I35M1I21M4I167M1D35M61D24M1I86M
55	3988	0.512	1.396E-91	2	878	879	7	891	893	105M1I168M1D19M2I24M1I47M2I39M3D11M9D14M8D13M7I9M1I11M9I10M1I4M3D21M5I22M3I102M1I48M1I25M1D14M18I4M36D76M1I38M
102	3985	0.491	1.639E-91	2	869	879	7	956	964	296M2I22M1I35M1I53M6D10M9D15M8I19M4D23M3D14M1D10M1I21M6D19M1I175M1D36M35D6M31D100M
116	3983	0.519	1.823E-91	2	876	879	7	892	893	267M2D4M1I25M2I29M8I16M2I30M4I15M2I15M4I4M15I37M3D54M1I4M1I187M1D36M29D15M15D27M1D70M
70	3982	0.504	1.923E-91	2	878	879	7	856	858	274M1D19M2I6M15D6M31I8M2I5M8I23M2I36M21I15M15I19M2I8M1I10M10I203M1D36M50D115M
74	3974	0.523	2.948E-91	1	844	879	0	902	926	292M2I40M2I21M1I51M5D15M2D10M9I30M16D26M3I37M2I184M1I35M58D24M2I57M
47	3932	0.523	2.772E-90	2	870	879	7	809	820	265M6D3M5I20M2I34M5I46M1I42M22I22M56I16M9I4M1I173M1D37M27D26M1D80M
80	3865	0.523	9.896E-89	37	871	879	1	926	931	254M2I26M1I40M1I46M3D28M10I20M6D12M15D22M3D33M8D10M4D12M3D211M63D107M
84	3831	0.526	6.073E-88	42	870	879	0	923	929	249M2I31M1I35M1I50M5D11M1D10M33D12M1I25M3I15M2I49M4D225M30D6M21D9M11D92M
32	3789	0.522	5.711E-87	37	870	879	1	922	929	261M2I47M2I11M1I63M36D25M1I17M4I24M1I24M2I21M1I183M1D37M30D6M35D101M
104	3789	0.501	5.711E-87	0	876	879	5	937	938	38M32I228M2I47M2I11M1I51M6D14M30D23M1I14M4I27M1I23M1I9M1I19M1I178M1D36M20D16M15D11M30D86M
79	3682	0.498	1.723E-84	48	870	879	1	883	889	227M1D16M3I43M3I54M1I15M23D25M10I5M5D14M1I57M6I13M2I16M4I165M1D36M61D18M1I88M
117	3494	0.375	3.919E-80	2	878	879	9	997	1003	262M5D4M2I4M2I14M7I27M5D3M1I43M1D21M2I17M2I22M11I23M4D33M8D28M11D26M3D87M1D87M1D34M56D12M30D15M14D88M
92	3489	0.359	5.118E-80	0	873	879	1	1081	1084	264M2D9M2D29M4D69M1D26M1D36M20D10M2I25M2D16M12D32M5D13M10D25M15D86M2D88M1D34M65D17M11D10M56D83M
110	3477	0.502	9.708E-80	85	871	879	0	874	880	213M2I47M2I11M1I51M6D14M30D23M1I17M4I24M1I24M2I21M1I183M1D37M35D27M30D81M
128	3476	0.393	1.024E-79	2	877	879	8	875	876	259M3D34M10I22M8I1M6I8M6I69M27I38M2I18M2I5M9D1M7I11M1I5M15I78M1I7M2D87M1D34M20D21M8D4M34D89M
81	3401	0.480	5.603E-78	34	868	879	7	840	885	264M2I60M1I52M4D6M12D16M10I12M18D86M1I183M1D37M1D2M8D37M22I5M5I8M4I22M
101	3336	0.359	1.798E-76	2	868	879	22	928	936	266M6I21M6I67M2I41M4I20M10I27M4I82M1I6M3D1M1D58M2D104M3D3M9D33M28D17M6D12M21D76M
122	3321	0.335	4.003E-76	1	878	879	5	971	1001	268M9I31M2I11M15I24M26D39M5D35M10I54M9I16M6I29M4I79M1D85M1D37M56D8M51D16M9D69M5I17M
103	3260	0.413	1.038E-74	21	872	879	0	882	886	49M4I10M5I5M2I170M5I53M2I20M5I6M8I21M2I37M21I46M27D44M3I99M2D97M1D29M38D17M14D7M6D85M
8	3253	0.346	1.507E-74	2	878	879	9	1015	1016	260M13D6M6D54M3D41M5D17M3I19M2D12M8D21M9I5M18D8M1D29M1D5M2I22M1I36M1D7M4I80M2D89M1D32M33D10M37D18M18D87M
18	3176	0.301	9.176E-73	2	870	879	3	1243	1248	265M5D36M45D57M5D34M19D33M2D8M9I58M1D13M1D12M15D99M1I15M1D82M1I4M2D35M182D14M64D13M41D80M
126	3168	0.343	1.406E-72	1	871	879	10	807	808	96M2I165M9D2M10I11M39I27M9I13M28I21M30I18M13I19M1I19M6D2M20I17M4D129M1I36M1I30M4D3M15D21M22D7M23D35M1I3M1I41M
114	3159	0.357	2.273E-72	2	868	879	7	922	929	213M1D46M1I3M4I21M4I38M1D79M1I23M10I33M4D42M1D21M4D81M2D87M5I11M2D3M2D43M36D22M21D76M
91	3094	0.336	7.294E-71	2	878	879	11	787	788	99M1D160M2I2M15D5M83I17M3I20M9I12M44I27M9I15M3I10M1D34M2I2M2I63M2I16M2D81M5I35M41D31M1I33M2D17M4D28M1I4M
100	3073	0.320	2.237E-70	2	878	879	6	799	806	265M10I18M26I5M41I42M3I19M24I19M27I7M5I46M3D82M1D2M1D89M3D31M22D15M14D12M1D3M7D49M1D37M
98	3072	0.335	2.359E-70	2	878	879	15	775	776	99M1D166M8D2M2I7M10I21M32I19M18I12M4I23M29I9M23I4M18I13M25I10M1D12M2I63M2I14M1D2M1D76M3I7M3I32M25D16M14D14M1I31M2D20M4D28M1I4M
120	3014	0.349	5.211E-69	2	878	879	9	763	764	95M2I163M5D18M7I22M2I19M65I5M13I10M22I38M11I18M5D11M19I17M5I33M2D44M1D2M1D47M2I18M1D15M1D35M3D4M2D31M3D31M1I44M3D8M
124	3013	0.340	5.497E-69	2	869	879	3	711	713	255M3D3M3D8M12D1M32I12M1I2M72I27M22I9M10I16M4I19M60I5M2I41M1D21M1I18M2D117M19D14M5D57M1D6M1I32M
96	3009	0.319	6.804E-69	2	873	879	40	938	948	25M2I3M3I227M13D18M2I31M2I51M3I10M3I11M1I17M7I22M25D12M11I57M3I15M14I11M2D63M4I14M2D49M1I72M42D28M1I79M
97	2963	0.340	7.922E-68	2	878	879	28	785	786	99M1D166M9D4M43I6M32I19M6I8M7I17M7I5M24I17M6I14M14I24M17I19M7I61M3I14M1D2M1D81M5I35M40D14M2I50M1D17M2D22M1I9M
0	2950	0.325	1.585E-67	2	878	879	15	753	754	99M1D160M2I5M167I24M1I25M6I66M1D3M2I63M3I13M1D2M1D78M1I7M3I32M40D61M2D21M2D23M1I9M
7	2945	0.315	2.070E-67	2	878	879	10	821	857	96M1D179M45I24M5I20M17I36M29I8M7I14M11I7M1I59M2I39M2D43M3D46M2I17M1D14M5I37M29D13M7D10M14D41M2D50M
2	2936	0.339	3.346E-67	4	873	879	14	777	781	93M1I58M1I112M4I46M17I17M1I32M11I13M48I22M69I8M5I36M1D43M3D49M1D11M1D6M4D19M1D38M16D19M10D13M3D29M1D3M2D10M5D12M3D24M
95	2898	0.330	2.542E-66	2	878	879	3	718	720	95M2I161M5D20M7I10M28I14M34I27M1D27M3D18M114I1M5I32M2D44M2D49M2I18M1D16M2I3M3D30M3D3M12D32M2D29M1I53M
63	2888	0.315	4.334E-66	2	878	879	9	766	778	94M1D170M43I57M15I15M1I11M13I12M33I8M10I11M56I9M2I39M2D42M2D47M2I17M1D14M3I6M3I26M6D3M35D31M2D33M2D41M11D10M
10	2886	0.324	4.822E-66	2	878	879	28	783	784	99M1D162M10D5M15I26M6I17M55I13M4I14M61I36M6I5M13I17M7I62M2I14M3D1M1I82M5I34M25D16M12D46M2D20M4D6M2I16M1I8M
40	2882	0.306	5.970E-66	2	870	879	8	746	776	97M1D165M16I8M27I2M5D11M6I2M1I29M5I2M19I25M3D10M38I9M17I9M51I6M5I39M2D43M2D46M2I17M1D14M6I35M42D26M5D41M2D40M
88	2875	0.304	8.673E-66	2	878	879	9	753	770	266M10I6M1I15M34I6M1I8M27I26M4I26M19I9M56I6M30I8M2I39M2D43M2D46M2I14M1D17M6I32M6D3M35D17M6D50M2D38M6D10M
87	2869	0.312	1.195E-65	2	868	879	9	737	770	94M1D164M3D10M6D20M7I20M67I22M13I16M10I21M91I3M2I39M2D42M2D47M2I17M1D14M3I6M3I26M41D30M2D37M2D41M
14	2865	0.312	1.479E-65	2	871	879	87	884	886	100M25I6M4I2M1D70M1D51M10D11M38I9M5I25M1I46M4I26M1D7M14I33M4I40M2I16M6I13M2I79M1D2M1D83M1D37M2D5M14D24M1D80M
20	2860	0.302	1.931E-65	2	878	879	9	752	772	260M1I12M8D10M49I2M4I1M3D8M27I10M2I19M2I18M61I13M44I14M3I39M2D43M2D46M2I17M1D20M6I26M6D4M7D6M9D18M23D6M2D33M2D41M6D4M3I3M
37	2849	0.318	3.473E-65	2	878	879	5	810	829	8M2D144M1I107M12D9M46I13M9I4M34I20M9I18M9I8M10D24M1I10M4I15M1I13M12I12M2I23M3I40M2D40M1D2M1D47M2I18M1D13M1I11M1I23M18D22M13D10M4D38M2D36M2I12M
125	2834	0.315	7.732E-65	2	872	879	29	812	813	258M3D28M34I10M4I7M17I26M12D18M15I8M1I6M21I25M4I15M2I13M10I27M14I60M13I88M2I4M3D33M32D108M
89	2832	0.304	8.603E-65	2	878	879	9	758	777	97M1D165M16I13M28I19M1I25M5I2M19I24M32I4M26I20M32I11M16I3M2I39M2D43M2D46M2I17M1D14M6I35M42D26M5D41M2D40M3D8M
1	2828	0.316	1.065E-64	2	878	879	7	774	787	266M23I42M48I26M54I25M18I14M34I8M1I26M1D16M2D37M1D3M1D47M2I18M2D14M4I37M21D17M24D43M1D6M2D9M7D6M11D21M2D12M
36	2790	0.323	8.091E-64	2	871	879	5	806	829	7M2D145M1I107M12D9M46I13M9I4M34I20M9I18M5I8M6D15M2I17M8I21M1I12M7I36M5I40M2D42M2D47M2I18M1D13M1I11M1I23M18D22M13D10M4D40M2D33M1D8M
123	2765	0.434	3.072E-63	39	744	879	0	713	715	221M4D16M3D39M1D78M1D9M2D13M5D10M1D8M7D24M7I13M1I17M11I52M1I150M1D21M3D15M
21	2694	0.368	1.357E-61	2	758	879	6	679	745	207M1D53M2D13M1I9M12I37M22I17M10I18M6I21M19I27M2I34M4I8M7I21M2I8M2I81M2D72M1I43M
121	2457	0.325	4.218E-56	5	789	879	0	618	619	260M11D4M4I13M39I12M5I6M29I15M27I9M7I11M24I22M14I12M41I7M1D21M1D17M2D38M2D48M2I15M2D17M4I37M11D25M
12	2378	0.324	2.857E-54	2	799	879	4	663	675	258M3D11M5I5M90I15M9I39M11I36M2I24M14I21M10I8M2I27M1I7M2D50M2I42M2I14M1D16M5I36M9D36M
9	2178	0.272	1.232E-49	2	870	879	9	609	639	94M1D164M3D25M42I6M8I8M44I12M29I12M113I4M36I4M37I2M1I47M2I17M1D14M6I33M1I4M11D22M33D39M2D43M
11	2065	0.301	5.122E-47	2	779	879	7	581	596	35M32I191M4D7M2D20M5I14M30I12M14I10M3I12M78I20M17I9M5I14M34I23M1D10M2D44M1D2M1D47M2I18M2D14M4I36M8D16M
19	1781	0.204	1.954E-40	2	876	879	14	734	735	24M1D18M2D44M1I12M1I41M1D11M5D6M8D19M1I2M3D27M2D8M3I8M3D32M176I7M5D34M7I27M3I13M12I18M5I14M2D6M2D48M1I9M3D92M5D32M17D7M5D11M1D26M8I22M1D11M1I14M1I12M
4	1321	0.179	8.938E-30	1	871	879	4	687	688	4M1D41M4I47M1I40M3D4M2D16M1I22M1I22M4D10M12I33M3D9M27I12M35I6M6I18M2I12M4I15M15I6M20I5M2I26M9I10M35I16M4I7M3I25M1I1M1D11M3I11M3D2M1D8M2I12M5D7M3I8M6D25M4D9M3I17M2D12M8I6M3I20M7I12M9I6M3I5M4D12M7I7M1D22M3D22M
90	1299	0.151	2.891E-29	1	868	879	6	692	697	27M1I14M5I49M1I42M5D18M1I21M1I29M12I3M1I35M1D5M171I6M17D52M27I6M2I25M8I38M3I3M2D10M1I4M3D17M4D42M4D10M3I15M2D16M7I4M3I54M22D2M1D3M2D5M1I10M1D16M1D6M1D15M1D18M
129	1160	0.149	4.812E-26	5	867	879	0	650	656	23M1I9M35I3M2D4M1D17M1I40M3D7M2D13M1I21M1I30M13I37M1D4M1D11M33I8M118I8M7D40M46I34M6I19M1I1M1D6M3I12M2D6M1D8M1D10M3D12M1D32M4D12M3I15M2D16M7I4M3I17M5I3M12D14M11D26M6D10M1D16M1D6M1D13M1D19M
99	945	0.180	4.622E-21	1	645	879	18	449	450	27M1I11M5I52M1I40M3D4M1D14M1I20M1I32M4I7M6I33M5I5M164I11M5D6M19I17M2I4M3I21M7I31M8I23M1D3M1I6M3I14M3I1M7D6M4D23M
17	776	0.152	3.813E-17	4	800	879	3	843	985	25M2I22M3I14M1I4M1D26M1I36M3D26M9D19M1I18M11D8M9D3M7D7M4I30M20D2M8I16M1I29M7I20M1D102M5I25M2D14M6D16M4D31M5D14M4D37M26D7M6I10M17I17M2D15M21I8M25I10M3I16M12D22M27D43M
93	685	0.142	4.900E-15	6	672	879	13	802	803	32M2D8M9I33M1I11M1I39M2D4M5D14M2I4M1I13M2D29M4I6M2I6M20D31M2I2M5D7M9D52M6D38M102D33M12D19M7D28M6I34M15D20M7D44M1I16M4I18M15I6M20I23M1I9M2I17M
 67	6985	1.00	0.000E+00	0	963	964	0	963	964	964M
102	5646	0.802	0.000E+00	1	963	964	0	963	964	476M6I28M1D312M5D21M1D120M
27	5628	0.763	0.000E+00	6	963	964	5	969	970	329M1D13M2I108M2D53M1D311M5D8M1I10M1D123M
119	5574	0.744	0.000E+00	6	963	964	5	967	968	329M1D52M2I69M2D366M7I11D133M
28	5570	0.758	0.000E+00	6	963	964	5	970	971	329M1D13M2I19M1D89M2D53M1D311M5D142M
39	5566	0.759	0.000E+00	6	963	964	5	964	965	331M1D121M2D61M4I307M2I2M5D10M1D24M1I95M
30	5564	0.751	0.000E+00	6	963	964	5	971	972	329M1D123M2D122M1D243M5D141M
29	5558	0.760	0.000E+00	6	963	964	5	969	970	332M1D10M2I108M2D53M1D311M5D8M1I9M1D124M
112	5548	0.735	0.000E+00	6	963	964	5	970	971	329M1D123M2D41M1I11M1D308M4D11M1I10M2D123M
75	5547	0.741	0.000E+00	6	963	964	5	969	970	329M1D123M2D62M1I306M5D137M
26	5544	0.762	0.000E+00	6	963	964	5	969	970	329M1D13M2I108M2D53M1D311M5D8M1I9M1D124M
24	5541	0.756	0.000E+00	6	963	964	5	969	970	329M1D13M2I108M2D53M1D311M5D8M1I14M1D119M
6	5539	0.758	0.000E+00	6	963	964	5	969	970	329M1D13M2I108M2D53M1D311M5D8M1I13M1D120M
64	5535	0.751	0.000E+00	6	963	964	5	967	968	329M1D83M1I39M2D40M1I18M1I305M5D7M1I14M1D119M
86	5533	0.761	0.000E+00	6	963	964	5	969	970	329M1D13M2I108M2D53M1D311M5D8M1I9M1D124M
38	5528	0.758	0.000E+00	6	963	964	5	968	969	329M1D79M2I42M2D365M5D141M
5	5527	0.762	0.000E+00	6	963	964	5	969	970	329M1D13M2I104M2D57M1D311M5D8M1I9M1D124M
85	5522	0.762	0.000E+00	6	963	964	5	969	970	329M1D13M2I108M2D53M1D311M5D8M1I9M1D124M
106	5517	0.759	0.000E+00	6	963	964	5	969	970	329M1D13M2I108M2D53M1D311M5D142M
33	5516	0.744	0.000E+00	6	963	964	5	969	970	329M1D13M2I108M2D53M1D311M5D142M
53	5509	0.745	0.000E+00	6	963	964	5	963	964	329M1D123M2D87M6I7M1I264M5D141M
31	5493	0.755	0.000E+00	1	963	964	0	969	970	337M1D10M2I108M2D53M1D311M5D8M1I9M1D124M
25	5481	0.760	0.000E+00	6	963	964	5	969	970	329M1D13M2I108M2D53M1D311M5D8M1I9M1D124M
34	5461	0.761	0.000E+00	6	963	964	5	969	970	329M1D13M2I108M2D53M1D311M5D8M1I9M1D124M
111	5452	0.738	0.000E+00	6	963	964	5	937	938	329M1D89M8I2M23I54M1D307M4D146M
107	5425	0.737	0.000E+00	6	963	964	5	968	969	331M1D11M2I108M2D53M1D312M5D12M1I128M
105	5384	0.737	0.000E+00	6	963	964	5	962	963	332M1D95M1I24M2D361M1I5M2I21M1D116M
61	5383	0.721	0.000E+00	1	963	964	0	932	933	334M1D79M1I43M2D30M37I298M5D7M1I14M1D119M
22	5356	0.714	0.000E+00	1	963	964	0	957	958	347M2I69M6I4M1I385M4D149M
62	5345	0.734	0.000E+00	6	963	964	5	930	931	332M1D76M15I11M17I62M4I302M6I3M9D10M1D24M1I95M
108	5305	0.713	0.000E+00	6	963	964	5	927	928	380M1I23M1I9M8I7M24I85M1D17M2I255M4D12M1I9M1D30M4I90M
94	5289	0.699	0.000E+00	6	963	964	5	923	924	380M1I33M8I7M24I28M3I68M2I260M4D10M1I14M1D24M5I90M
131	5274	0.703	0.000E+00	6	963	964	5	895	896	329M1D79M1I43M2D28M77I260M5D7M1I15M4D118M
118	5138	0.681	0.000E+00	6	963	964	5	977	978	403M1I38M4D10M2D38M1D14M1D20M1D46M1I180M1I13M2D48M6D12M2D129M1I3M
72	5118	0.667	0.000E+00	6	963	964	5	957	958	404M1I36M5I45M1D13M1D20M1D28M1I19M1I173M1I64M4D18M2I123M1I3M
127	5061	0.655	0.000E+00	0	963	964	42	1012	1013	410M1I36M4D11M2D38M1D14M1D22M2D24M1I21M1I173M1I64M4D17M2I124M1I3M
104	5045	0.717	0.000E+00	6	963	964	5	937	938	38M32I259M1D13M2I108M2D53M1D311M5D8M1I14M1D119M
32	5023	0.755	0.000E+00	43	963	964	1	928	929	292M1D13M2I108M2D53M1D311M5D8M1I9M1D124M
73	4922	0.644	0.000E+00	23	963	964	1	932	933	386M1I28M3I51M1I15M2I23M5I219M1I32M1I23M1D8M5D138M1I3M
68	4729	0.620	0.000E+00	22	962	964	16	900	901	7M2I303M1D76M1I15M18I10M26I10M3I5M11I21M1D44M1D184M1I59M4D17M1I127M
110	4698	0.741	0.000E+00	91	963	964	0	879	880	244M1D13M2I108M2D53M1D311M5D8M1I9M1D124M
115	4659	0.569	0.000E+00	1	962	964	0	981	982	294M3D33M1D36M1D34M1D25M1I16M1I29M1I15M1D15M4D10M1D19M1D48M1D216M1D17M6D60M2D92M
80	4626	0.654	0.000E+00	43	963	964	1	930	931	367M1I36M4D11M2D38M1D14M1D20M1D27M1D21M1I178M1I60M5D4M1I12M1I124M1I3M
16	4611	0.575	0.000E+00	0	956	964	32	972	978	5M1D302M1I18M1I19M2I49M1D13M1D8M4I18M1I8M2D22M2I18M2D45M3I17M9I8M2I177M1I67M5D41M2I94M
84	4601	0.634	0.000E+00	48	963	964	0	928	929	362M1I37M4D10M2D38M1D14M1D20M1D34M6D14M1I173M1I65M4D16M2I124M1I3M
15	4593	0.565	0.000E+00	0	956	964	36	977	983	6M1I300M1I18M1I18M3I49M1D13M1D18M1D26M4I33M1D21M1D19M2D10M5I10M9I15M2I170M1I68M5D136M
74	4585	0.607	3.483E-104	8	951	964	1	924	926	338M1I63M1I15M1D6M2D21M2D43M12I14M6I40M1I188M2I33M1I22M3I6M2D6M1I19M1I87M2D14M
59	4522	0.551	9.038E-103	0	957	964	0	973	982	295M3D33M1D40M1D30M1D36M2D22M2D56M6D18M2D18M6D30M1D174M1I41M1D16M2I16M8I21M1D101M
130	4509	0.556	1.795E-102	6	962	964	5	982	983	290M3D36M1D36M1D26M1D47M2D16M2D44M3D29M1D46M1D214M1D39M3D16M1D12M1D106M
3	4413	0.526	2.841E-100	6	962	964	5	881	882	260M5D10M4I47M1I13M15I12M1I47M11I8M4I19M1D37M5I11M4I21M2I13M29I214M1D17M1D14M11I25M1I101M
56	4413	0.525	2.841E-100	6	963	964	5	928	931	260M5D12M4I42M1D15M2I8M2I16M1D49M11I13M4I20M2D35M3D7M7I18M6I27M1I225M1D36M10I25M1I96M1D6M
41	4399	0.523	5.947E-100	6	962	964	5	923	924	260M5D12M4I12M3I71M1I67M2I7M4I9M5I6M4I38M4I10M3I48M4I210M1D18M12I10M1I30M1I97M4D4M
54	4389	0.542	1.008E-99	6	963	964	5	919	923	276M1D55M1D31M1D15M1D11M3I19M11I27M3I23M1I7M3I15M7I21M5I12M3I14M1I225M1D18M1D16M11I22M1I102M
77	4389	0.526	1.008E-99	6	963	964	5	922	925	272M1D49M1D67M1I47M1I30M12I26M4I10M14I16M1I8M1I227M1D22M1I13M11I34M1I86M4D4M
57	4384	0.540	1.312E-99	6	958	964	5	921	931	273M1D23M1I65M1D78M4I7M4I8M4I22M2I13M2I20M5I14M3I9M1I15M2I213M1D30M10I27M1I97M
76	4383	0.530	1.383E-99	1	963	964	0	924	925	265M5D12M4I45M3I26M1D12M1D26M1I53M4I5M9I73M1D15M10I3M8I219M1D31M8I4M2I22M1I98M3D4M
44	4382	0.530	1.458E-99	6	963	964	5	882	886	276M1D45M1I13M15I12M1I47M11I8M4I19M1D22M5I26M4I21M2I13M29I214M1D12M1D19M11I25M1I102M
51	4370	0.536	2.746E-99	6	959	964	5	923	932	276M1D64M3I19M1D48M5I37M5I6M4I38M4I17M5I25M1I231M1D14M1D20M11I22M1I98M
49	4366	0.529	3.392E-99	6	963	964	5	858	862	260M5D10M4I47M1I13M17I9M1D50M42I10M11I7M1I4M1I8M20I22M3I7M4I24M4D213M1D14M1D17M11I25M1I102M
81	4362	0.684	4.188E-99	40	886	964	7	884	885	295M1D79M2I42M2D13M1I347M7D11M1I20M25D36M
35	4350	0.531	7.889E-99	3	963	964	2	928	929	270M5D5M4I86M1D21M1I18M11I19M5I63M7I19M5I24M1I232M1D19M1D11M10I35M1I89M3D5M
109	4346	0.525	9.742E-99	6	961	964	5	914	915	276M1D65M1I20M1D49M10I27M3I40M2I15M1I8M9I19M3I14M4I222M1D22M1D9M12I23M5I97M
48	4344	0.526	1.083E-98	6	962	964	5	898	899	267M5D5M4I13M2I47M5I14M1D29M4I20M11I39M2I39M8I12M10I12M3I20M8I214M1D29M13I127M
42	4344	0.526	1.083E-98	1	962	964	0	932	933	279M1D21M2I38M8I18M1D25M1I14M8I25M4I20M1D11M1I4M3D69M5I20M3I6M3I208M1D35M2I42M1D90M
71	4343	0.534	1.141E-98	8	959	964	19	926	934	265M5D5M4I86M1D15M1D11M3I19M11I27M3I38M4I7M7I21M5I12M3I14M1I225M1D25M1D9M11I22M1I98M
43	4340	0.531	1.337E-98	1	963	964	0	930	931	265M5D12M4I68M1I17M1D16M1I27M11I15M5I11M5I18M2I6M6D40M4I22M3I9M1I230M1D25M1D9M11I22M1I96M3D6M
52	4327	0.514	2.654E-98	1	963	964	0	904	913	265M5D10M4I52M3I33M1I60M15I11M2I38M9I20M12I4M6I17M1I230M1D30M10I27M1I102M
113	4325	0.530	2.950E-98	6	963	964	5	914	915	267M5D5M4I45M6I11M1I22M1D54M11I8M4I14M2D35M2D12M10I12M10I25M1D232M1D19M2I13M11I28M5I87M4D5M
83	4323	0.528	3.278E-98	8	958	964	32	942	947	265M5D5M4I20M1I37M3I4M3I11M1D36M1D22M3I36M6I15M3I32M1I12M4I39M8I216M1D27M13I38M1D87M
46	4313	0.522	5.556E-98	6	959	964	5	917	926	260M5D12M4I64M3I19M1D48M22I8M3I57M7I19M5I25M1I231M1D23M3I8M11I22M1I71M12D27M
50	4309	0.529	6.861E-98	6	963	964	5	904	906	260M5D12M4I45M1D41M1I14M1D11M3I20M11I10M12I22M8I26M7I21M5I12M3I9M1I230M1D22M1D12M11I22M1I102M
82	4299	0.533	1.163E-97	8	958	964	33	942	947	265M5D5M4I16M1D42M3I4M2I12M1D36M1D22M3I36M6I47M4I17M4I26M3I7M9I213M1D27M2I5M11I33M1D87M
45	4298	0.535	1.226E-97	6	962	964	5	922	927	260M5D12M4I86M1D15M1D11M3I19M11I27M3I25M1D24M7I21M5I12M3I14M1I225M1D18M1D15M8I8M3I15M1I101M
23	4294	0.517	1.514E-97	6	962	964	5	934	935	263M1D25M1I49M7I41M1I20M1I5M3I32M1I20M4I28M1D13M4D26M7I23M10I2M2D205M1D36M2I45M1D87M
78	4290	0.513	1.870E-97	6	962	964	5	939	940	275M1D21M1I41M1I5M1I17M1D22M1I16M8I25M4I67M4I28M3D20M1I21M6I203M1D16M2I68M1D83M
65	4281	0.524	3.006E-97	8	963	964	2	876	879	296M2D19M1D40M1D51M6I6M8I9M20I22M1D55M7D9M1D30M1D173M1I37M2I5M58I109M
60	4277	0.517	3.712E-97	12	963	964	9	991	994	20M8D6M5D257M3D39M1I31M1D31M1D15M6I14M3D20M7D55M1D53M1D14M1D11M9D167M1I34M1D20M2I26M1I36M1D92M
116	4272	0.535	4.832E-97	6	963	964	5	892	893	263M5D9M4I45M6I13M1I11M1I24M4I34M11I8M4I14M2D24M3I21M7I11M4I19M17I230M1D19M2I13M11I15M1D13M5I22M1D70M
69	4271	0.520	5.094E-97	6	963	964	5	923	924	263M5D9M4I76M10I16M2I26M11I15M1I69M3I21M5I26M1I230M1D15M6D8M16I28M1I97M3D5M
13	4268	0.511	5.968E-97	6	963	964	5	890	894	260M5D12M4I58M1D18M6I52M6I4M15I9M5I40M3I9M8I9M11I10M2D6M3I18M9I213M1D21M1D12M8I8M3I23M1I94M
66	4263	0.503	7.769E-97	6	962	964	5	922	923	77M1D198M1D13M1I42M15I40M1I14M8I44M3I12M1I20M1I7M1I10M2I13M2D47M10I208M1D35M2I45M1D87M
70	4208	0.512	1.414E-95	6	959	964	5	850	858	260M5D12M4I20M6I5M13D6M32I17M1D15M1D11M3I19M11I11M5I23M18I9M7I14M7I3M5I5M8I10M12I226M1D29M1D9M11I22M1I98M
58	4131	0.514	8.218E-94	6	963	964	5	885	889	260M5D12M4I86M1D15M1D11M3I20M42I8M5I39M4I19M5I12M3I14M1I225M1D10M1I18M16I22M1I102M
47	4058	0.506	3.867E-92	1	958	964	0	810	820	272M5D5M4I44M3I21M1I13M1D20M1I27M11I11M1I30M73I8M18I7M9I214M1D18M1D15M8I10M4I6M22I82M
55	3992	0.500	1.258E-90	6	963	964	5	889	893	107M1I168M1D82M1D7M2I69M2I2M3I8M9I16M3I22M8I10M3I13M1I9M1I5M3D121M1I49M1I43M18I10M1I16M19I7M3I15M1I65M1I36M
79	3866	0.492	9.694E-88	54	962	964	1	888	889	227M1D21M1I41M1I5M1I12M1D27M1I16M8I25M4I51M1I67M1I19M5I206M1D16M2I61M1D90M
103	3854	0.512	1.826E-87	27	963	964	0	885	886	49M4I10M5I5M2I170M5I15M1D23M1D14M1I25M12I19M2I41M1I19M2D34M7D14M15I35M9I8M5I96M2D128M1D50M2I17M1I97M1I3M
117	3807	0.384	2.179E-86	4	963	964	5	995	1003	266M6D7M5I11M1I13M2I15M5D9M2I26M2D33M2I24M5I17M1I13M5I14M7I59M2I11M8D17M1D98M1D121M2D17M22D9M2D3M14D145M
92	3697	0.364	7.222E-84	8	961	964	3	1083	1084	261M4D71M1D11M6D7M5D12M2D30M1I59M2D6M12D23M1D66M4D16M16D97M2D136M32D33M13D22M27D99M1D4M
128	3587	0.369	2.393E-81	4	961	964	4	875	876	265M6I5M9D21M8I21M2D46M3I20M2I8M15I7M5I22M8I9M7I25M10D1M8I14M51I83M1I4M2D116M1D78M1D91M3D8M
122	3560	0.342	9.946E-81	2	963	964	0	972	1001	264M2D38M11I10M36I18M12I9M22D103M3D53M3I17M3I6M6I78M1D116M2D24M21D25M21D12M12D93M2I23M
8	3523	0.350	7.005E-80	5	963	964	6	1013	1016	263M14D75M1D28M11D95M1D32M4I34M2I47M2I65M2I14M4D118M1D21M13D10M3D61M11D86M
101	3459	0.369	2.050E-78	1	956	964	15	929	936	265M1D7M7I12M3I23M1I4M6I9M13I30M4I11M9I25M5I11M2I51M3I5M9I69M9D8M3D57M2D102M10D4M1D40M1D12M2I33M2I8M4I22M2D78M
18	3392	0.309	7.029E-77	6	961	964	1	1247	1248	272M5D56M1I21M9D16M5D26M2D11M1D30M13D34M3D16M2D71M18D23M7D69M1I15M1D176M81D19M108D13M38D86M
126	3331	0.345	1.756E-75	0	958	964	3	807	808	104M2I164M7D4M8I18M8I26M6I14M26I37M8I9M5I15M12I20M94I5M9D133M1I37M2I27M3I18M6D15M1I41M2D51M1I2M1I41M
100	3306	0.340	6.567E-75	2	963	964	0	799	806	272M10I12M17I15M46I33M2I46M26I16M8I6M15I9M2I6M16I17M10I1M1I76M1D5M1D81M2D40M3D26M8I6M10I39M1I49M1D24M2D11M
114	3306	0.360	6.567E-75	1	956	964	0	923	929	214M1D55M5I22M2D76M1I26M1D24M3I22M3I21M10I24M2I30M3I17M2I25M4I58M2D87M5I8M2D7M1D39M1D12M6D22M12I39M2D78M
91	3263	0.343	6.347E-74	5	963	964	8	786	788	100M1D161M14D8M1I4M20I22M5I6M10I6M5I15M8I22M3I23M71I19M2I17M48I5M2I64M2I10M1D5M1D81M6I38M1I16M12I8M5I42M1I3M1I33M2D17M4D31M
98	3215	0.318	7.986E-73	0	963	964	5	775	776	5M2D102M1D167M7D13M15I29M16I8M10I21M2I17M6I28M27I15M103I2M2I63M2I14M1D2M1D76M3I7M4I35M1I11M18I55M3I32M2D22M4D23M1D5M
96	3143	0.320	3.565E-71	6	963	964	38	944	948	30M5I227M13D13M39I47M4I38M2I34M5I25M28D12M8I6M2I16M2I22M5I13M4I18M3D6M1D60M4I17M2D49M1I34M1I36M1D38M20I107M3D8M
97	3136	0.322	5.157E-71	0	963	964	18	784	786	5M2D102M1D167M8D13M62I20M21I41M13I32M6I13M5I6M73I7M2I62M3I14M1D2M1D81M6I38M1I12M3D4M7I12M13I18M4I52M1D16M2D31M
7	3136	0.324	5.157E-71	5	963	964	7	823	857	101M1D182M11I7M22I14M14I14M31I6M9I20M20I2M7I13M11I16M5I19M5I52M2I39M2D43M3D46M2I18M1D12M6I43M1I30M8I9M2I28M1D39M2D43M4D7M
120	3104	0.333	2.790E-70	0	963	964	1	758	764	104M2I163M3D9M12I42M46I30M14I23M4I14M1I31M65I13M15I40M2D39M1D2M1D47M2I18M1D49M4I8M1I13M7I2M31I21M6I1M3I35M1I46M
40	3089	0.322	6.156E-70	0	963	964	0	757	776	106M1D163M26I9M15I2M5D18M32I14M5I31M22I4M9I4M39I2M3I29M49I4M2I39M2D35M1I7M3D46M2I18M1D12M2I5M5I34M2I10M11I101M2D39M5D7M
124	3086	0.329	7.211E-70	6	952	964	1	707	713	258M3D2M3D8M13D10M32I18M61I11M41I3M25I11M1D3M48I21M7I7M9I5M2I40M1D22M1I18M2D86M1I27M2I7M1D15M6D8M31I4M3I17M7I41M1D6M1I28M
89	3079	0.325	1.043E-69	5	963	964	6	758	777	101M1D164M25I14M5I7M6I12M32I11M3I7M23I14M60I15M1D20M42I20M2I39M2D35M1I7M3D46M2I18M1D12M2I5M5I34M2I10M13I14M2D80M3I2M5D39M5D7M
63	3071	0.328	1.591E-69	0	961	964	1	756	778	106M1D165M29I17M6I16M17I12M23I7M17I8M10I7M18I10M58I12M4I30M9I5M2I39M2D42M2D47M2I17M1D13M4I5M3I23M2I21M11I22M3I4M1I66M3I2M5D39M5D5M
87	3055	0.331	3.701E-69	0	963	964	1	746	770	106M1D173M6D8M41I11M14I8M26I13M75I11M1I6M25I10M19I16M3I10M1I9M2I39M2D42M2D47M2I18M1D13M5I5M2I24M2I21M5I17M9I7M7I24M3D4M3D32M3I2M5D34M1D12M
0	3054	0.321	3.901E-69	0	963	964	5	753	754	5M2D102M1D163M16D69M25I4M25I9M6I11M49I8M106I4M2I63M3I13M1D2M1D78M1I7M4I35M1I12M3D4M8I5M9I18M2I26M3I30M2D21M2D26M1D5M
20	3043	0.313	6.970E-69	0	963	964	0	760	772	5M1D275M7D7M41I12M3I12M6I5M75I24M3I17M6I17M73I5M2I39M2D35M1I7M3D46M2I18M1D12M2I5M5I31M1I5M1I10M5I16M2I12M6I26M2D38M3I2M5D39M13D7M
10	3043	0.317	6.970E-69	0	963	964	18	783	784	5M2D102M1D160M10D14M19I33M32I38M9I8M59I12M9I14M7I10M50I5M2I63M2I14M1D2M1D82M6I37M1I16M12I7M6I25M4I49M2D21M2D24M1D5M
1	3032	0.324	1.245E-68	5	963	964	4	776	787	277M5I10M34I16M1I10M48I13M3I23M7I4M35I7M11I11M14I8M40I31M1D13M2D40M1D3M1D49M2I15M2D15M1I9M4I32M3I7M7I17M3I39M1D7M3I32M1D4M2D5M7D10M8D2M3D18M6D11M
88	3027	0.309	1.621E-68	5	963	964	6	758	770	279M37I19M3I7M46I24M17I28M56I13M22I4M21I5M2I39M2D37M3D5M1I46M2I14M1D17M4I4M3I31M1I5M1I10M5I16M2I12M6I33M2D31M3I2M5D39M13D7M
95	3023	0.327	2.002E-68	6	963	964	1	715	720	97M2I165M3D13M45I17M3I21M20I14M3I14M2I8M2I8M19I20M106I4M2I35M2D41M2D49M2I18M1D50M5I15M13I11M15I23M9I4M1I35M1I35M1I10M
2	2978	0.315	2.150E-67	6	960	964	10	780	781	99M1I56M1I164M1I18M40I28M15I11M1I4M5I13M3I12M110I36M1D35M1D12M2D45M1D11M1D6M1D3M3D60M5D9M13I11M14I29M9I33M3D11M5D12M3D16M3D8M
37	2976	0.304	2.390E-67	6	963	964	3	810	829	10M2D144M1I107M15D9M55I17M20I4M51I16M21I18M24D35M1I8M5I16M5I15M13I8M4D42M2D42M2D49M2I16M1D13M1I15M2I19M3I17M10D23M4I16M28I39M2D48M
36	2938	0.304	1.774E-66	6	963	964	3	810	829	9M2D145M1I107M15D9M55I17M20I4M51I16M13I21M10D5M6D35M1I8M5I16M5I19M7I11M2I39M2D42M2D49M2I16M1D13M1I15M2I17M2I11M1I8M8D7M4I6M8I5M16I12M2I47M3I2M5D46M
14	2915	0.316	5.970E-66	5	959	964	84	885	886	105M25I4M4I2M1D70M1D53M5D10M6I20M11I51M13I76M7I13M10I15M5I5M20I35M16I5M2I76M1D5M1D128M1I9M6D14M20I7M28I84M
125	2894	0.301	1.808E-65	7	960	964	28	812	813	259M3D33M17I16M41I14M10I10M14D14M4I38M18I7M1I20M20I16M20I11M13I63M13I120M1I17M1D14M12I3M3I3M5I20M8I81M1I8M
123	2800	0.421	2.576E-63	45	771	964	0	713	715	221M1D8M4I56M4I20M1I11M4I74M1D27M9D24M11I29M3I193M1D23M2D14M
21	2788	0.355	4.851E-63	5	810	964	3	701	745	210M1D53M1D24M31I45M5I16M7I14M1I33M13I13M1D5M9I15M8I8M12I14M19I26M2I81M2D72M1I15M1I27M4I2M1D20M
121	2491	0.320	3.096E-56	12	829	964	1	617	619	260M12D6M5I13M24I13M2I20M114I5M3D13M2I9M4D9M63I7M8I1M2D4M1I22M1D12M2D43M2D50M2I16M2D14M5I31M3I41M
12	2453	0.323	2.298E-55	4	851	964	0	674	675	262M7D14M72I23M38I13M8I17M9I15M5I19M3I2M5I14M7I21M18I17M2I27M1I11M2D42M2I46M2I17M1D13M5I5M1I10M4D13M1I5M8I55M
9	2357	0.283	3.639E-53	0	963	964	1	616	639	106M1D165M17I13M21I17M12I8M37I11M66I8M166I3M7D6M15I45M2I18M1D13M5I5M2I24M2I19M13I13M1I13M1I67M2D44M1D6M
11	2200	0.309	1.440E-49	3	815	964	2	581	596	40M32I201M6D16M9I14M68I30M37I17M24I7M11I7M44I15M13I25M1D14M2D35M1D7M1D49M2I16M2D14M5I31M3I17M2D10M
19	1775	0.211	7.869E-40	6	951	964	12	723	735	28M1D16M2D44M1I11M1I42M1D11M5D6M8D18M1I3M3D27M2D53M9D10M100I9M18I19M55I28M2I10M45I12M3I7M4I12M2D6M2D47M1I13M1D5M2D84M4D48M2D15M18I23M2D15M31I17M1D8M1I18M
90	1396	0.158	3.799E-31	0	956	964	0	693	697	6M1I6M1D2M1I18M1I14M5I51M1I41M5D17M1I21M1I29M12I3M1I34M3D5M25D10M27I19M26I10M22I15M89I12M68I14M6I35M2I3M1I7M2D6M1I5M3D15M4D42M2D2M2D6M3I18M2D19M14I29M1I6M3I16M8I6M7I16M12I13M1I4M1I10M1D12M1D10M1D15M1D19M
4	1255	0.162	6.460E-28	4	958	964	2	687	688	46M4I51M1I38M3D4M2D16M1I22M1I22M4D10M12I46M44I24M17I11M2I17M2D15M5I10M12I14M50I7M31I21M20I36M1I1M1D8M3I14M3D2M1D8M2I11M5D8M3I5M5D4M1D22M2D8M2D2M3I16M2D18M8I11M4I11M3D9M79I6M3I7M3I3M2I13M3D25M3D22M
129	1202	0.153	1.058E-26	11	950	964	0	646	656	3M1D1M1I18M1I9M35I3M2D4M1D19M1I41M3D4M2D13M1I18M1I33M13I37M2D17M188I7M14D5M10I39M27I10M1D19M6I19M1I1M1D6M3I12M2D6M1D8M1D14M3D7M1D33M1D2M3D9M3I16M2D16M8I3M6I15M3I16M28I50M8D1M1I7M4I4M2I2M2I14M1D6M1D13M1D15M
99	937	0.261	1.248E-20	4	349	964	15	361	450	10M1D1M1I18M1I11M5I54M1I38M3D4M1D14M1I23M1I32M2I7M8I30M2D7M14D77M
17	832	0.170	3.178E-18	10	889	964	3	899	985	25M2I22M3I14M1I4M1D26M1I38M2D3M1D14M2I7M11D17M1I18M12D7M18D8M7I33M17D46M6D7M18D24M4D63M2D13M5D30M2I13M3D33M1D18M7D16M2D25M1D11M10D50M7I5M21I4M2I19M2I2M5D3M8D17M60I10M2D25M2I3M6I88M
93	717	0.155	1.371E-15	12	606	964	13	770	803	32M3D13M10I27M1I11M1I39M3D3M4D15M2I4M1I13M2D29M4I6M2I6M20D32M3D10M6D18M16D38M1D24M106D18M5D29M1I33M2D9M6D21M3D18M2D22M5D30M1I11M3D30M1I8M3I19M
 73	6632	1.00	0.000E+00	0	932	933	0	932	933	933M
118	5176	0.735	0.000E+00	2	932	933	23	977	978	425M9D41M5D49M6D25M1I193M2D21M1D49M1I13M3D113M
72	5125	0.726	0.000E+00	2	932	933	23	957	958	423M2I39M2D5M3D48M5D25M1I212M1D23M2I24M1I13M1I112M
127	5111	0.714	0.000E+00	2	932	933	66	1012	1013	425M9D40M5D39M1D13M5D25M1I212M1D23M2I24M1I13M1I112M
67	4896	0.644	0.000E+00	1	932	933	23	963	964	386M1D27M3D59M1D8M2D23M5D219M1D32M1D23M1I8M5I138M1D3M
68	4876	0.669	0.000E+00	1	932	933	17	900	901	11M2I296M1D93M28I13M24I48M6D24M1D213M1D25M1I12M1I14M1I126M
74	4873	0.749	0.000E+00	2	901	933	17	902	926	316M1I86M1I21M9D32M11I10M1I21M4I11M6D17M1I188M1I56M6I11M1I6M1I14M1I82M
80	4816	0.706	0.000E+00	21	932	933	1	930	931	406M9D40M5D49M6D11M1D17M1I213M1D26M2I20M1I126M
84	4788	0.684	0.000E+00	26	932	933	0	928	929	401M9D40M5D48M6D16M5D222M1D27M1I27M2I28M1I94M
6	4777	0.626	0.000E+00	2	932	933	23	968	970	310M1D14M2I60M1D37M5D42M1D3M3D53M5D200M1D34M1D34M1I141M
33	4767	0.629	0.000E+00	2	932	933	23	967	970	310M1D14M2I60M1D34M5D45M1D2M3D55M5D199M1D34M1D34M1I136M1I4M
28	4765	0.631	0.000E+00	2	932	933	23	969	971	310M1D14M2I19M1D41M1D36M5D43M1D14M3D42M5D200M1D34M1D34M1I141M
30	4759	0.629	0.000E+00	2	932	933	23	970	972	310M1D76M1D37M5D30M4D25M1I15M1I21M6D28M1D177M1D34M1D28M1I147M
75	4743	0.621	0.000E+00	2	932	933	23	968	970	310M1D75M1D37M5D41M1D16M2D10M1I31M5D200M1D30M1D38M1I141M
112	4742	0.612	0.000E+00	2	932	933	23	969	971	310M1D75M1D35M5D45M1D9M2D20M1I21M6D205M1D34M1D23M1I152M
53	4740	0.630	0.000E+00	2	932	933	23	962	964	310M1D76M1D35M5D44M1D14M2D22M1I20M1I198M1D31M1D36M1I142M
24	4734	0.631	0.000E+00	2	932	933	23	967	970	310M1D14M2I60M1D37M5D42M1D2M3D55M5D199M1D34M1D34M1I136M1I4M
86	4728	0.631	0.000E+00	2	932	933	23	968	970	310M1D14M2I60M1D35M5D44M1D3M3D26M1I21M6D205M1D34M1D34M1I141M
5	4722	0.630	0.000E+00	2	932	933	23	968	970	310M1D14M2I60M1D35M5D44M1D3M3D53M5D200M1D34M1D34M1I141M
106	4722	0.633	0.000E+00	2	932	933	23	968	970	310M1D14M2I60M1D35M5D44M1D14M3D29M5D213M1D34M1D34M1I141M
38	4719	0.625	0.000E+00	2	932	933	23	967	969	310M1D81M1I29M5D44M1D14M2D24M1I11M1D6M5D200M1D31M1D31M1I147M
39	4713	0.633	0.000E+00	2	932	933	23	963	965	313M1D73M1D35M5D34M4D23M1I9M4I11M1I12M6D205M1D33M1D24M1I3M6I13M5D34M1I95M
64	4713	0.621	0.000E+00	2	932	933	23	966	968	310M1D111M5D59M2D5M2D17M2D219M1D33M1D34M1I142M
26	4709	0.632	0.000E+00	2	930	933	23	966	970	310M1D14M2I60M1D35M5D44M1D3M3D53M5D200M1D34M1D34M1I139M
85	4701	0.629	0.000E+00	2	932	933	23	968	970	310M1D14M2I60M1D35M5D44M1D3M3D53M5D200M1D34M1D34M1I141M
29	4695	0.631	0.000E+00	2	932	933	23	968	970	314M1D10M2I60M1D35M5D44M1D3M3D47M5D206M1D34M1D34M1I141M
119	4694	0.622	0.000E+00	2	932	933	23	966	968	310M1D60M2I14M1D35M5D44M1D14M2D42M5D200M1D33M1D23M8I14M6D132M
25	4691	0.628	0.000E+00	2	932	933	23	968	970	310M1D14M2I60M1D35M5D44M1D3M3D53M5D200M1D34M1D34M1I141M
34	4689	0.629	0.000E+00	2	932	933	23	968	970	310M1D14M2I57M1D38M5D44M1D3M3D26M1I21M6D205M1D34M1D34M1I141M
27	4687	0.632	0.000E+00	2	932	933	23	968	970	310M1D14M2I60M1D35M5D44M1D3M3D53M5D200M1D34M1D23M1I152M
31	4674	0.625	0.000E+00	2	932	933	23	968	970	314M1D10M2I60M1D35M5D44M1D3M3D53M5D200M1D34M1D34M1I141M
105	4624	0.621	0.000E+00	2	932	933	23	961	963	315M1D71M1D20M1I14M5D44M4D13M1I22M1I14M6D205M1D30M1D34M8I138M
111	4615	0.612	0.000E+00	2	932	933	23	936	938	311M1D87M27I40M4D43M5D213M1D33M1D33M2I142M
61	4610	0.624	0.000E+00	2	932	933	23	931	933	310M1D111M5D38M2I21M15I14M12I198M1D33M1D34M1I142M
107	4584	0.609	0.000E+00	2	932	933	23	966	969	313M1D11M2I60M1D37M5D30M4D41M1I21M6D205M1D34M1D33M1I25M1I111M1I4M
131	4563	0.611	4.951E-104	2	932	933	23	894	896	310M1D111M5D38M36I13M19I7M14I173M1D33M1D41M2D136M
108	4556	0.616	7.503E-104	1	932	933	22	926	928	364M1I32M1I18M28I20M1D18M2D23M1I18M5D198M1D30M1D31M2I48M4I95M
62	4555	0.609	7.915E-104	2	932	933	23	929	931	314M1D73M14I10M14I29M4D24M1I9M4I29M5D200M1D33M1D29M15I3M13D34M1I95M
94	4536	0.610	2.154E-103	2	932	933	23	922	924	363M1I51M28I62M1I24M4D186M1D35M1D31M2I55M5I87M
115	4517	0.596	5.890E-103	2	932	933	23	981	982	270M3D34M1D38M1D32M1D11M1D13M1I13M4D24M3I19M1D6M5D11M3D38M6D35M1D173M1D35M2D83M2D92M
22	4508	0.590	9.483E-103	2	932	933	23	956	958	324M2I70M6I19M5D16M7I5M5D3M4D26M1I42M5D200M1D34M1D32M2I142M
16	4471	0.580	6.716E-102	2	931	933	57	977	978	285M1I16M1I19M2I49M1D12M1I10M1I24M4D16M2I30M5D30M9I248M1D23M1I60M2I88M
15	4470	0.570	7.081E-102	2	931	933	59	982	983	285M1I16M1I29M3I38M1D12M2I27M4D48M5D37M9I248M1D23M2I8M1D141M
102	4463	0.590	1.026E-101	2	932	933	23	963	964	385M1D36M3D29M2I56M5D213M1D34M1D20M1I27M1D125M1D3M
32	4436	0.622	4.279E-101	21	932	933	1	927	929	291M1D14M2I60M1D35M5D32M4D68M5D200M1D34M1D34M1I141M
130	4423	0.578	8.514E-101	2	932	933	23	982	983	272M3D35M1D37M1D25M1D16M1D30M7D40M1D30M5D14M3D23M3D18M1D181M1D35M2D19M4I12M2D33M1D107M
104	4293	0.593	8.267E-98	1	932	933	22	936	938	21M32I258M1D14M2I60M1D37M5D42M1D2M3D55M5D199M1D34M1D34M1I141M
42	4223	0.528	3.356E-96	2	932	933	23	932	933	256M1D19M2I53M7I34M1I14M1I61M4I11M2I7M3D36M1I41M3I166M1D37M2D18M8I47M1D102M
59	4205	0.539	8.699E-96	2	932	933	24	978	982	270M3D34M1D40M1D30M1D12M7D51M1D30M4D76M13D6M6D207M2D16M15I144M
109	4188	0.536	2.139E-95	2	931	933	23	914	915	258M1D55M1I30M1D72M9I69M6I22M1I19M4I170M1D40M2D24M2D8M19I28M5I90M
35	4188	0.533	2.139E-95	1	932	933	22	928	929	251M5D4M4I86M1D19M1I44M6I27M10I96M1I168M1D40M2D28M15I34M2I13M1D79M4D4M
3	4185	0.526	2.506E-95	2	932	933	23	881	882	243M5D11M4I55M18I12M1D66M1I11M12I15M18I41M1D29M12I168M1D40M2D13M16I53M1I92M
54	4184	0.529	2.643E-95	2	932	933	23	918	923	258M1D46M1D40M1D26M2I37M1I16M5I16M7I24M5I11M3I42M1I176M1D40M2D24M2D7M18I33M1I92M
23	4184	0.524	2.643E-95	2	932	933	23	934	935	256M1D13M1I60M7I36M1I12M1I10M4D12M1I10M3I24M6I19M3D47M4I28M1D170M1D33M2D19M8I48M1D102M
60	4180	0.519	3.265E-95	2	932	933	25	990	994	9M4D5M5D254M3D34M1I39M1D24M1D20M5I16M4D4M4D14M5D42M4D29M6D35M6D17M4D207M2D17M8I3M1I50M2I11M3D84M
56	4176	0.529	4.035E-95	2	932	933	23	926	931	243M5D11M4I42M3I40M1D65M6I8M3I38M1D9M3D35M2I9M5I193M1D40M2D16M14I20M2I22M1I100M
44	4166	0.536	6.849E-95	2	932	933	23	881	886	258M1D51M18I16M1D66M1I11M12I15M18I37M1D33M12I173M1D35M2D12M16I49M2I12M1D84M
41	4166	0.527	6.849E-95	2	932	933	23	923	924	252M1D17M3I64M1I47M5I5M2I49M4I22M1I50M1I24M1I168M1D37M2D17M1I16M18I25M1I96M4D4M
66	4164	0.506	7.614E-95	2	932	933	23	922	923	59M1D198M1D17M1I38M15I43M1I14M1I13M4I44M6I95M1I166M1D40M2D31M1I10M7I24M1D102M
77	4154	0.529	1.292E-94	2	932	933	23	922	925	254M1D49M1D8M2D30M2I26M1I38M7I32M3I38M4I4M6I37M1I176M1D38M2D33M18I34M1I88M5D3M
83	4150	0.534	1.597E-94	2	932	933	48	946	947	242M7D11M6I17M1I44M6I17M1D26M1D14M4I2M2I38M1D33M1I30M1I45M6I170M1D40M2D18M19I40M1D98M
76	4149	0.524	1.684E-94	2	932	933	23	924	925	243M5D11M4I49M2I35M1D25M1I57M5I16M5I68M1D9M3I7M6I170M1D40M2D12M13I4M3I50M1I88M4D4M
57	4141	0.536	2.571E-94	2	928	933	23	921	931	255M1D26M1I62M1D69M3I15M1I14M4I14M1I24M6I221M1D40M2D24M16I44M2I6M1D79M
51	4140	0.524	2.711E-94	2	932	933	23	926	932	258M1D55M3I28M1D71M1I11M5I16M5I94M1I168M1D40M2D16M16I50M1I92M
49	4131	0.527	4.364E-94	2	932	933	23	857	862	243M5D11M4I51M2D11M9I5M10I80M37I12M18I16M1D29M12I168M1D40M2D17M5I21M11I28M1I92M
48	4129	0.539	4.851E-94	2	932	933	23	898	899	252M1D23M2I26M3I30M1I31M4I12M4I2M2I48M3I35M5I17M7I29M9I171M1D40M2D32M19I124M
71	4129	0.528	4.851E-94	2	929	933	35	926	934	258M1D86M1D26M2I37M1I16M5I17M7I23M5I5M4I12M1D35M1I176M1D40M2D24M2D7M18I33M1I89M
110	4123	0.612	6.664E-94	69	932	933	0	878	880	243M1D14M2I60M1D35M5D38M1D9M3D26M1I21M6D205M1D34M1D34M1I141M
78	4109	0.535	1.398E-93	2	932	933	23	939	940	257M1D19M1I36M3I12M1D10M1D27M1I18M7I21M2D36M2I27M2D27M2I39M1I170M1D40M2D16M2I16M1D11M7I21M1D102M
43	4108	0.529	1.474E-93	2	932	933	23	926	931	243M5D11M4I67M1I18M1D16M1I66M5I14M4I21M1I30M2I43M1I168M1D40M2D24M2D7M18I33M1I92M
82	4106	0.538	1.638E-93	2	932	933	49	946	947	252M1D29M1D38M5I20M1D26M1D14M6I40M1D33M1I30M1I23M3I19M7I169M1D39M2D18M8I18M11I18M1D103M
52	4105	0.521	1.727E-93	2	932	933	23	912	913	243M5D11M4I54M3I8M2I19M1D40M7I11M3I37M3I9M3I16M3I17M13I41M1I168M1D40M2D24M16I42M1I88M9D4M
69	4103	0.520	1.920E-93	2	932	933	23	919	924	243M5D11M4I45M1I28M9I19M1I9M1I14M5I13M3I81M2D31M3I195M1D40M2D16M4D1M20I45M1I92M
113	4091	0.531	3.623E-93	2	932	933	23	914	915	252M1D55M7I29M1D84M5I15M7I17M2I16M3I47M1I176M1D40M2D19M4I3M15I38M6I7M1D79M5D4M
45	4091	0.532	3.623E-93	2	932	933	23	922	927	258M1D86M1D26M2I37M1I16M3I19M4I26M5I11M3I42M1I176M1D40M2D24M2D7M18I29M2I12M1D83M
46	4073	0.518	9.390E-93	2	929	933	23	917	926	258M1D55M3I28M1D80M4I17M21I81M1I168M1D40M2D17M2I12M18I33M1I62M12D27M
13	4058	0.514	2.077E-92	1	932	933	22	889	894	244M5D11M4I44M6I35M1D41M3I22M5I13M35I26M2I57M1I168M1D40M2D12M16I54M1I92M
50	4057	0.523	2.189E-92	2	930	933	23	901	906	252M1D58M1I33M1D26M2I36M3I34M28I21M3I50M1I168M1D40M2D24M2D7M18I33M1I90M
65	4054	0.523	2.566E-92	2	925	933	18	868	879	270M2D45M1D24M1D47M5I14M5I13M10D25M3I47M9I249M42I13M18I11M5I79M
116	4050	0.526	3.171E-92	2	930	933	23	889	893	243M5D11M4I55M3I24M5I16M4I44M5I26M4I10M3I23M4I11M15I37M1I173M1D35M2D17M2D8M21I20M2I15M2I21M1D67M
70	4024	0.502	1.255E-91	2	932	933	23	853	858	258M1D12M36I11M16D3M5I19M1D26M2I65M16I23M11I10M34I185M1D40M2D24M2D7M18I33M1I92M
58	3918	0.521	3.423E-89	2	932	933	23	884	889	258M1D86M1D26M2I12M23I13M19I13M3D26M5I11M3I42M1I176M1D40M2D7M1D2M2I21M22I28M1I92M
47	3914	0.526	4.229E-89	2	928	933	23	810	820	250M5D4M4I44M1I12M2I9M1I14M1D19M1I25M6I6M7I13M15I9M28I13M10I15M6I4M28I170M1D40M2D18M2D13M18I13M23I86M
79	3892	0.522	1.355E-88	32	932	933	1	888	889	227M1D19M1I36M3I12M1D10M1D27M1I18M7I21M2D51M2I12M2D20M2D27M2D23M6I163M1D40M2D15M6I29M2I21M1D102M
81	3836	0.577	2.622E-87	18	852	933	7	884	885	294M1D81M1I29M5D25M1I18M1D14M2D24M1I12M6D205M1D30M1D33M1D34M28D33M
55	3816	0.498	7.554E-87	0	932	933	21	888	893	91M1I168M1D79M1D10M2I58M10I37M1D37M1D11M11I8M4D121M1I49M1I27M1D11M20I7M19I11M7I42M1I57M1I35M
103	3608	0.474	4.547E-82	5	932	933	0	885	886	49M4I10M5I5M2I170M5I15M1D14M1D42M6I6M7I19M2I57M5D34M7D33M2I9M16I9M5I19M2D81M2D96M1D29M2D14M11I39M2D113M
117	3554	0.371	7.918E-81	0	932	933	23	994	1003	250M8D3M7I24M3I14M8D46M2I5M3I50M1I30M2D7M11I9M1D23M1I32M11D114M1D83M1D41M3D12M11D10M12D25M3D30M6D97M
92	3521	0.365	4.538E-80	2	932	933	19	1083	1084	245M4D51M6D38M3D45M2D25M2D32M12D12M4I14M3D13M8D25M3D9M12D22M13D97M2D88M1D30M1D15M25D11M1D40M21D12M19D103M
128	3492	0.369	2.105E-79	2	931	933	24	875	876	245M6I5M9D20M8I31M1I82M1I49M4D5M69I18M8I77M1D91M1D38M2D31M11I40M2D10M4D76M3D8M
122	3449	0.364	2.048E-78	0	908	933	20	949	1001	246M2D20M6I49M26D8M12I7M9I82M18I12M5I14M4I59M6I77M1D85M1D37M3D17M10D6M10D5M5D10M12D23M3D3M8D89M
8	3313	0.350	2.732E-75	0	932	933	23	1013	1016	246M13D8M1D56M13D18M1D13M3D61M4I13M1D13M2D19M3I37M2D18M5D41M3I64M2I6M1D9M3D84M1D41M2D12M12D25M9D127M1D10M
101	3302	0.367	4.889E-75	2	926	933	38	929	936	242M6I21M3I60M1D54M6I37M1I17M9I30M3I14M8I8M6I31M4D58M2D104M7D3M5D33M2D15M2I11M1I8M7I26M2I99M
18	3209	0.318	6.703E-73	0	931	933	17	1247	1248	245M5D26M1D54M8D21M4D15M4D23M1D20M13D3M2D32M12D15M6D24M1I45M15D27M6D68M1I14M1D89M1D27M1D23M54D5M33D19M15D16M12D21M35D5M36D9M36D84M
114	3114	0.360	1.022E-70	2	926	933	23	923	929	197M1D45M5I22M2I85M2D12M1D8M1D34M1I7M1I28M6I20M3I21M1D51M5I59M2D87M5I17M4D34M2D25M5I32M8I11M2I9M5D78M
126	3098	0.342	2.382E-70	2	927	933	27	806	808	79M2I166M9D1M10I11M6I26M3I29M8I34M1I37M26I14M94I133M1I36M1I30M4I2M2D94M1D35M2I41M
100	3067	0.336	1.228E-69	0	932	933	20	799	806	246M4I5M6I13M1D38M6I57M5I40M12I5M104I9M5I80M2D81M2D17M1D21M4D16M17I46M8I52M1D26M3D14M
91	3062	0.341	1.600E-69	2	932	933	27	785	788	84M1D162M13D11M20I21M22I24M11I14M10I13M13I2M22I9M2I7M59I19M3I88M2I15M2D81M5I52M11I17M11I27M2I11M1I29M2D21M4D30M
98	3054	0.330	2.443E-69	0	932	933	29	773	776	85M1D166M6D11M50I6M11I11M14I10M16I18M12I20M1I7M53I7M3I20M12I21M4D64M2I14M1D1M1D74M1I6M5I48M11I7M1I16M12I33M3I32M2D22M4D27M
124	2970	0.343	2.081E-67	0	922	933	17	707	713	243M10D6M11D3M64I14M63I11M19I8M1D5M12I22M8I23M49I44M1D22M1I18M2D151M9I5M26I10M6I46M1D6M1I28M
97	2949	0.336	6.320E-67	0	932	933	42	783	786	85M1D166M8D14M9I16M3I22M11I13M42I13M13I3M1I35M84I13M5I5M2I62M3I14M1D1M1D84M5I56M23I46M4I34M1D16M2D30M
10	2925	0.332	2.250E-66	0	932	933	42	781	784	85M1D159M10D18M13I15M6I23M8I5M1I20M30I7M8I10M78I16M10I6M14I11M5I5M2I62M2I14M3D1M1I81M5I54M12I17M12I20M4I44M2D21M2D28M
96	2912	0.326	4.476E-66	1	932	933	43	942	948	5M1I8M1D5M7D231M7D73M17I11M3I71M20I3M28D12M6I8M1I45M6I23M3D5M1D63M4I14M2D47M1I73M2D16M19I27M7I100M2D7M
120	2905	0.340	6.483E-66	1	932	933	24	757	764	81M2I162M5D18M5I20M2I19M69I55M1D13M2I11M21I3M41I5M5I18M3I33M2D46M2D47M2I18M1D16M1D31M4I17M24I3M27I14M2I8M1D3M1I32M1I48M
0	2891	0.330	1.360E-65	0	932	933	29	751	754	85M1D163M16D9M18I15M6I10M20I6M35I15M4I11M2I24M1I5M12I11M103I62M3I14M1D1M1D77M1D4M5I50M3D4M20I8M6I27M1D13M3I30M2D21M2D30M
7	2877	0.324	2.852E-65	0	932	933	24	821	857	82M1D242M3I21M9I13M2I6M19I22M36I12M10I7M28I11M12I12M6I40M2D43M3D45M2I19M1D11M2I8M3I44M16I57M1D41M2D38M3D11M
88	2876	0.316	3.007E-65	1	932	933	24	748	770	253M101I6M1I10M1I8M4I6M2I24M44I14M3I13M26I7M1I11M11I7M2D39M2D43M2D45M2I21M1D11M5I5M1I23M1I20M14I40M3I61M2D39M4D6M
20	2868	0.321	4.592E-65	2	923	933	25	737	772	256M7D16M87I8M3I20M2I9M3I7M3I11M8I8M30I11M11I2M49I8M1I38M2D37M3D4M1I46M2I21M1D11M5I11M1I17M1I20M14I40M3I58M2D39M
63	2866	0.323	5.105E-65	2	923	933	25	743	778	78M1D169M61I20M31I4M9I15M18I42M5I12M1I10M26I8M11I4M17I9M2I39M2D42M2D47M2I17M1D13M6I29M1I20M14I36M7I55M2D42M
40	2853	0.312	1.016E-64	0	923	933	22	742	776	86M1D158M44I6M67I8M6D8M3D18M7I17M36I17M3I10M29I13M1I7M7I51M2D43M2D45M2I19M1D13M6I32M2D5M3I9M16I44M1I57M2D36M
89	2851	0.319	1.129E-64	2	923	933	25	743	777	84M1D162M60I25M42I6M4I5M3I26M36I17M3I10M13I22M6I8M16I2M2I39M2D43M2D45M2I19M1D12M6I30M3I6M2D11M16I17M2D19M3I63M2D36M
123	2826	0.435	4.237E-64	23	736	933	0	713	715	228M2D53M2I63M1I53M4I6M2I17M7D21M5I30M1D193M1D19M3D17M
87	2823	0.330	4.966E-64	2	923	933	25	735	770	78M1D177M6D16M8I14M1I9M6I14M29I25M49I13M56I4M36I6M10I40M2D42M2D47M2I18M1D13M6I29M1I19M6I12M10I11M2D11M7I55M2D42M
2	2817	0.310	6.822E-64	2	932	933	28	780	781	82M1I55M1I123M32I35M8I13M28I31M6I23M83I25M6I36M1D35M1D10M2D50M1D8M1D8M4D22M1D37M6D9M32I40M10I31M3D14M5D11M3D16M1D10M
95	2812	0.314	8.888E-64	1	932	933	18	714	720	81M2I162M9D19M44I14M17I19M105I13M14I16M5I23M13I4M3D4M1I32M2D45M2D50M2I16M1D16M1D32M4I16M22I34M21I4M1I32M1I38M1I9M
1	2797	0.312	1.966E-63	1	932	933	22	775	787	247M1D8M40I20M21I3M42I24M16I8M25I15M5I6M13I10M8I8M2I10M14I7M1I24M1D14M2D41M3D1M1I46M2I18M2D16M2D6M6I30M2I9M7I16M9I13M1D35M3I31M1D4M2D5M7D10M8D2M3D18M6D10M
37	2782	0.308	4.347E-63	2	932	933	23	808	829	136M1I108M9D11M19I24M17I6M1I13M9I5M10I9M8I25D36M17I10M13I15M54I28M2I39M2D42M2D49M2I16M1D13M1I11M1I20M2I20M25I2M3D10M5I29M1I44M2D42M1I4M
36	2738	0.313	4.459E-62	2	932	933	23	807	829	136M1I108M9D9M46I13M3I10M8I12M4I27M16D5M37I24M21I7M1I25M11I5M8I29M2I39M2D42M2D49M2I16M1D13M1I11M1I20M2I21M5D3M32I35M1I41M4D3M2I34M2I9M
125	2730	0.308	6.809E-62	4	930	933	47	812	813	246M3D24M17I33M4I8M17D10M5I2M1I45M1D6M58I9M13I14M14I6M11I14M13I60M6I4M7I84M3I3M4D43M1D5M34I8M3D8M1I26M2I71M1I8M
14	2707	0.319	2.299E-61	2	929	933	103	885	886	87M25I3M4I2M1D70M1D53M8D12M22I19M2D39M9I29M1I14M2I10M2I6M14I25M6I48M1D16M26I6M2I81M2D87M1D53M50I24M2D81M
21	2599	0.358	6.971E-59	2	774	933	22	701	745	191M1D53M3D12M2I10M31I11M4I9M3I25M1I18M10I14M2I6M5I24M21I49M3I15M12I19M2I81M2D72M1I43M6I3M4D15M
121	2468	0.324	7.136E-56	2	794	933	13	618	619	246M12D8M5I8M92I7M5I16M6I18M11D1M11I5M9I17M80I20M1I22M1D11M2D43M2D48M2I19M2D14M1D10M5I17M2I45M
12	2339	0.305	6.573E-53	1	815	933	19	674	675	243M7D15M1I64M6I8M1I26M78I7M23I13M45I23M1I27M1I6M2D44M2I48M2I17M1D13M5I18M1D5M7I10M2D56M
9	2155	0.265	1.111E-48	2	927	933	25	609	639	78M1D175M54I20M33I25M62I6M95I5M60I5M11I51M2I20M1D11M1I5M5I24M1I19M14I36M7I55M2D46M
11	2029	0.303	8.732E-46	3	774	933	24	574	596	18M32I200M4D3M49I19M81I11M6I22M24I8M18I10M11I14M10I15M7D25M1D10M2D46M2D49M2I17M2D13M1D8M5I19M2I25M
19	1587	0.208	1.252E-35	2	920	933	30	722	735	8M1D18M2D44M1I9M1I44M1D11M5D4M8D20M1I3M3D27M2D58M9D13M37I14M3I10M19I13M20I12M26I4M63I7M35I6M8I11M4I12M2D6M2D47M1I13M1D7M2D82M5D33M1D3M4I13M3I13M18I24M3I12M4I5M19I17M1D8M1I17M
90	1220	0.166	3.396E-27	13	929	933	33	696	697	14M5I49M1I43M5D17M1I21M1I29M12I5M1I32M1D6M26D9M26I20M6I5M96I12M42I9M3I10M25I9M20I6M7I33M2I5M1I3M2D10M1I5M5I16M12D33M1I3M5D9M3I16M2D16M7I5M3I16M2I10M32I20M3I27M2I11M1I4M1I10M1D10M1D12M1D15M1D22M
4	1141	0.165	2.219E-25	4	927	933	24	687	688	24M4I50M1I39M3D4M2D16M1I22M1I22M4D10M12I38M77I21M3I21M13I7M5I9M4D11M14I7M36I11M5I14M8I5M1I19M2I16M2I5M5I25M3I14M3D2M1D8M4I3M13D3M6I6M5D3M3I5M1D23M2D6M2D3M3I16M2D14M8I5M3I17M2I8M2D3M18I5M65I2M1I9M3I2M2I14M3D25M3D11M1D10M
129	1112	0.154	1.029E-24	1	920	933	12	646	656	11M1I9M35I3M2D4M1D17M1I40M3D7M2D13M1I18M1I33M13I36M1D5M3D6M102I11M14D1M6I9M1I5M6I40M4I10M95I9M6I28M3I12M2D6M1D8M1D14M3D7M1D32M1I2M5D9M3I16M2D16M7I3M6I9M5I9M6D4M3I2M1D1M31I17M1I35M5D1M1I7M4I3M2I3M2I14M1D6M1D13M1D15M
99	871	0.241	3.552E-19	4	347	933	37	361	450	8M1I14M5I49M1I40M3D4M1D14M1I23M1I29M4I7M6I33M17D8M24I37M3D35M
17	734	0.166	4.995E-16	6	861	933	19	909	985	31M2I5M1I9M1I4M1D23M1I39M3D20M2I6M11D17M1I9M4D4M4D6M4D7M8D3M7D7M4I30M20D2M2I63M4D27M9D59M9D13M4D20M1D26M5I12M5D84M17D8M4D9M13D13M4I10M17I5M3I21M2D23M55I15M8D26M6I4M1I80M2D11M
93	580	0.146	1.727E-12	4	571	933	27	763	803	18M7I43M1I11M1I39M4D2M3D17M2I3M1I13M2D29M4I6M2I6M20D31M9D29M2D11M14D27M4D23M103D19M5D28M1I17M13D87M5D61M4D29M
 