113	6831	1.00	0.000E+00	0	914	915	0	914	915	915M
116	5805	0.866	0.000E+00	0	910	915	0	892	893	350M2I26M5I7M1D89M2I12M12I301M1D35M1D70M
51	5716	0.823	0.000E+00	0	914	915	0	931	932	350M4D86M1I35M4D34M3D270M3D45M4D94M
43	5714	0.823	0.000E+00	0	914	915	0	930	931	344M2D6M4D39M1I82M4D28M1D273M3D48M4D87M1I6M
76	5709	0.845	0.000E+00	0	914	915	0	924	925	344M1D6M4D28M1I93M4D28M4I275M3D42M4D88M1I5M
57	5679	0.835	0.000E+00	0	913	915	0	930	931	302M1I46M7D74M1D51M4D69M2I232M3D43M4D88M1D6M
69	5662	0.811	0.000E+00	0	914	915	0	923	924	345M4I38M2I63M1D19M1I3M6D32M3D269M3D45M4D88M1I5M
109	5641	0.810	0.000E+00	0	907	915	0	913	915	344M2D6M4D123M4D2M1D29M4I30M3I236M3D11M1I119M
71	5631	0.807	0.000E+00	4	914	915	16	933	934	340M3D6M4D34M2I50M1I35M3I298M3D48M4D89M1I4M
45	5628	0.798	0.000E+00	0	914	915	0	926	927	344M3D6M4D34M2I50M1I22M5D14M3I297M3D50M4D86M1I5M
54	5625	0.807	0.000E+00	0	914	915	0	922	923	344M4D6M4D34M2I50M1I35M3I298M3D48M4D88M1I5M
46	5615	0.792	0.000E+00	0	914	915	0	925	926	350M4D81M6I29M5I35M3D267M1I47M4D59M12D35M
35	5574	0.810	0.000E+00	0	914	915	0	928	929	333M1D11M2D6M4D39M1I48M3I33M1D32M3D271M4D44M4D88M1I5M
50	5570	0.801	0.000E+00	0	913	915	0	905	906	347M6D37M2I53M21I10M4D303M3D48M4D87M2I4M
56	5568	0.795	0.000E+00	0	914	915	0	926	931	323M2I18M2D6M4D134M4D9M1I15M3D270M3D42M4D85M5I5M
41	5489	0.779	0.000E+00	0	914	915	0	922	924	292M3I40M1I8M2D5M4D67M1I19M1I37M4D33M2D314M4D88M2I4M
52	5471	0.778	0.000E+00	0	913	915	0	905	913	327M2I4M2I12M6D87M4I42M1I15M7I11M3I255M3D49M4D86M2I5M
3	5408	0.765	0.000E+00	0	914	915	0	880	882	327M2I8M9I90M1I47M1I10M1I6M7I5M3I16M11I230M3D47M4D85M6I3M
13	5408	0.778	0.000E+00	0	914	915	0	892	894	350M1D60M3I23M1I7M9I19M3I17M1I13M3I12M8I250M3D41M4D88M2I5M
44	5363	0.766	0.000E+00	0	914	915	0	880	886	327M2I6M2I4M7I88M1I43M1I11M1I9M7I5M3I16M11I228M3D49M4D85M6I3M
77	5360	0.773	0.000E+00	0	914	915	0	922	925	344M6D6M4D9M3I15M1I53M1I30M1D10M4D28M7I266M1D48M4D94M
70	5358	0.759	0.000E+00	0	914	915	0	857	858	310M11D3M11I7M18I35M2I49M43I294M3D49M4D88M1I5M
49	5339	0.758	0.000E+00	0	914	915	0	859	862	327M2I8M9I89M25I20M1I11M1I9M7I5M3I16M11I231M3D46M4D85M3I6M
58	5280	0.776	0.000E+00	0	914	915	0	888	889	344M3D6M4D34M2I34M16I13M11I12M3I298M4I44M4D88M1I5M
83	5272	0.760	0.000E+00	5	907	915	29	944	947	2M1D295M2I6M1D40M1D32M1D31M4D57M4D28M2D10M1D12M6I295M6D87M
48	5270	0.740	0.000E+00	0	905	915	0	894	899	297M2I45M2D40M4I25M4D30M4I57M6I21M6I285M5D84M
47	5156	0.728	0.000E+00	0	911	915	0	816	820	349M3D40M1I26M12I7M27I8M3I6M39I27M1I227M3D28M18I93M
82	5153	0.735	0.000E+00	5	907	915	30	944	947	2M1D299M1D38M2D39M1D30M4D57M4D63M1I6M6I275M6D87M
78	4977	0.689	0.000E+00	0	905	915	0	935	940	294M1I50M5D42M1I15M1I12M4D27M1I11M1I16M4D22M2D16M1D43M2D223M4D13M7D31M6D86M
42	4972	0.697	0.000E+00	0	905	915	0	928	933	294M2I49M1I43M1I16M1I7M4D26M1I14M1I16M4D22M1D3M2D25M1D8M4D19M3I231M7D6M4D34M6D83M
23	4899	0.679	0.000E+00	0	907	915	0	932	935	294M1I50M1I32M1I24M1I9M4D28M1I11M1I18M4D34M1D10M3D15M2D245M4D13M7D31M6D88M
55	4816	0.724	0.000E+00	0	914	915	0	888	893	112M1I236M7D16M2I66M1I29M1D19M4I31M1D4M6D122M1I48M1I43M20I5M9I51M4D53M1I31M5I4M
130	4764	0.619	0.000E+00	0	913	915	0	982	983	278M1I18M3D44M5D8M2D2M1D34M1D18M7D8M4D10M6D54M6D14M5D37M1D13M10D243M17D38M6D86M4I4M
66	4708	0.658	0.000E+00	0	905	915	0	918	923	82M1D212M1I54M9I31M1I13M1I10M4D25M2I31M5D3M1I18M5D12M2I7M2I262M7D10M4D31M6D86M
61	4487	0.538	2.429E-103	0	914	915	0	932	933	277M1I53M7D9M1D20M1I62M1D73M2I17M2I8M3I230M1I13M14D5M2D4M2D43M5D82M4I5M
105	4442	0.535	2.693E-102	0	914	915	0	962	963	277M1I53M7D7M1D22M1I46M8D18M6D38M1D22M7D50M1D10M8D213M1I18M3D3M8D26M1D19M4D81M4I5M
115	4405	0.545	1.947E-101	0	914	915	0	980	982	275M1I18M3D38M7D6M1D43M1D22M10D22M3D48M6D15M5D11M2I35M1D11M12D229M4D12M15D31M8D7M1I79M6I3M
79	4401	0.673	2.411E-101	53	905	915	1	884	889	241M1I50M5D42M1I27M3D28M1I11M1I16M5D3M1I21M2D13M1D40M3D224M1D6M6D9M4D35M6D82M
38	4398	0.518	2.830E-101	0	914	915	0	966	969	277M1I53M7D7M1D22M1I46M6D7M3D41M13D18M3D52M5D233M1I13M14D13M4D29M5D92M6I3M
25	4392	0.526	3.901E-101	0	905	915	0	964	970	277M1I64M4D2M2D16M1I41M3D5M5D11M7D37M9D58M9D245M1I16M5D11M13D20M4D12M1D88M
118	4385	0.541	5.671E-101	0	914	915	0	977	978	275M1I55M7D29M1I64M18D36M3D20M2D6M5D6M1D29M1D20M7D174M1I20M2D21M1I14M8D4M7D11M3D13M3D9M5D96M5I4M
72	4384	0.537	5.982E-101	0	914	915	0	957	958	275M1I61M7D23M1I65M1D32M11D29M8D16M1D13M4D204M1I37M1I14M8D10M5D6M3D10M1I24M5D82M5I4M
39	4381	0.525	7.023E-101	0	905	915	0	959	965	277M1I53M7D7M1D22M1I55M2D47M20D24M1D41M5D230M1I18M3D8M14D27M4D94M
59	4381	0.536	7.023E-101	0	912	915	0	981	982	7M1D268M1I18M3D37M8D49M1D37M17D57M1I34M1I3M3D4M6D9M6D21M19D173M1I55M3D40M1D7M5D90M
53	4372	0.537	1.136E-100	0	914	915	0	961	964	277M1I50M7D10M1D22M1I46M8D7M3D12M4D20M4I9M5D28M7D34M2D237M1I16M5D4M6D6M7D18M3D15M2D88M6I3M
85	4366	0.513	1.566E-100	0	914	915	0	967	970	277M1I50M7D18M1I13M1I105M16D12M6D10M2D8M9D262M1I16M5D11M13D23M1D16M4D81M6I3M
111	4364	0.534	1.743E-100	0	914	915	0	935	938	277M1I53M7D7M1D22M1I41M4I18M4I34M1D12M2I37M9D245M1I14M10D12M7D24M1D15M4D82M6I3M
33	4363	0.535	1.838E-100	0	914	915	0	967	970	277M1I64M4D2M2D16M1I42M3D4M5D11M8D13M1I31M3D9M1D15M5D21M1D4M8D246M1I16M5D11M13D20M1D19M4D80M6I4M
86	4361	0.524	2.046E-100	0	914	915	0	967	970	277M1I64M4D2M2D16M1I41M7D15M4D14M4D32M1D23M8D10M9D262M1I18M4D4M14D28M1D16M4D81M6I3M
24	4356	0.526	2.673E-100	0	904	915	0	963	970	277M1I64M4D2M2D16M1I41M7D43M4D10M13D41M9D262M1I17M4D5M14D28M1D15M4D81M
30	4355	0.517	2.820E-100	0	914	915	0	969	972	277M1I53M7D7M1D22M1I54M11D17M4D18M20D24M2I33M1D33M1I215M1I18M3D3M15D40M5D86M6I3M
62	4346	0.540	4.562E-100	0	905	915	0	925	931	277M1I54M7D6M1D22M1I43M2D14M2I13M15D37M2I10M4I13M1I10M1I10M8I8M3I3M2I213M1I18M3D8M14D40M4D81M
5	4345	0.526	4.813E-100	0	905	915	0	964	970	277M1I64M4D2M2D16M1I41M7D15M4D44M5D25M8D27M9D245M1I16M5D11M13D23M1D15M4D82M
112	4339	0.511	6.633E-100	0	914	915	0	968	971	277M1I53M7D7M1D22M1I55M10D11M5D21M19D20M1D22M3I262M1I17M3D8M15D30M1D13M4D82M6I3M
31	4336	0.533	7.787E-100	0	905	915	0	964	970	277M1I64M4D2M2D16M1I41M3D5M5D11M7D45M1D23M8D27M9D245M1I12M5D15M13D20M4D12M1D88M
107	4331	0.506	1.017E-99	0	914	915	0	966	969	277M1I64M4D2M2D16M1I105M16D66M1D13M16D213M1I14M3D12M15D34M4D84M6I6M
94	4330	0.528	1.073E-99	0	905	915	0	918	924	277M1I48M6D10M1D24M1I24M1I47M12D41M7I23M8I11M4I228M1I19M5D4M2D11M10D116M
29	4329	0.528	1.132E-99	0	905	915	0	964	970	277M1I64M4D2M2D16M1I41M3D5M5D11M7D43M1D26M8D38M9D233M1I16M5D11M13D34M5D86M
34	4327	0.526	1.260E-99	0	914	915	0	969	970	277M1I64M4D2M2D16M1I40M5D6M3D11M7D45M1D23M8D10M9D262M1I18M3D3M15D29M1D16M4D81M4I5M
27	4324	0.527	1.479E-99	0	905	915	0	964	970	277M1I64M4D2M2D16M1I41M3D5M5D7M7D47M1D25M8D27M9D245M1I17M6D11M12D32M5D87M
67	4320	0.526	1.832E-99	5	914	915	6	963	964	270M1I51M6D11M1D22M1I61M7D37M9D12M3D17M2D12M10D24M1I233M1I19M2D12M11D34M5D82M4I5M
28	4317	0.526	2.150E-99	0	905	915	0	965	971	277M1I64M4D2M2D58M5D3M3D12M3D14M4D24M9D19M2I12M2D19M9D251M1I16M5D11M13D23M1D15M4D82M
119	4314	0.529	2.524E-99	0	905	915	0	962	968	277M1I53M7D7M1D22M1I23M2I21M8D7M3D17M4D17M15D11M1I43M3D255M1I18M3D8M14D24M1D16M4D81M
108	4313	0.537	2.663E-99	0	914	915	0	925	928	277M1I53M7D29M1I24M1I22M2D16M3D4M10D17M1I31M7I22M11I241M1I18M3D3M4D10M10D16M1D100M6I3M
26	4311	0.530	2.963E-99	0	905	915	0	964	970	277M1I64M4D2M2D16M1I41M3D5M5D11M7D43M1D25M8D27M9D245M1I16M5D11M13D23M1D15M4D82M
64	4307	0.515	3.670E-99	0	914	915	0	965	968	277M1I53M7D9M1D20M1I56M10D9M4D20M19D31M4I277M1I14M11D12M7D36M5D85M6I3M
6	4307	0.525	3.670E-99	0	905	915	0	964	970	277M1I64M4D2M2D16M1I41M5D12M10D71M9D28M9D245M1I16M5D11M13D20M4D12M1D88M
131	4301	0.521	5.058E-99	0	914	915	0	895	896	277M1I53M7D9M1D20M1I40M31I10M2I22M6I6M17I27M10D236M1I14M11D27M10D21M5D85M4I5M
106	4297	0.523	6.264E-99	0	914	915	0	969	970	277M1I64M4D2M2D16M1I61M7D23M2D13M10D16M3D14M2D24M9D241M1I21M5D11M13D23M1D16M4D81M4I5M
75	4292	0.524	8.184E-99	0	905	915	0	964	970	277M1I50M7D10M1D22M1I46M8D7M7D47M1D25M7D7M3D35M5D230M1I16M11D11M7D34M5D86M
16	4274	0.538	2.142E-98	5	912	915	39	977	978	272M1I32M1I22M4D27M1I20M1D21M6D15M3D5M2D26M2I30M5I23M1D40M9D170M1I39M1I14M4D10M14D42M3D78M4I6M
22	4272	0.508	2.384E-98	0	914	915	0	955	958	277M1I49M6D23M1I9M1I35M1D19M3D37M19D21M1D53M1I231M1I12M10D15M7D20M4D12M1D88M6I3M
15	4264	0.531	3.656E-98	2	912	915	38	982	983	272M1I35M1I15M3D34M1I20M1D15M6D21M2D4M3D36M5D10M3D15M4I63M1D169M1I39M1I18M18D50M5D76M4I6M
127	4253	0.525	6.583E-98	0	914	915	43	1012	1013	275M1I61M7D23M1I41M19D22M1I44M3D12M13D28M3D211M1I37M1I14M8D12M8D14M1I24M5D82M5I4M
102	4161	0.496	9.006E-96	0	914	915	0	961	964	275M1I51M6D11M1D22M1I54M1D20M6D28M1D23M8D19M5D41M4D212M1I18M3D3M11D12M5D20M5D94M6I3M
73	4119	0.531	8.505E-95	23	914	915	2	932	933	252M1I55M7D29M1I84M5D15M7D17M2D16M3D55M1D168M1I40M2I19M4D3M15D38M6D7M1I79M5I4M
60	4115	0.492	1.053E-94	5	914	915	1	990	994	10M2D16M8D6M5D238M1I29M3D35M3D9M3D31M1D36M17D54M9D28M2I28M3D14M12D7M7D169M1I71M10D26M1D7M5D82M5I5M
68	4102	0.523	2.110E-94	1	914	915	6	900	901	10M10I7M2I245M1I59M8D25M1I41M3I30M4I56M2I24M12I5M6I176M1I37M1I14M9D10M4D6M3D35M5D82M5I4M
74	4084	0.521	5.525E-94	7	906	915	1	913	926	270M1I68M6D14M1I48M3I59M12D18M2I40M8D190M2I31M2I17M11D29M1I21M5D58M17I8M
65	4040	0.521	5.806E-93	5	912	915	0	878	879	272M1I23M2D36M8D65M8I29M10D41M2D10M3D25M1I202M1I43M29I9M14I99M
80	3916	0.517	4.395E-90	42	914	915	1	930	931	235M1I53M7D29M1I16M3D10M16D37M1I42M3D61M2D17M15D175M1I37M1I14M3D8M13D43M5D82M5I4M
32	3904	0.512	8.348E-90	42	905	915	1	923	929	235M1I64M4D2M2D16M1I41M3D4M7D42M1D8M13D57M9D245M1I12M5D15M13D20M4D12M1D88M
104	3887	0.493	2.071E-89	0	914	915	0	935	938	44M32I201M1I64M4D2M2D16M1I46M8D11M7D45M1D19M8D14M9D262M1I19M4D7M14D35M5D85M6I4M
84	3853	0.512	1.276E-88	47	914	915	0	928	929	230M1I62M7D20M1I44M19D19M1I42M3D14M10D12M1D23M2D16M9D188M1I37M1I29M16D11M1I24M5D82M5I4M
128	3751	0.417	2.978E-86	0	914	915	0	875	876	5M1D265M2D30M20I10M2I20M1I11M6I17M2I6M4I25M13I14M1I9M15I50M9D1M4I93M1I8M2D138M1I4M5I32M23D9M2D81M3I9M
117	3717	0.383	1.834E-85	0	914	915	2	994	1003	266M3D37M22D42M1I18M5I146M8D27M2I89M1D122M1D16M3D7M5D29M9D6M39D92M5I5M
92	3589	0.383	1.719E-82	5	914	915	1	1083	1084	275M3D40M4D26M2D13M8D26M6D28M2D25M4D18M5D12M1D13M7D6M5D7M2D9M3D9M29D23M6D97M2D126M1I10M50D27M16D9M24D99M5I6M
122	3493	0.367	2.912E-80	7	895	915	6	961	1001	260M1I12M2D55M29D8M3I17M14I35M1D45M1I16M7I18M4I14M2I13M5I12M4I79M1D117M1D25M1D13M11D6M40D9M5D6M6D10M9D68M2D10M
110	3483	0.480	4.970E-80	90	914	915	0	877	880	186M1I65M4D2M2D16M1I107M9D7M3D13M12D8M9D262M1I18M3D3M15D39M5D87M6I3M
101	3447	0.381	3.406E-79	0	908	915	16	934	936	2M1I268M7I14M3I20M1I13M4I28M8I47M3I16M1I30M1I14M1I46M3D4M5D21M7D65M2D100M11D55M2I6M5D18M6D27M3D83M
8	3393	0.365	6.110E-78	4	914	915	6	1013	1016	263M2D61M15D3M10D19M1D16M2I26M2D33M1D35M7D22M1D37M12D34M5D79M2D168M6D9M17D13M22D77M1D4M5I5M
103	3380	0.444	1.224E-77	26	914	915	0	885	886	49M4I8M5I8M2I167M7I6M1D20M2D41M4I6M3I28M2I55M1I26M17D6M12I39M1D14M4D90M2D141M1D33M10D21M4D81M5I5M
81	3375	0.497	1.599E-77	39	823	915	7	820	885	238M1I53M7D7M1D22M1I56M9D36M3D10M1D23M7D21M9D251M1I17M9I25M4D14M
18	3363	0.319	3.038E-77	5	903	915	1	1242	1248	272M4D22M4I18M1D8M1D15M21D44M2D36M23D25M2D6M10D24M8D22M6D23M17D25M8D67M1I15M1D126M1I15M245D130M
126	3288	0.350	1.675E-75	6	904	915	10	806	808	96M2I162M1D12M3I28M22I11M32I8M12I30M8I41M13I9M22I9M17I6M12D133M1I37M2I27M4I18M4D42M11D11M10D38M2I41M
91	3278	0.364	2.858E-75	4	914	915	8	787	788	102M1D161M1D11M4D3M2I12M12I8M36I14M35I8M3I9M4I25M4I4M1I16M1I8M6I30M25I7M2I62M2I8M1D8M1D81M3I3M3I36M2I68M1I33M2D17M4D26M3I6M
114	3272	0.374	3.939E-75	5	903	915	5	923	929	215M1D45M3I3M4I5M1D30M1D57M1I49M7I77M8D11M2D29M8D71M2D87M5I11M3D63M3I45M17D78M
100	3258	0.352	8.326E-75	4	914	915	3	799	806	263M11I15M25I7M55I35M3I34M8I27M2I10M3I27M11I91M1D2M1D81M2D4M5I2M5D31M2D19M5I40M3D7M1D43M1D34M2I9M
98	3205	0.345	1.416E-73	1	914	915	9	775	776	105M1D160M4D13M2D9M15I28M16I17M4I11M11I11M22I6M6I24M34I13M35I9M2I63M2I14M1D2M1D74M1I9M6I33M2I14M2I54M1I32M2D22M4D24M3I5M
124	3204	0.362	1.494E-73	5	900	915	1	708	713	258M3D6M12D16M1I8M9I5M1I15M35I6M4D7M16I4M122I20M3I14M2I39M1D24M1I16M2D82M1I32M2I28M8I30M9I40M1D6M1I29M
97	3156	0.347	1.944E-72	1	914	915	22	780	786	105M1D160M4D15M28I14M24I8M15I11M25I5M25I23M7I8M9I47M8I12M2I62M3I14M1D2M1D84M6I33M2I14M3D32M2I20M4I34M1D16M2D23M8I4M
10	3123	0.337	1.135E-71	0	914	915	21	781	784	106M1D159M5D23M15I28M79I10M6I30M20I37M24I12M3I63M2I14M3D1M1I84M6I36M2I18M2I45M2I33M2D21M2D24M5I4M
120	3106	0.374	2.816E-71	0	905	915	2	753	764	104M2I171M7I9M15I16M28I6M12I6M31I9M11I38M2I3M1I25M5I5M4I10M4D19M2I8M5I37M2D35M1D7M1D47M2I18M1D49M4I6M2I11M10I21M18I7M1I32M1I44M
7	3096	0.345	4.806E-71	0	914	915	2	821	857	5M1D98M1D175M1I40M1I12M12I12M1I8M9I16M8I17M4I10M4I22M42I5M17I16M1I15M2I38M2D43M3D46M2I17M1D20M6I34M2I11M2I26M3D23M8D38M2D42M2I10M
95	3086	0.342	8.203E-71	5	914	915	1	713	720	97M2I172M7I17M101I15M11I37M20I16M9I6M18I20M2D34M2D44M2D49M2I18M1D51M6I14M16I38M4I32M1I41M7I5M
0	3078	0.349	1.258E-70	0	914	915	8	752	754	106M1D160M2D13M4D9M15I27M42I11M7I18M28I16M15I5M20I4M22I8M17I7M2I64M3I12M1D2M1D77M1D7M6I33M2I14M3D53M4I30M2D21M2D26M4I5M
40	3062	0.349	2.959E-70	0	903	915	1	745	776	104M1D162M64I8M22I6M1D12M28I18M4I21M11I23M13I5M15I13M4I18M2I38M2D37M3D4M1I47M2I18M1D13M3I2M4I26M3I63M5D11M2D40M2D39M
96	3059	0.318	3.474E-70	5	914	915	38	942	948	30M5I227M7D14M1I53M18I12M10I21M1D25M6I16M2I18M36D12M5I14M1D23M1D30M4D6M1D63M4I14M2D49M1I32M1I56M4D50M6I76M3I7M
87	3052	0.342	5.051E-70	1	903	915	3	738	770	100M1D167M9D9M1I14M9I11M27I4M39I10M5I18M32I9M37I5M5I24M18I6M2I38M2D42M2D47M2I17M1D16M7I27M3I52M3I15M6D39M2D43M
89	3046	0.353	6.961E-70	3	903	915	5	746	777	101M1D165M7I25M42I7M20I22M4I6M9I3M46I11M10I6M3I11M15I13M4I18M2I38M2D37M3D4M1I49M2I16M1D13M3I2M4I27M3I35M3D9M2D29M2D40M2D39M
1	3041	0.334	9.094E-70	0	914	915	0	773	787	267M6I45M28I13M51I11M11I7M8I12M8I4M28I16M22I13M1I26M1D14M2D39M1D3M1D49M2I16M2D14M2I9M1D23M8I22M2D7M1D44M3D32M1D4M2D5M7D10M8D2M3D21M1I11M
20	3027	0.336	1.922E-69	4	903	915	6	740	772	265M7I10M46I2M5D9M1I2M22I23M15I4M20I40M13I4M5I10M41I8M2I38M2D36M3D5M1I47M2I17M1D18M7I24M3I60M7D51M2D42M
88	3025	0.342	2.139E-69	3	903	915	5	738	770	262M10I10M59I19M5I23M15I10M9I19M2I11M54I13M12I13M3I39M2D37M3D4M1I49M2I12M1D19M7I26M3I60M7D54M2D39M
63	3006	0.344	5.908E-69	3	903	915	5	746	778	98M1D164M7I13M30I4M16I3M14I11M5I4M56I44M12I32M16I19M2I38M2D43M2D46M2I17M1D16M7I26M3I56M3D54M2D43M
2	2986	0.347	1.721E-68	1	913	915	6	780	781	104M1I55M1I110M5I15M3I27M5I25M28I8M22I15M4I19M3I8M63I9M6I5M1I45M1D33M1D18M2D41M1D11M1D6M4D65M4D8M10I32M4I9M4I32M3D11M5D12M3D19M3I8M
14	2971	0.354	3.837E-68	3	904	915	83	883	886	106M25I5M3I72M1D65M2I33M4I4M1I22M9I10M10I32M4I32M1D26M3I9M17I48M1D5M2I76M1D5M1D127M2I22M11I4M14I11M1D81M
125	2959	0.319	7.289E-68	5	899	915	27	805	813	272M2D19M13I20M12I21M3I12D12M19I19M14I45M15I31M21I5M9I61M13I130M2I10M3D9M1D18M10I17M3I72M
37	2957	0.319	8.111E-68	2	914	915	0	808	829	13M2D144M1I107M6D10M7I7M5I33M2I14M9I16M11D27M8I4M2I13M18I13M12I7M33I15M1I5M6I5M2I8M5I37M2D40M1D2M1D49M2I16M1D13M1I14M2D9M4I8M4I41M2D11M6I52M2D36M2I2M4I8M
36	2950	0.328	1.179E-67	2	913	915	0	807	829	12M2D145M1I107M6D10M7I7M5I33M2I14M9I11M13D3M2I27M1I11M3I9M24I10M12I7M33I10M5I10M2I4M5I7M2I39M2D40M1D2M1D49M2I16M1D13M1I14M2D9M4I8M4I19M5D3M12I12M1I25M4D35M4D3M2I34M2I2M4I7M
21	2755	0.363	3.973E-63	0	772	915	0	698	745	2M1I211M1D53M3I24M17I11M11I31M11I9M11I30M4I45M10I26M1I39M2I81M2D72M1I10M1I33M4I19M
123	2703	0.417	6.405E-62	44	735	915	0	713	715	222M3D27M6D50M3I17M8I36M2D27M3D26M13D14M7I35M1I32M11D152M1D21M2D14M
121	2522	0.324	1.021E-57	11	799	915	1	618	619	265M6D47M16I6M9I3M6I15M69I11M25I15M24I4M27I2M7D22M1D11M2D44M2D50M2I16M2D14M2I9M1D20M8I20M4I23M
12	2512	0.339	1.742E-57	4	822	915	1	670	675	263M3I35M3I35M53I12M4I12M27I13M22I35M10I14M1I5M2I27M1I6M2D35M1D7M1I4M2I45M2I17M1D13M5I5M1I33M6I10M10I40M
9	2313	0.290	7.270E-53	3	904	915	5	609	639	98M1D167M7I19M63I4M45I9M14I15M100I5M13D4M5I3M26I3M45I45M2I17M1D14M2I4M5I25M3I67M3D42M2D44M
11	2175	0.321	1.163E-49	0	783	915	0	582	596	40M27I2M5I201M5D18M8I20M71I4M71I5M16I60M4I25M1D14M2D37M1D5M1D49M2I16M2D14M2I8M3I22M4I31M
19	1877	0.219	9.652E-43	5	905	915	12	724	735	28M1D16M2D44M1I9M1I45M1D10M5D4M8D20M1I3M3D27M2D51M5D20M27I8M27I9M55I5M2I21M8I21M40I7M2I5M23I5M4I12M2D6M2D46M1I15M1I4M4D78M3D3M1D35M1I6M6I36M1I20M6I5M5I12M9I10M1D8M1I6M6I13M
90	1386	0.168	2.425E-31	0	900	915	0	690	697	33M1I14M5I53M1I36M3D7M2D11M1I23M1I21M1D6M13I4M1I40M22D14M24I12M54I17M8I7M30I18M18I6M32I13M31I36M3I3M2D10M1D22M5D38M1I3M5D7M3I18M2D19M14I16M1I13M18I14M2D11M1I23M1D3M2D5M1I10M1D12M1D10M1D15M1D16M
4	1321	0.175	7.832E-30	5	909	915	4	685	688	44M4I53M1I36M3D6M2D17M1I19M1I20M1D3M3D9M12I40M18I23M3I9M2I19M14I9M4I18M59I21M4I19M3D7M36I15M7I33M3I11M3D2M1D8M2I7M2D1M6D4M3I3M2I4M5D31M4D8M3I16M2D14M9I6M3I16M2I13M20I4M40I12M3I2M2I14M3D25M3D3M6I17M
129	1150	0.155	7.314E-26	10	897	915	0	646	656	23M1I9M35I3M2D4M1D21M1I36M3D7M2D11M1I20M1I24M1D6M13I4M1I43M30I15M46I3M14D8M53I44M61I19M3I30M3I12M2D6M1D8M1D7M3D26M1D22M2D1M2D9M3I16M2D16M8I6M3I17M4I10M1I9M5I58M1D17M8I9M1D13M1D15M
99	958	0.185	2.099E-21	5	635	915	17	449	450	28M1I11M5I56M1I36M3D4M1D14M1I23M1I24M1I4M11I5M2D38M9D16M16I9M1I15M8I14M8I7M7I17M60I10M88I8M4I2M5I22M3I14M4D2M2I5M2D2M2D10M2D12M
17	770	0.192	4.865E-17	9	570	915	3	596	985	22M2I25M3I14M1I4M1D25M1I37M3D26M9D19M1I18M12D7M1D16M10D31M2I8M9D21M5D30M2D42M7I13M2I68M1D15M2D80M4I18M
93	664	0.143	1.407E-14	11	569	915	13	690	803	32M3D7M10I33M1I12M1I38M4D2M3D16M2I4M1I13M2D26M1I3M3I6M2I6M20D134M6I16M104D85M5D46M5D28M4D4M4I17M
 21	5722	1.00	0.000E+00	0	744	745	0	744	745	745M
100	2992	0.397	5.740E-70	0	744	745	0	693	806	213M1I51M7I37M5I62M1I8M5I5M2I33M16I9M12I172M1D9M2D6M1D26M3D2M3D28M1I15M11I8M
91	2961	0.387	3.108E-69	0	744	745	5	684	788	103M1D110M1I58M10D9M5I53M7I28M29I7M10I6M6I19M7I11M2I74M2I90M1D8M2I4M3I33M2D11M3D9M4I5M2D11M6I12M
128	2909	0.377	5.286E-68	2	724	745	4	738	876	211M1I51M11D46M6I7M3I15M2I119M12D12M1I7M2D75M1I78M1D10M4I2M5D27M6D4M2I18M5I16M
98	2898	0.368	9.626E-68	0	744	745	9	670	776	105M1D108M1I57M3D11M25I12M7I13M1I43M5I9M4I9M26I12M7I24M3D66M2I97M5I38M2D17M2D3M4I12M1D3M8I11M
120	2894	0.400	1.197E-67	3	724	745	6	670	764	99M2I109M1I51M3D10M1D40M17I67M23I31M11I18M2I33M2D97M2I16M1D7M1D7M1D38M2I17M6I16M
97	2883	0.370	2.180E-67	2	744	745	24	681	786	103M1D108M1I58M8D10M1I6M1D28M4I15M11I22M34I16M19I21M6I12M3I64M3I90M1D10M5I35M2D13M5I3M3D14M2D4M11I8M
119	2834	0.346	3.148E-66	0	744	745	0	844	968	3M1D210M1I53M1I24M31D12M8D22M11D23M9D23M2D29M22D28M1I32M23D20M2D76M4I3M2D72M1D10M1D43M3D13M9I33M
0	2833	0.381	3.324E-66	0	724	745	9	632	754	105M1D108M1I58M12D4M4I13M1I23M4I21M22I5M31I9M24I15M14I5M5I7M1D67M3I88M1D5M1I3M3I38M2D13M5I20M
124	2830	0.393	3.914E-66	3	724	745	0	615	713	210M1I50M16D11M16I43M7D11M16I9M69I13M22I48M1D23M1I91M1D46M2D18M8I16M
38	2828	0.339	4.365E-66	4	744	745	5	831	969	209M1I53M1I24M31D18M1D30M9D26M10D12M10D32M19D10M13D44M3D20M11D74M1I5M1I72M1D10M3I3M4D37M3D8M2I3M12I11M8I11M
7	2821	0.379	6.392E-66	2	744	745	6	697	857	100M1D111M1I57M1I31M9I74M4I4M6I26M10I19M2I64M2D43M1D47M2I19M1D8M1D2M7I3M2D27M2D24M9I14M10I9M
94	2821	0.358	6.392E-66	0	744	745	0	796	924	2M1D211M1I51M8I9M7D10M9D15M14D21M8D12M11D40M5D10M13D2M5D9M6D48M5I29M2D72M1I8M1I72M1D10M1D33M4D6M1I16M9I13M9I11M
10	2814	0.391	9.360E-66	2	724	745	24	669	784	103M1D108M1I57M7D37M23I13M6I11M5I19M16I28M2I18M27I69M2I90M1D7M5I34M2D19M1D2M1D3M4I5M2D5M1I3M
62	2814	0.345	9.360E-66	4	744	745	5	810	931	209M1I51M4I13M3D8M9D19M5D15M2D28M10D36M3D15M28D64M3D17M11D74M4I3M2D72M1D10M1D40M3D16M9I21M2D12M
39	2814	0.340	9.360E-66	4	744	745	5	842	965	209M1I57M28D6M2D27M8D16M22D48M4D18M2I15M28D55M11D5M1D19M2D76M4I3M2D72M1D10M1D40M3D16M9I33M
131	2810	0.346	1.164E-65	4	744	745	5	768	896	209M1I66M1I9M9D70M1D63M1D38M18D21M2D76M4I3M2D72M1D10M4I2M5D37M3D12M4D23M13I7M
67	2808	0.343	1.298E-65	3	724	745	5	824	964	210M1I53M1I24M31D28M29D10M2D48M11D10M24D6M5D7M1D25M1D56M2D81M2I72M1D15M1D28M3D23M9I13M
72	2805	0.354	1.529E-65	4	720	745	5	823	958	209M1I61M1D34M18D12M6D16M13D17M4D13M8D6M12D8M7D5M21D7M1D44M5D45M4D81M2I72M1D50M3D15M1D19M
111	2804	0.337	1.614E-65	4	744	745	5	816	938	209M1I53M1I25M31D11M8D19M18D60M12D8M2D68M4D23M2D76M1I5M1I72M1D10M4I2M5D37M3D12M6D23M13I7M
117	2802	0.348	1.800E-65	1	744	745	4	833	1003	212M1I51M5D20M2D21M20D24M20D22M2D33M4I27M2D16M16D27M26D18M4D5M2D79M1I75M1D10M5I1M6D27M6D4M1I17M4I18M10I11M
48	2799	0.361	2.120E-65	0	744	745	0	801	899	2M1D211M1I51M4D12M10D9M13D16M4D34M2D34M1D43M9D40M4D12M5D17M2D79M3I1M1D72M1D10M1D33M4D20M1D32M2I11M
70	2795	0.373	2.636E-65	4	723	745	5	722	858	209M1I51M3D26M1I9M19D51M2D28M1I18M1I12M4I24M4I12M7I11M1I7M2D79M3I1M1D72M1D10M4I2M5D27M4D23M12I9M
108	2795	0.355	2.636E-65	4	724	745	5	802	928	209M1I61M30D65M11D31M4D20M11D6M18D5M2D56M6I4M2I13M2D72M1I8M1I72M1D10M4D2M3I35M3D12M5D26M
105	2795	0.343	2.636E-65	4	720	745	5	835	963	209M1I51M7I9M6D11M31D18M1D7M7D11M11D29M3D18M9D37M7D27M6D44M33D75M4I3M2D72M1D10M4I2M5D37M3D10M5D21M
113	2794	0.363	2.784E-65	0	724	745	0	786	915	2M1D211M1I53M3D10M11D10M17D46M11D9M11D31M4D24M1I2M5D13M2D6M4D23M1D41M2D78M3I1M1D72M1D10M1D33M4D19M12I14M
1	2793	0.386	2.939E-65	0	723	745	1	627	787	213M1I111M5I13M90I47M3D3M1I23M1D13M2D91M2I19M2D5M1D9M2D3M6I48M3I18M
47	2792	0.370	3.104E-65	2	720	745	3	707	820	211M1I51M3D14M3I10M13I52M7I23M5D3M3I4M1I54M4D31M5D78M3I1M1D72M1D10M4I2M5D4M4D43M1I4M6I10M
122	2792	0.343	3.104E-65	0	744	745	0	789	1001	213M1I58M14D50M39D28M4D56M1D22M2D20M1D116M1I72M1D10M3I1M4D29M2I7M7D9M3D6M7I10M17I7M
115	2789	0.345	3.655E-65	0	744	745	1	848	982	213M1I53M1I19M9D11M15D14M2D9M16D8M33D31M5D12M2D25M2I36M10D44M14D4M13D80M2I72M1D10M4I1M5D27M4D24M8I14M8I12M
3	2783	0.371	5.069E-65	4	723	745	5	750	882	209M1I59M14D16M7D20M1D35M8D8M2D28M2D5M5I50M5D18M1I23M2D79M3I1M1D72M1D10M4I2M5D27M4D22M12I10M
25	2779	0.335	6.303E-65	0	744	745	1	832	970	213M1I51M3I14M2D10M31D18M1D16M25D13M4D64M22D59M10D21M15D75M4I3M2D72M1D10M5I1M6D37M3D13M9I9M13I11M
44	2776	0.374	7.423E-65	0	723	745	0	750	886	2M1D211M1I76M10D26M10D22M10D14M2D28M2D5M5I49M2I34M6D7M2D79M3I1M1D72M1D10M3I3M4D4M4D45M12I10M
118	2776	0.341	7.423E-65	0	744	745	0	844	978	3M1D210M1I64M30D37M7D13M11D40M2D4M14D44M1D11M45D55M2D79M3I1M1D72M1D30M6D18M1I16M4D2M10I11M10I10M
126	2775	0.381	7.839E-65	6	720	745	11	666	808	95M2I110M1I52M3D9M5I12M4I5M5I22M5I52M18I10M15I14M11I15M6D12M8D83M2I49M1I22M1D11M1I55M7I10M
61	2772	0.349	9.231E-65	3	744	745	4	811	933	210M1I56M28D7M2D33M1D28M8D11M22D69M1D65M8D75M1I5M1I72M1D10M4I2M5D37M3D12M4D23M10I10M
74	2770	0.346	1.029E-64	6	720	745	1	804	926	207M1I61M1D40M1D43M19D18M2D20M10D5M3D20M2D8M26D19M5D20M8D15M12D80M2I72M1D11M1I38M2D15M1D19M
50	2767	0.361	1.212E-64	0	724	745	0	770	906	2M1D211M1I51M3D12M11D9M15D16M2D13M6D18M1D20M9D27M2D8M3D63M3D31M2D79M3I1M1D72M1D10M4I2M5D27M4D17M3I3M12I10M
112	2765	0.352	1.352E-64	0	744	745	0	832	971	3M1D210M1I51M7I9M6D11M31D19M1D29M28D12M1D16M1D22M1D22M13D51M31D19M2D76M1I5M1I72M1D10M1D40M3D10M1I6M8I8M14I11M
116	2763	0.366	1.507E-64	2	725	745	3	780	893	211M1I51M3D40M14D13M1I19M19D14M2D15M2I17M1I29M5D37M9D30M2D78M3I1M1D72M1D10M3I3M4D26M4D44M1D3M
49	2760	0.365	1.775E-64	0	720	745	0	727	862	2M1D211M1I59M10D56M1I40M4D16M2I31M1I38M1I23M2D79M3I1M1D72M1D10M4I2M5D27M4D24M8I9M
22	2760	0.349	1.775E-64	3	720	745	4	815	958	210M1I53M3I12M2D19M9D6M14D21M6D12M7D18M12D11M5D34M29D79M15D81M2I72M1D10M1D40M3D11M2D5M6I12M
87	2759	0.361	1.874E-64	2	744	745	5	635	770	97M1D114M1I58M1D5M7D13M21I8M14I13M3I13M3I16M22I9M5I11M16I8M20I49M2D93M2I16M1D8M1D4M6I29M1D25M7I13M6I15M
29	2759	0.338	1.874E-64	0	744	745	1	832	970	213M1I53M1I24M31D15M1D19M25D13M4D62M22D61M23D20M2D76M1I5M1I72M1D10M5I1M6D37M3D13M9I9M13I11M
102	2758	0.340	1.979E-64	4	744	745	5	830	964	209M1I53M1I24M31D20M10D5M28D15M15D40M5D21M6D11M3D26M1D52M2D79M3I1M1D72M1D10M1D41M3D15M9I14M8I11M
130	2758	0.355	1.979E-64	4	724	745	5	854	983	209M1I60M10D21M16D23M11D3M27D26M6D35M18D50M18D7M1D23M9D20M4D79M3I1M1D72M1D10M3I3M4D26M4D19M5D11M1D16M
13	2756	0.364	2.207E-64	0	726	745	0	758	894	2M1D211M1I59M14D18M6D15M6D6M6D25M8D15M4D17M1I15M2I96M2D78M3I1M1D72M1D10M4I2M5D27M4D17M3I3M12I12M
52	2756	0.350	2.207E-64	2	724	745	3	776	913	211M1I51M3D72M2I5M1I26M1I34M5D42M10D28M27D7M16D78M3I1M1D72M1D10M4I2M5D27M4D23M9I13M
31	2756	0.342	2.207E-64	4	744	745	5	832	970	209M1I53M1I24M31D15M1D19M25D13M4D62M22D61M23D20M2D76M1I5M1I72M1D10M5I1M6D37M3D7M1I5M8I10M13I11M
75	2751	0.346	2.899E-64	4	744	745	5	832	970	209M1I51M4I13M3D10M31D18M1D21M33D55M2I25M13D26M1D23M29D20M2D76M1I5M1I72M1D10M1D40M3D15M14I10M8I11M
127	2751	0.357	2.899E-64	6	724	745	50	887	1013	207M1I61M1D33M17D21M13D9M7D16M4D15M8D6M10D8M4D29M23D46M13D21M1D4M11D78M3I1M1D72M1D42M4D7M1I13M6D25M
109	2750	0.353	3.061E-64	0	724	745	0	795	915	2M1D211M1I78M29D12M2D7M6D12M2D22M8D7M2D24M11D19M6D33M5D54M3D79M3I1M1D72M1D10M1D33M4D24M7I14M
41	2749	0.357	3.232E-64	2	744	745	3	821	924	211M1I51M3D72M2I25M2I35M13D6M4D21M21D23M23D16M10D15M6D79M3I1M1D72M1D10M4I2M5D27M4D20M2D13M1I16M4I11M
14	2747	0.406	3.605E-64	2	723	745	83	797	886	107M25I4M3I129M2D6M14D14M2D61M8D34M3I10M1D14M1I12M6I46M3D160M1D14M1D36M2D13M1I6M2I15M
28	2747	0.351	3.605E-64	0	744	745	1	838	971	213M1I53M1I24M31D18M1D16M24D14M6D16M2I10M4D20M2I12M3D8M16D11M10D27M10D10M5D5M1D19M2D76M1I5M1I72M1D10M5I1M6D34M3D16M9I14M8I11M
76	2746	0.354	3.806E-64	2	723	745	3	791	925	211M1I76M10D68M21D39M2D26M16D18M6D35M3D9M16D76M3I1M1D72M1D10M4I2M5D27M4D17M2D6M12I9M
27	2746	0.344	3.806E-64	4	744	745	5	832	970	209M1I53M1I24M31D18M1D16M25D13M4D61M21D7M1D55M23D20M2D76M1I5M1I72M1D10M5I1M6D37M3D13M9I9M13I11M
30	2746	0.343	3.806E-64	4	744	745	5	839	972	209M1I66M1I11M31D18M1D30M9D36M5D9M5D17M2D15M23D47M18D20M16D74M1I5M1I72M1D10M4I2M5D34M3D10M1I6M8I14M8I11M
15	2746	0.344	3.806E-64	4	744	745	41	852	983	209M1I59M1D9M11D13M10D9M6D31M7D27M3D25M4D9M11D8M21D47M10D29M3D83M2I72M1D50M3D11M2D5M8I14M11I9M
42	2745	0.351	4.020E-64	2	723	745	3	804	933	211M1I78M27D16M11D11M13D18M1D14M1D19M2D23M2D25M4D19M4D16M10D32M1D75M4I4M2D69M1D10M1D33M4D22M1D22M
23	2743	0.345	4.482E-64	2	724	745	3	797	935	211M1I86M9D8M22D47M3D22M25D10M1I58M9D39M11D75M4I4M2D69M1D10M1D40M4D17M9I12M
26	2743	0.340	4.482E-64	4	744	745	5	832	970	209M1I51M3I14M2D10M31D18M1D17M25D12M4D62M22D61M23D20M2D76M1I5M1I72M1D10M5I1M6D37M3D13M9I9M13I11M
53	2742	0.340	4.733E-64	0	744	745	1	826	964	213M1I51M4I14M3D7M9D18M10D37M22D21M12D10M5D11M5D24M12D5M1D24M1D9M1D13M8D10M5D12M11D74M1I5M1I72M1D10M3I3M4D34M3D15M14I10M8I11M
16	2742	0.358	4.733E-64	4	721	745	39	846	978	209M1I54M5I8M4D12M23D7M21D19M12D75M5D8M14D17M1I17M7D37M3D9M3D80M2I72M1D50M3D12M3D23M
35	2740	0.356	5.279E-64	0	723	745	0	802	929	2M1D211M1I59M14D13M15D22M19D2M1D17M7D13M3D33M4D51M8D46M4D12M2D79M3I1M1D72M1D10M4I2M5D26M4D28M2I15M
107	2739	0.341	5.574E-64	4	744	745	5	837	969	209M1I51M7I7M6D13M31D18M1D9M2D8M14D20M15D34M2D25M18D56M23D20M2D76M1I5M1I72M1D10M3I3M4D37M3D12M9I15M8I11M
46	2737	0.358	6.216E-64	0	724	745	0	787	926	2M1D211M1I59M14D13M15D19M2D7M4D22M4D23M8D23M2D44M11D20M4D38M2D79M3I1M1D72M1D10M4I2M5D27M4D24M7I14M
85	2737	0.341	6.216E-64	0	744	745	1	832	970	213M1I53M1I24M31D19M1D16M24D8M1D4M4D73M19D9M10D50M7D13M11D74M4I3M2D72M1D10M5I1M6D34M3D16M9I9M13I11M
86	2735	0.337	6.932E-64	4	744	745	5	832	970	209M1I51M7I9M6D11M31D19M1D15M23D13M6D62M22D61M23D20M2D76M4I3M2D72M1D10M5I1M6D37M3D12M14I10M8I11M
6	2733	0.339	7.730E-64	0	744	745	1	832	970	213M1I51M3I14M2D10M31D18M1D15M8D14M21D62M22D61M10D22M15D74M1I5M1I72M1D10M5I1M6D34M3D16M9I9M13I11M
36	2732	0.374	8.163E-64	3	725	745	2	697	829	10M2D145M1I54M1I55M9D5M10I56M8I6M21D28M17I24M14I8M1I30M3I42M2D90M2I19M1D7M1D3M7I9M5D42M3I7M1I15M
64	2731	0.341	8.620E-64	4	744	745	5	835	968	209M1I64M30D32M1D19M18D32M1D7M1D8M5D11M5D23M12D30M9D4M1D7M20D31M2D76M1I5M1I72M1D10M4I2M5D34M3D11M1I5M8I14M8I11M
24	2729	0.332	9.612E-64	4	744	745	5	832	970	209M1I53M1I24M31D18M1D16M25D13M4D62M22D61M23D20M2D76M1I5M1I72M1D10M5I1M6D37M3D12M14I10M8I11M
45	2727	0.354	1.072E-63	2	720	745	3	792	927	211M1I51M3D56M3D31M5D7M37D21M2D4M1D17M7D28M2D41M14D12M2D79M3I1M1D72M1D10M4I2M5D27M4D23M8I10M
66	2725	0.343	1.195E-63	2	723	745	3	784	923	76M1D135M1I86M9D20M2D15M1D28M12D40M26D14M16D34M1I108M4I4M2D69M1D10M1D33M4D22M1D2M10I10M
78	2722	0.355	1.408E-63	0	724	745	0	805	940	2M1D211M1I76M9D28M11D15M20D44M8D10M1D67M21D13M4D8M3D10M6D76M3I1M1D72M1D10M1D33M4D16M3D8M9I12M
51	2721	0.358	1.486E-63	4	724	745	5	805	932	209M1I59M14D13M15D19M2D7M4D22M4D23M8D23M2D10M13D4M1D30M11D20M4D38M2D79M3I1M1D72M1D10M3I2M5D9M1I18M4D17M2D9M5I14M
8	2721	0.331	1.486E-63	1	724	745	4	851	1016	212M1I51M10D5M2D4M10D56M5D31M12D16M20D20M11D24M15D28M27D15M10D19M2D154M1D10M1D33M4D17M5I23M
69	2720	0.356	1.570E-63	2	724	745	3	798	924	211M1I51M1D15M1I9M10D28M17D8M20D47M1D17M7D36M12D23M2D33M4D79M3I1M1D72M1D10M1D34M4D19M3I22M
71	2719	0.348	1.658E-63	6	723	745	19	798	934	207M1I51M3D56M3D25M1I24M8D11M16D4M8D24M18D60M5D12M11D79M3I1M1D72M1D10M4I2M5D27M4D23M12I9M
37	2717	0.371	1.848E-63	3	744	745	2	701	829	11M2D144M1I54M1I55M9D5M10I56M8I6M21D27M10I6M7I19M14I8M1I22M3I50M2D90M2I19M1D8M1D2M7I9M5D40M11I17M8I11M
57	2717	0.356	1.848E-63	2	725	745	3	812	931	211M1I79M2D32M2D46M2D23M18D15M2D16M26D50M18D8M9D78M3I1M1D74M1D8M4I2M5D27M4D20M3D23M1D3M
34	2717	0.338	1.848E-63	0	744	745	1	832	970	213M1I51M4I13M3D10M31D19M1D15M23D13M6D79M7D19M7D46M33D75M4I3M2D72M1D10M5I1M6D34M3D16M9I9M13I11M
65	2714	0.341	2.177E-63	6	724	745	2	789	879	207M1I61M1D23M27D10M12D32M3D23M6D21M19D27M2D34M4D8M7D25M2D4M2D79M3I1M1D72M1D44M5I5M1I11M8I14M
63	2713	0.354	2.299E-63	0	744	745	3	640	778	100M1D113M1I56M18I8M16I18M2D11M13I30M4I22M21I25M18I47M2D91M2I19M1D6M1D5M6I29M1D25M7I14M9I11M
5	2713	0.339	2.299E-63	4	744	745	5	832	970	209M1I51M4I13M3D10M31D18M1D16M25D13M4D62M22D61M23D20M2D76M1I5M1I72M1D10M5I1M6D37M3D13M9I9M13I11M
56	2708	0.342	3.019E-63	2	724	745	3	798	931	211M1I59M14D13M15D25M1D15M4D47M2D49M13D15M6D20M9D28M16D76M3I1M1D72M1D10M4I2M5D14M4D35M10I13M
33	2708	0.331	3.019E-63	4	744	745	5	832	970	209M1I51M3I14M2D10M31D18M1D29M29D62M22D61M23D20M2D76M4I3M2D72M1D10M5I1M6D37M3D12M14I10M8I11M
58	2704	0.353	3.754E-63	0	724	745	0	763	889	2M1D211M1I51M3D56M3D25M1I24M8D16M1I9M4D11M13D75M16D78M3I1M1D74M1D8M4I2M5D27M4D23M10I12M
106	2704	0.329	3.754E-63	0	744	745	1	832	970	213M1I51M7I8M6D12M31D18M1D16M19D47M10D28M22D56M10D27M15D74M4I5M2D70M1D10M5I1M6D34M3D16M9I9M13I11M
59	2704	0.339	3.754E-63	5	725	745	7	863	982	208M1I51M8I9M7D10M2D59M10D8M21D28M10D23M5D4M4D29M6D22M1D13M1D4M71D78M4I3M2D70M1D11M1I7M1D24M4D21M4D25M
54	2698	0.347	5.205E-63	0	720	745	0	788	923	2M1D211M1I51M2D9M9D18M20D20M8D14M1D27M9D27M2D4M1D17M4D69M14D12M2D79M3I1M1D72M1D10M4I2M5D27M4D23M8I10M
43	2697	0.353	5.497E-63	2	724	745	3	799	931	211M1I51M3D25M7D21M27D17M18D12M3D33M4D24M10D56M6D29M2D79M3I1M1D72M1D10M1D33M4D22M9I14M
77	2682	0.353	1.245E-62	2	724	745	3	796	925	211M1I78M31D19M5D13M7D54M3D46M5D17M1D24M17D14M2D3M2D79M3I1M1D72M1D10M4D2M2I10M1I25M4D19M5I14M
83	2669	0.355	2.528E-62	4	724	745	29	820	947	2M1D207M1I51M4D12M10D9M14D21M1D17M1D20M8D18M20D11M4D15M2D7M1D29M11D27M2I29M2D79M3I1M1D72M1D10M4I2M5D3M4D46M1D2M10I11M
82	2665	0.340	3.143E-62	6	725	745	33	821	947	207M1I51M4D12M10D18M18D29M1D20M8D18M20D11M4D20M3D35M2I51M9D80M3I1M1D72M1D10M4I2M5D4M4D47M9I13M
68	2662	0.363	3.702E-62	21	720	745	17	765	901	11M2I179M1I61M1D12M29D28M8D22M1D17M4D22M1D10M8D42M3I20M1I30M1D79M3I1M1D72M1D53M3D9M5D9M4I9M
92	2661	0.330	3.909E-62	3	694	745	0	852	1084	210M1I63M1D5M2D25M20D53M4D5M13D19M61D7M16D26M1D44M8D15M29D6M2D158M1D8M1I2M2D36M3D8M
20	2651	0.360	6.741E-62	1	744	745	4	633	772	212M1I52M10I7M6I11M1D28M10I45M49I22M23I44M2D90M2I19M1D7M1D5M6I29M1D19M1I8M4I15M8I11M
40	2650	0.361	7.118E-62	0	744	745	2	645	776	103M1D110M1I52M8I13M6D8M4D8M5I35M1I8M16I5M12I3M2I4M13I12M20I10M26I5M1D41M2D90M2I19M1D8M1D4M6I29M1D22M2D25M8I11M
96	2649	0.345	7.517E-62	3	744	745	37	855	948	29M2I2M1I7M2I167M1I61M8D36M3D15M2D20M4D38M5I30M55D38M4D22M5D4M3D63M4I65M1I21M1D19M4D44M3D4M3D13M5D9M7I12M
89	2640	0.363	1.227E-61	1	744	745	4	632	777	102M1D110M1I52M8I9M10I35M25I22M1D20M3I3M32I32M15I41M2D90M2I19M1D7M1D5M6I29M1D18M3I4M10I12M7I12M
88	2634	0.369	1.702E-61	2	723	745	5	616	770	211M1I53M5I29M3I19M9I19M11I23M46I9M5I10M20I46M2D90M2I19M7I9M2D5M1D26M1D25M7I13M
60	2632	0.317	1.898E-61	3	744	745	0	861	994	11M2D16M10D7M3D176M1I51M8I9M7D8M13D43M6D12M28D21M3D7M18D13M2D3M16D8M12D43M2D33M3D10M23D78M3I1M1D72M1D43M6D5M2I16M11I11M11I9M
18	2631	0.332	2.004E-61	3	744	745	0	888	1248	210M1I55M4D33M19D24M2D5M38D20M5D6M1D5M4D28M3D23M25D32M4D19M18D11M8D4M21D5M17D63M1I16M1I72M1D10M3I2M4D36M3D15M11I11M13I7M
73	2625	0.351	2.780E-61	22	744	745	2	801	933	191M1I53M3I12M2D10M31D11M4D9M3D25M1D18M10D14M2D6M5D24M21D46M1D38M16D80M2I72M1D46M2D21M7I15M9I10M
95	2619	0.363	3.855E-61	3	744	745	0	631	720	98M2I110M1I60M7I18M18I63M18I4M5I12M52I10M6D36M2D97M2I16M1D7M1D8M3I2M4D32M2I18M4I17M10I10M
125	2606	0.336	7.828E-61	3	724	745	26	712	813	210M1I91M8I5M12I14M3I15M17D25M1I17M2I9M4I12M1D18M6I25M4I58M4I6M11I76M1D7M5I1M6D27M4D5M2I11M1I26M
12	2581	0.352	3.057E-60	3	744	745	1	659	675	209M1I53M2I7M1I44M10I26M36I55M5I23M1I33M1I7M2D35M1D5M5I51M2I17M1D5M1D7M4I7M1I27M2I18M9I14M8I11M
101	2565	0.320	7.310E-60	0	724	745	16	810	936	213M1I51M9I5M2D34M18D35M5D41M1D8M9D62M6D27M24D58M2D19M2I72M1D13M3D2M9D35M4D5M3D12M5I16M
121	2561	0.360	9.090E-60	10	720	745	1	617	619	203M1I54M8D14M2I6M3I17M5I25M14D11M80I15M19I5M13I2M7D22M1D10M2D94M2I19M2D7M1D7M1I6M2I6M1I59M
2	2547	0.346	1.949E-59	3	744	745	9	679	781	101M1I55M1I52M1I51M5I22M1I25M23I7M3I35M5I22M4I18M28I18M1I36M1D47M1D47M1D11M1D6M2D3M2D7M1D10M1I2M2D29M9D6M1I15M9I14M7I12M
81	2533	0.343	4.180E-59	38	723	745	7	790	885	175M1I53M1I24M31D18M1D37M9D19M10D9M10D30M11D11M1D39M16D10M1D18M16D75M1I5M1I72M1D10M4I1M5D38M3D13M9I12M
55	2529	0.339	5.198E-59	4	724	745	5	767	893	109M1I99M1I78M3D34M3D53M1I9M5D32M2D21M18D23M15D5M17D15M16D76M3I1M1D10M1I48M1I15M1D7M1D12M15I9M6I14M9I9M2I2M
114	2513	0.323	1.243E-58	0	723	745	1	795	929	265M8I10M2D36M7D12M4D15M20D8M23D21M11D76M11D16M7D16M2I57M2D21M2I66M5I3M3D8M2D18M4D33M8I18M
80	2492	0.328	3.903E-58	41	744	745	1	794	931	171M1I62M1D34M36D20M45D33M17D30M3D16M3D37M2D7M3D30M3D81M2I72M1D43M3D22M14I8M10I11M
32	2467	0.336	1.524E-57	41	744	745	1	791	929	171M1I62M1I16M31D18M1D29M29D65M22D58M23D21M2D75M1I5M1I72M1D11M1D42M3D13M9I9M13I11M
84	2425	0.323	1.503E-56	49	744	745	3	799	929	163M1I62M1D34M36D28M1D18M24D26M2D44M4D56M2D2M48D80M2I72M1D53M3D13M9I13M9I11M
104	2373	0.317	2.556E-55	4	744	745	5	800	938	38M32I139M1I53M1I24M31D18M1D29M29D79M7D21M2D23M36D21M2D75M4I3M2D72M1D10M5I1M6D37M3D13M9I9M13I11M
79	2327	0.344	3.135E-54	53	724	745	2	754	889	160M1I76M9D21M6D14M5D8M20D46M11D5M1D3M12D31M4D18M11D35M3D14M2D76M3I1M1D72M1D10M1D33M4D23M6I16M
11	2307	0.335	9.321E-54	3	724	745	4	594	596	38M32I140M1I54M5D20M21I54M40I16M12I9M26I17M1I23M1D10M2D94M2I19M2D8M1D6M4I54M2I8M1I10M
123	2303	0.357	1.159E-53	43	665	745	0	713	715	170M1I51M7I9M4D31M9D11M1D53M13D31M12D4M3D15M16D15M20D23M1D21M17D78M2I66M1D6M1D12M3D17M
103	2252	0.318	1.867E-52	25	720	745	0	744	886	49M4I18M7I110M1I51M7I9M1D11M10D15M11D56M1I35M1D33M38D19M5D29M2I1M10D156M1D17M1D33M4D8M3I3M8I10M
110	2132	0.328	1.291E-49	89	720	745	0	731	880	124M1I51M3I14M2D10M31D19M1D14M8D14M21D60M21D7M1D56M23D21M2D75M4I3M2D72M1D10M4I1M5D38M3D13M9I9M
9	1975	0.292	6.703E-46	2	744	745	5	515	639	98M1D112M1I56M9I16M10I15M19I12M146I4M17I3M23I1M17D6M17I45M2I18M1D8M1D4M6I29M1D25M5I10M2D26M
19	1813	0.229	4.571E-42	3	744	745	11	650	735	28M1D15M4D6M2I38M1I12M1I41M1D11M5D4M8D19M1I4M3D28M1D58M9D16M7I30M12I15M12I4M4I12M59I5M24I9M4I11M2D5M2D49M1I11M1I7M2D70M1D7M3I3M8D39M3D12M7I10M2I4M11I7M
4	1321	0.203	2.010E-30	0	684	745	0	599	688	48M4I54M1I36M3D3M2D19M1I19M1I20M1D5M2D8M12I39M1D16M5I32M11I35M1I17M47I11M9I23M5I11M3D12M1I4M1D6M3I16M3D2M1D8M2I8M3I3M4D16M4D3M1D23M2D11M1I16M1D2M1D7M1D3M8I27M1I6M
90	1285	0.167	1.429E-29	0	723	745	0	584	697	6M1D26M1I9M1D3M6I55M1I38M5D17M1I21M1I21M1D6M14I4M1I37M24D53M1D8M49I9M17I14M64I39M3I3M2D10M1D24M2D5M1D37M4D9M3I17M2D8M1D4M5I5M5I25M3I11M1I5M10I10M
129	1124	0.172	9.230E-26	14	724	745	5	552	656	18M1I9M35I3M2D4M1D22M1I38M5D17M1I21M1I21M1D6M14I4M1I37M2D11M33I7M17D27M2I14M10I9M89I2M2D17M4D16M1I4M1D6M3I12M2D6M1D8M1D10M1I15M3D32M4D9M3I15M2D10M1D4M5I2M2I8M3I21M3I5M6D10M9I13M
99	1079	0.207	1.072E-24	4	568	745	17	448	450	28M1I14M5I52M1I38M3D3M1D14M1I23M1I24M1I6M1D9M11I32M10D10M44I26M13I20M18I6M33I11M18I3M1I10M1I39M3I9M3D4M1D32M
17	762	0.182	3.404E-17	8	499	745	3	536	985	20M2I13M1D8M4I19M1I4M1D26M1I38M2D3M1D21M9D19M1I18M12D24M10D31M2I11M14D29M2I54M1D8M1D24M4D51M1I57M
93	621	0.141	7.392E-14	0	499	745	1	630	803	10M2D34M7I40M1I17M1I34M3D3M4D13M2I6M1I18M2D24M7D11M6D36M5I15M5D59M7D36M102D13M1I19M1D5M7D30M2D59M
 82	6855	1.00	0.000E+00	0	946	947	0	946	947	947M
83	6066	0.891	0.000E+00	0	946	947	0	946	947	22M1I304M2I42M1I168M2D6M1D32M1D369M
48	5656	0.838	0.000E+00	30	946	947	5	898	899	2M1I296M3I83M5I58M4I32M4I19M6I33M1D272M1I98M
76	5369	0.771	0.000E+00	28	946	947	3	920	925	4M1I299M1I46M3D32M2I30M4I91M4I16M5D10M1D11M1D232M3D40M2I94M
51	5353	0.758	0.000E+00	28	945	947	3	925	932	4M1I299M1I40M2D39M1I30M4I23M1I73M3D14M2D19M5D238M3D36M2I93M
56	5314	0.755	0.000E+00	30	946	947	5	926	931	2M1I299M1I18M2I23M4D36M1I30M4I83M1I15M3D13M5D9M1D7M1D232M3D45M2I93M
71	5283	0.741	0.000E+00	15	944	947	2	927	934	16M1I300M1I43M5D36M3I28M4I23M1I35M7I45M5D10M1D9M1D227M3D47M2I92M
43	5280	0.763	0.000E+00	30	946	947	5	926	931	2M1I299M1I44M4D35M1I3M1I24M4I103M1D10M5D13M1D6M1D233M3D41M2I94M
54	5265	0.755	0.000E+00	30	946	947	5	918	923	2M1I299M1I43M6D36M3I28M4I23M1I35M7I45M5D10M1D9M1D227M3D47M2I94M
69	5262	0.753	0.000E+00	30	946	947	5	919	924	2M1I299M1I38M6I32M3I31M4I41M1D23M1D33M3D14M5D13M1D6M1D229M4D4M1I40M2I94M
41	5252	0.730	0.000E+00	30	944	947	5	917	924	2M1I295M4I28M1I15M4D36M1I31M5I21M1I73M2D15M5D18M2D274M2I92M
50	5245	0.747	0.000E+00	30	945	947	5	902	906	2M1I299M1I44M4D35M3I28M4I22M11I12M10I56M5D13M1D5M1D228M3D47M2I93M
35	5228	0.748	0.000E+00	28	946	947	3	925	929	4M1I299M1I30M1D13M4D30M1I12M1I19M4I35M3I32M3I32M3D14M5D9M1D7M1D231M4D42M2I90M1D4M
109	5215	0.751	0.000E+00	30	944	947	5	913	915	2M1I299M1I43M4D36M1I30M4I65M1D302M2D38M6I87M
45	5213	0.753	0.000E+00	30	946	947	5	922	927	2M1I299M1I43M5D36M3I28M4I23M1I26M2I59M5D10M1D9M1D227M3D47M2I94M
57	5211	0.738	0.000E+00	30	945	947	5	924	931	2M1I297M2I44M5D35M1I33M4I8M1D114M1D6M4D237M3D37M2I93M
46	5195	0.736	0.000E+00	30	944	947	5	918	926	2M1I299M1I40M2D39M1I30M4I21M17I8M2D51M3D14M2D18M5D234M1I40M2I64M12D28M
13	5188	0.737	0.000E+00	30	946	947	5	889	894	2M1I299M1I43M1I34M1I28M7I23M1I6M9I12M7I25M1I13M3I10M3I16M2D234M3D41M2I94M
3	5157	0.726	0.000E+00	28	946	947	3	881	882	4M1I299M1I21M2I6M2I5M9I28M1I36M4I23M1I38M4I4M1I12M1I6M14I255M3D45M2I94M
113	5150	0.735	0.000E+00	30	944	947	5	907	915	2M1I299M1I38M2I39M1I32M4I60M4I58M1D6M6D275M6I87M
49	5124	0.723	0.000E+00	30	946	947	5	857	862	2M1I299M1I21M2I6M2I5M9I28M1I36M4I25M25I12M4I4M1I12M1I6M14I255M3D45M2I94M
52	5119	0.727	0.000E+00	30	946	947	5	903	913	2M1I299M1I21M4I19M4D35M1I30M4I20M4I38M4I4M1I12M1I6M6I12M1I20M5D227M3D48M2I94M
77	5110	0.721	0.000E+00	30	946	947	5	917	925	2M1I299M1I42M5D34M2I34M4I16M1I30M1D307M2D7M1I41M2I93M
44	5099	0.728	0.000E+00	30	946	947	5	881	886	2M1I299M1I21M2I6M2I5M9I28M1I36M4I23M1I38M4I4M1I12M1I6M14I252M3D48M2I94M
42	4994	0.700	0.000E+00	28	946	947	3	932	933	4M1I287M3I51M3I38M2I20M1I37M1I13M1I63M12D263M7D4M4D127M
70	4990	0.693	0.000E+00	28	946	947	3	853	858	4M1I298M17D6M38I37M3I28M4I22M47I42M5D10M1D9M1D226M3D48M2I94M
78	4989	0.700	0.000E+00	30	946	947	5	939	940	2M1I287M2I50M3D43M2I20M1I38M1I12M1I54M1D25M8D11M3D226M10D14M1D127M
58	4951	0.724	0.000E+00	30	946	947	5	884	889	2M1I299M1I43M5D36M3I28M4I8M25I19M9I50M5D10M1D9M1D220M1D3M5I46M2I94M
116	4933	0.710	0.000E+00	30	945	947	5	890	893	2M1I299M1I38M1I8M3I23M1I7M4I27M4I55M4I9M2I12M12I15M6D22M1D257M1D15M6I20M1D68M
23	4911	0.691	0.000E+00	30	946	947	5	934	935	2M1I297M2I43M3I39M2I18M1I37M1I12M1I62M12D31M1D234M7D4M4D127M
47	4864	0.690	0.000E+00	28	944	947	3	812	820	4M1I299M1I46M1D33M1I6M1I21M9I5M7I13M27I8M19I20M21I237M3D24M20I7M4I83M
66	4824	0.669	0.000E+00	30	946	947	5	922	923	2M1I75M1D212M2I48M11I34M2I20M1I37M1I13M1I70M5D13M3D243M7D4M4D127M
130	4788	0.629	0.000E+00	30	946	947	5	982	983	2M1I268M1I23M2D37M1D15M5D54M7D24M6D57M2D15M5D16M1I18M4D14M15D240M17D131M
55	4560	0.668	0.000E+00	28	946	947	3	888	893	4M1I105M1I193M1I44M5D17M2I14M1I32M4I24M1I26M3I19M4I35M13D20M1D94M1I49M1I43M16I9M13I46M2I58M1I35M
79	4533	0.684	0.000E+00	79	946	947	1	888	889	241M2I50M3D43M2I20M1I38M1I12M1I61M12D30M1D224M7D15M4D127M
115	4350	0.547	1.557E-100	28	942	947	3	977	982	4M1I265M5I5M4D20M2D42M6D62M6D27M3D28M1D25M1D14M5D43M8D9M10D238M19D28M1D99M
59	4349	0.549	1.643E-100	28	946	947	3	978	982	273M1I30M2D26M6D78M5D14M8D45M4D17M1D8M5D21M7D3M17D18M1D189M1I55M3D140M
33	4334	0.522	3.675E-100	30	941	947	5	963	970	2M1I268M2I3M1D31M1I16M4D35M1I26M1I30M12D29M1I20M3D19M2D36M16D237M1I14M12D12M6D39M1I86M
15	4329	0.536	4.805E-100	0	940	947	0	977	983	20M10D272M1I45M2I27M1D22M1I47M1D6M3D12M3D39M3D29M2D5M1D13M4D19M2I187M1I39M1I14M3D12M15D40M1I84M
30	4315	0.518	1.019E-99	30	942	947	5	966	972	2M1I261M2I10M1D31M1I20M4D13M2D18M1I26M1I41M4I32M1D6M17D25M1D31M4D15M11D8M2D210M1I13M14D8M4D44M1I87M
67	4289	0.525	4.111E-99	33	942	947	8	958	964	265M5I5M4D16M1I42M3D4M2D12M1I36M1I22M3D50M9D32M1D18M4D24M3D9M9D213M1I29M13D36M1I87M
39	4279	0.515	7.030E-99	30	942	947	5	959	965	2M1I268M2I3M1D31M1I26M4D7M2D18M1I30M1I67M29D26M2I273M1I28M16D7M1D25M2I91M
6	4271	0.521	1.080E-98	30	942	947	5	964	970	2M1I261M2I10M1D31M1I16M4D35M1I26M1I27M1D4M11D28M1I20M3D19M2D39M16D234M1I15M12D11M6D39M1I87M
16	4270	0.545	1.139E-98	0	945	947	0	977	978	20M8D273M2I11M1D32M2I39M2D10M1I53M4D12M3D26M2I14M3D26M2D5M1D10M1D38M1D173M1I39M1I13M7D13M11D31M2I4M1I92M
127	4260	0.526	1.949E-98	17	942	947	40	1008	1013	4M6I274M1I22M1I42M3D4M2D18M1I30M1I10M6D26M8D37M3D20M3D17M1D40M15D180M1I37M1I15M12D26M3D22M1I89M
112	4259	0.512	2.056E-98	28	942	947	3	965	971	4M1I261M2I10M1D31M1I20M4D26M1D32M1I27M1D6M5D11M5D26M11D23M5D26M2D35M1D5M1D213M1I39M18D26M1I87M
61	4257	0.525	2.289E-98	28	946	947	3	931	933	4M1I261M2I10M1D31M1I21M6D30M1I25M1I35M6D9M4D67M3I3M14I242M1I13M14D8M4D44M1I91M
31	4257	0.523	2.289E-98	30	942	947	5	964	970	2M1I261M2I10M1D31M1I26M4D25M1I26M1I22M4D13M8D24M1I20M3D19M2D39M16D234M1I12M5D3M7D11M6D39M1I87M
53	4252	0.535	2.993E-98	30	942	947	5	958	964	2M1I261M2I13M1D28M1I17M6D34M1I26M1I19M7D24M4D37M3D28M1D33M2D6M7D225M1I14M17D7M1D43M1I88M
111	4244	0.534	4.598E-98	30	942	947	5	932	938	2M1I261M2I10M1D31M1I21M6D30M1I26M1I28M1D37M1I16M1I289M1I24M17D41M1I87M
72	4243	0.535	4.852E-98	30	942	947	5	953	958	2M1I268M1I22M1I42M3D4M2D18M1I30M1I10M6D25M3I22M19D40M3I16M1I8M5D23M1D179M1I37M1I14M12D27M3D22M1I89M
118	4239	0.537	6.013E-98	30	946	947	5	977	978	2M1I268M1I22M1I46M5D18M1I30M1I13M6D20M8D56M4D6M2D14M8D49M8D168M2D4M3I14M2D21M1I17M13D11M4D5M1D8M3D20M1I95M
38	4237	0.529	6.694E-98	30	942	947	5	963	969	2M1I261M2I10M1D31M1I16M4D17M2D18M1I30M1I17M5D16M5D23M1D4M13D4M3D29M2D275M1I13M14D3M4D49M1I87M
25	4223	0.520	1.419E-97	30	942	947	5	964	970	2M1I261M2I10M1D31M1I16M4D35M1I26M1I21M3I33M1I19M1D6M17D16M2D41M9D21M7D211M1I15M12D11M6D39M1I87M
27	4219	0.513	1.759E-97	30	942	947	5	964	970	2M1I261M2I10M1D31M1I16M4D35M1I26M1I24M1D7M11D29M5D4M9D5M3D34M1D30M2D239M1I13M8D11M1I46M10D82M
28	4217	0.516	1.958E-97	30	942	947	5	965	971	2M1I261M2I10M1D31M1I16M4D62M1I21M3I33M1I19M1D6M17D20M2D25M14D5M2D239M1I15M12D11M6D39M1I87M
75	4213	0.520	2.427E-97	30	942	947	5	964	970	2M1I261M2I10M1D31M1I16M4D36M1D25M1I22M7D22M4D65M4D28M6D25M9D211M1I14M3D3M1D17M6D8M7D111M
85	4207	0.518	3.348E-97	30	942	947	5	964	970	2M1I261M2I10M1D31M1I16M4D35M1I26M1I21M3I33M1I19M1D6M17D20M2D37M9D7M7D225M1I15M12D11M6D39M1I87M
29	4206	0.516	3.533E-97	30	942	947	5	964	970	2M1I261M2I10M1D31M1I26M4D25M1I26M1I21M3I33M4I11M2D14M9D22M12D30M16D234M1I15M12D11M6D39M1I87M
24	4200	0.513	4.875E-97	30	941	947	5	963	970	2M1I268M2I3M1D31M1I16M4D35M1I26M1I21M3I33M1I19M18D22M2D48M16D225M1I15M12D11M6D39M1I86M
119	4199	0.509	5.143E-97	28	942	947	3	962	968	4M1I261M2I10M1D31M1I23M1D12M5D16M1I27M3I18M3I33M9I12M1D10M15D18M11D29M16D237M1I27M17D38M1I87M
105	4193	0.526	7.097E-97	28	942	947	2	957	963	2M1D2M1I261M2I9M1D32M1I33M6D18M1I26M1I21M8D8M2D75M2D2M2D32M3D11M4D12M9D211M1I14M3D7M8D38M1I93M
64	4192	0.518	7.488E-97	30	942	947	5	962	968	2M1I261M2I10M1D31M1I23M1D10M5D18M1I25M1I35M6D9M4D54M18D275M1I14M3D6M15D45M1I87M
106	4184	0.515	1.150E-96	30	942	947	5	964	970	2M1I261M2I10M1D31M1I16M4D35M1I26M1I21M3I19M1D34M16D26M2D25M14D26M1D8M1D210M1I15M12D11M6D39M1I87M
86	4180	0.515	1.426E-96	30	942	947	5	964	970	2M1I261M2I10M1D31M1I16M4D35M1I26M1I21M3I33M14D23M3D19M2D39M16D234M1I13M12D13M6D39M1I87M
34	4173	0.521	2.076E-96	30	942	947	5	964	970	2M1I261M2I10M1D31M1I16M4D35M1I26M1I21M7D22M4D37M3D19M2D41M9D21M7D211M1I15M12D11M6D39M1I87M
5	4170	0.522	2.438E-96	30	942	947	5	964	970	2M1I261M2I10M1D31M1I16M4D35M1I26M1I21M7D22M4D35M3D21M2D39M16D234M1I15M12D11M6D39M1I87M
131	4169	0.516	2.573E-96	30	946	947	5	894	896	2M1I261M2I10M1D31M1I21M6D30M1I25M1I42M4I13M4I7M4I17M14I1M11D15M32I220M1I13M14D29M7D23M1I91M
26	4169	0.519	2.573E-96	28	942	947	2	964	970	2M1D2M1I261M2I10M1D31M1I16M4D35M1I26M1I30M12D29M1I18M3D21M2D39M16D234M1I15M12D11M6D39M1I87M
62	4166	0.523	3.022E-96	30	942	947	5	925	931	2M1I268M2I3M1D31M1I26M4D7M2D18M1I30M1I30M4I11M19D34M10I11M1I10M11I246M1I28M17D32M2I91M
107	4164	0.508	3.364E-96	30	942	947	5	965	969	2M1I261M2I10M1D31M1I23M1D22M2D33M1I41M4I32M1D4M17D18M2D40M7D21M9D212M1I17M1D54M15D79M2D3M
108	4163	0.516	3.550E-96	30	942	947	5	922	928	2M1I261M2I10M1D18M1I44M3D21M1D22M2I22M5I25M13I2M9D24M2D70M2D214M1I14M3D6M6D23M1D29M2D81M
22	4155	0.509	5.453E-96	30	942	947	5	952	958	2M1I268M2I5M1D29M1I29M3D22M1I25M1I62M2D6M19D44M1I50M2D210M1I13M13D3M4D49M1I87M
94	4150	0.520	7.131E-96	27	942	947	2	918	924	5M1I261M2I10M1D18M1I44M3D2M2D18M1I22M2I16M6I19M2D11M13I2M9D26M1I28M1D251M1I16M3D6M13D13M1D27M6I87M
73	4130	0.530	2.086E-95	49	942	947	2	928	933	252M1I29M1I41M5D16M1I27M1I14M6D37M5D12M9D4M1I63M2D24M4I170M1I39M2I18M8D18M11D18M1I99M
60	4111	0.518	5.781E-95	37	946	947	9	990	994	20M10D7M3D237M1I23M2D33M1I15M5D62M1D12M12D47M4D17M1D29M1D13M5D11M11D9M2D4M8D171M1I52M2D21M8D124M
68	4091	0.521	1.691E-94	43	942	947	9	896	901	4M3D7M2I245M1I22M1I29M4D17M2D18M1I30M1I9M6I12M1I27M4I18M7I5M6I45M4I184M1I39M1I14M12D8M4D41M1I89M
65	4053	0.527	1.299E-93	32	946	947	1	875	879	270M1I22M1D36M1D18M5D40M1I16M2D23M11D44M1I5M6I38M1I195M1I37M50I20M1D90M
102	3972	0.503	1.003E-91	28	942	947	3	958	964	4M1I268M1I35M1I31M3D2M2D18M1I30M1I21M7D12M1I24M3D12M1D31M2I10M1D33M6D10M9D212M1I17M7D16M12D30M1I89M
74	3895	0.519	6.247E-90	32	915	947	0	902	926	269M2I3M1D25M1I38M4D19M1I27M1I13M6D14M7D36M1I4M12D9M2D44M12I201M2I31M2I20M1D5M10D19M1I21M1I62M
80	3876	0.523	1.732E-89	68	942	947	1	926	931	238M1I17M1I42M3D4M2D18M1I30M1I10M6D23M9D4M1I35M3D21M3D56M17D178M1I39M1I14M3D6M13D43M1I89M
104	3825	0.491	2.673E-88	28	942	947	2	932	938	41M32I200M2I3M1D31M1I16M4D35M1I26M1I27M11D53M3D19M2D42M7D20M9D212M1I10M12D15M6D39M1I87M
84	3806	0.508	7.408E-88	73	942	947	0	924	929	233M1I17M1I48M5D16M1I30M1I11M3D4M3D18M8D40M3D21M3D53M22D183M1I37M1I14M3D6M3D29M9D13M1I90M
32	3800	0.509	1.022E-87	68	942	947	1	923	929	238M1I30M1I16M4D35M1I26M1I21M3I33M1I19M1D6M17D16M2D41M9D21M7D212M1I27M18D37M1I87M
117	3723	0.394	6.367E-86	30	941	947	7	989	1003	2M1I259M3D46M13D26M2D22M5I50M1D64M2D27M2I12M8D19M2I97M1D121M1D18M4D14M3D29M28D15M15D81M
128	3706	0.412	1.585E-85	33	945	947	8	872	876	260M6D11M4I21M21I8M2I5M6I11M11I51M10I6M2I39M1D22M9I12M7I3M11D3M8I91M1I7M2D177M5D7M8D98M
92	3581	0.372	1.298E-82	30	942	947	0	1082	1084	276M3D31M21D10M3D43M2D19M17D12M8D25M4D22M14D61M5D27M5D107M2D126M1I10M71D24M14D15M1I100M3D3M
122	3490	0.368	1.713E-80	28	922	947	1	949	1001	271M6I34M10I3M13I13M1I7M3I11M23D6M2I103M3I37M1D112M1D116M1D26M3D7M1D2M6D11M33D17M15D20M8D61M
110	3440	0.477	2.506E-79	116	942	947	0	874	880	186M1I34M1I16M4D35M1I26M1I21M3I33M1I19M1D6M17D16M2D41M9D21M7D212M1I30M1D28M3D13M13D81M
101	3424	0.366	5.914E-79	7	946	947	3	935	936	16M6I3M1I258M14I15M1I16M8I33M4I53M6I13M1I7M2I48M4D61M8D10M5D62M2D104M11D55M2I18M1D7M3D33M4D83M
8	3366	0.357	1.329E-77	33	942	947	9	1009	1016	260M4D8M1I4M6D52M1I11M10D26M6D64M1I31M9D24M9D18M4D52M4D79M2D137M16D17M7D32M1I10M17D75M1D6M
103	3359	0.438	1.935E-77	52	946	947	0	885	886	49M4I8M5I7M2I170M7I4M1D21M1D38M6I7M3I23M3I60M4D26M28D44M21I9M3I88M2D141M1D45M4D15M4D86M
81	3314	0.498	2.164E-76	65	861	947	7	820	885	241M1I30M1I20M4D13M2D18M1I30M1I26M10D30M1D3M12D6M3D28M2D275M1I14M6I6M3I27M3I13M
18	3295	0.318	5.999E-76	30	940	947	1	1242	1248	2M1I270M4D43M25D14M4D63M3D26M7D29M4D6M4D40M3D36M3D4M28D16M9D67M1I15M1D126M1I23M49D8M72D7M81D6M20D24M17D83M
126	3273	0.344	1.953E-75	17	941	947	2	806	808	4M7I100M2I162M1D12M3I12M4I17M18I41M3I26M15I24M14I7M31I6M2I5M11I3M27I6M6D134M1I37M2I27M4I18M4D35M3D25M12D37M2I41M
91	3259	0.360	4.140E-75	28	946	947	5	785	788	5M1D98M1D170M3D35M23I3M9I14M14I30M4I7M17I17M5I14M37I12M4I8M21I72M2I7M1D8M1D81M3I3M3I36M2I39M6I29M1I33M2D17M4D30M
114	3217	0.359	3.942E-74	33	946	947	7	928	929	213M1D50M7I5M1D68M2I21M5D121M2D15M1D108M2D87M5I11M3D61M2D54M1D2M5D78M1I5M
98	3202	0.341	8.817E-74	28	946	947	9	773	776	5M1D99M1D160M2D25M61I8M4I4M28I10M5I37M18I15M14I6M16I5M4I31M4D63M2I14M1D2M1D74M1I9M6I31M2I26M1I14M1I2M2I21M3I5M1I2M1I32M2D22M4D27M
100	3199	0.347	1.036E-73	30	939	947	4	789	806	2M1I260M11I18M18I22M9I8M4I7M10I43M20I24M15I31M35I14M1I79M1D2M1D81M2D4M5I2M5D32M2D16M1I19M5I14M1I63M1D33M
124	3162	0.356	7.542E-73	30	941	947	1	712	713	2M1I256M3D6M11D24M11I20M12I4M112I2M8D15M7I5M43I12M10I9M2I41M1D21M1I18M2D82M1I33M2I24M9I9M14I64M1D7M1I32M
97	3133	0.342	3.575E-72	17	942	947	8	779	786	11M3D5M1D99M1D160M4D11M3D13M5I12M1I17M8I22M44I33M26I9M37I13M18I5M10I5M2I62M3I14M1D2M1D84M6I31M2I26M1I17M2I28M6I34M1D16M2D26M
10	3066	0.333	1.302E-70	15	942	947	15	777	784	6M5I106M1D160M3D15M63I17M8I13M29I17M4I33M26I28M18I18M2I63M2I14M3D1M1I84M6I37M2I20M1I14M1I2M2I22M3I5M3I32M2D21M2D24M
95	3061	0.348	1.703E-70	30	942	947	1	712	720	2M1I95M2I172M7I26M29I15M14I6M43I8M1I7M9I8M4I22M19I3M46I14M3D40M2D27M1D13M1D48M2I18M1D51M6I14M8I18M15I20M3I32M1I41M1D3M
120	3057	0.348	2.111E-70	28	942	947	3	753	764	5M1D95M2I204M1I15M9I3M9I9M16I45M16I9M13I15M3D11M10I9M51I5M2I41M2D34M1D7M1D47M2I18M1D51M6I15M35I24M1D3M1I32M1I44M
0	3038	0.335	5.850E-70	28	946	947	9	751	754	5M1D99M1D159M4D12M2D10M65I18M26I34M28I21M11I11M39I13M4I63M3I13M1D2M1D77M1D7M6I31M2I18M2D16M6I36M3I30M2D21M2D30M
7	3027	0.353	1.056E-69	26	939	947	4	811	857	6M1I96M1D216M11I11M1I13M6I7M1I10M3D19M28I24M4I9M2I4M38I7M16I24M3I39M2D43M3D46M2I17M1D21M6I33M2I11M3D95M2D42M
89	3011	0.345	2.491E-69	26	939	947	1	745	777	7M1D97M1D161M11I28M36I12M55I22M2I2M8I9M4I12M39I11M10I29M2I39M2D37M3D4M1I49M2I16M1D13M3I2M4I27M3I19M1D100M2D38M
63	3010	0.344	2.628E-69	30	939	947	7	745	778	2M1I94M1D168M9I25M37I18M37I11M1D7M5I16M2I16M5I25M67I6M2I39M2D43M2D46M2I17M1D16M7I23M3I64M3I52M2D42M
20	2976	0.344	1.629E-68	30	936	947	7	736	772	2M1I258M10I8M1I6M6D11M5D8M68I18M20I14M5I12M18I17M61I53M1I2M3D34M3D5M1I47M2I17M1D18M7I28M3I16M3D24M3I29M1D41M2D38M
96	2973	0.302	1.914E-68	1	946	947	5	947	948	28M3D32M5I225M3D12M6I39M12I34M13I14M1I13M6I35M1I20M35D87M5D63M4I14M2D49M1I32M1I57M7D16M14I30M1I74M7D7M
40	2969	0.347	2.372E-68	30	939	947	6	744	776	2M1I97M1D161M11I13M6D9M5D26M44I4M14I7M6I8M18I5M6I8M13I24M62I4M2I6M2I39M2D37M3D4M1I47M2I18M1D13M3I2M4I27M3I21M2D16M1I81M2D38M
1	2967	0.332	2.641E-68	30	946	947	5	769	787	2M1I264M63I30M4I32M25I19M3I12M5I6M5I7M62I12M1I25M1D16M2D37M1D3M1D49M2I16M2D14M1I16M4I20M1I5M3I103M1D4M2D5M7D10M8D2M3D28M
14	2965	0.348	2.940E-68	17	942	947	71	884	886	118M25I5M3I72M1D60M2I29M10I11M1I7M10I18M16I37M1D35M1D18M7I19M4I2M8I20M1I21M2D83M1D5M1D127M2I20M32I17M2D81M
87	2963	0.344	3.273E-68	30	939	947	7	737	770	2M1I94M1D168M8D29M10I15M6I16M28I20M1I5M67I13M67I50M2D42M2D47M2I17M1D16M7I23M3I25M1I18M1D20M3I52M2D42M
88	2953	0.339	5.598E-68	30	942	947	7	741	770	2M1I258M11I11M61I17M5I45M19I17M16I17M60I11M2I39M2D37M3D4M1I49M2I12M1D19M7I30M3I16M1I20M1D25M1D54M2D34M1D7M
125	2930	0.307	1.923E-67	2	936	947	6	805	813	11M6I8M2I262M1I11M3D19M13I8M1I3M15I17M1I13M17D13M10I39M7I20M4I14M59I21M6I61M13I130M2I10M1I5M10I45M4I70M
2	2919	0.334	3.470E-67	26	946	947	6	779	781	8M1I97M1I54M1I110M5I15M39I34M17I21M10I19M2I12M8I13M1I15M15I3M48I49M1D38M3D49M1D11M1D6M4D57M5D7M1I8M6I9M20I14M2D48M3D12M5D11M3D26M
37	2900	0.331	9.619E-67	30	942	947	3	807	829	2M1I8M2D144M1I105M4D12M5I14M12I11M9I15M9I10M4I5M45I9M26D17M12I24M17I19M8I7M6I13M1I47M2D40M1D2M1D49M2I16M1D22M2I2M1I23M4I20M2D3M9I41M3I39M2D38M2D5M
36	2870	0.332	4.811E-66	28	942	947	1	807	829	4M1I7M2D145M1I105M4D12M5I14M12I11M9I15M9I10M4I5M45I9M26D21M11I7M2I9M1D9M6I7M1I20M22I13M3I40M2D40M1D2M1D49M2I16M1D22M2I2M1I23M4I18M5D19M6I21M9I39M4D4M2I35M2D5M
21	2662	0.345	3.384E-61	33	807	947	6	702	745	207M1D80M32I30M1I19M8I27M1I16M2D9M2I10M3I18M8I36M20I21M2I81M2D72M1I10M4D2M5I4M4I46M
123	2641	0.425	1.044E-60	70	766	947	0	713	715	221M11I7M3D22M1I10M6I34M3I42M1I34M1D27M1I15M16D30M5D16M2D10M1I16M11D154M1D21M2D14M
121	2543	0.322	2.008E-58	37	855	947	1	618	619	255M6D31M37I29M44I7M12D2M29I12M1I9M74I18M1I22M1D17M2D38M2D50M2I16M2D14M2I9M3I22M4I19M29I23M
12	2498	0.333	2.246E-57	30	861	947	2	673	675	2M1I268M3I13M52I10M20I6M20I38M1I8M9I46M6I9M6I10M11I12M2I28M1I11M2D30M1D7M1I4M2I45M2I17M1D13M5I5M1I31M6I12M11I9M4I34M
9	2323	0.297	2.689E-53	30	941	947	7	609	639	2M1I94M1D168M17I3M155I29M57I13M4I10M62I3M11D6M13I44M2I17M1D14M2I4M5I25M3I20M7I29M3D15M1D44M2D44M
11	2169	0.335	1.043E-49	30	812	947	5	580	596	2M1I35M32I201M5D16M5I8M4I14M74I6M11I6M17I11M11I20M43I15M6I12M4I24M1D15M2D36M1D5M1D49M2I16M2D14M2I8M3I24M4I27M
19	1818	0.214	1.578E-41	29	945	947	11	732	735	3M1I24M1D18M2D44M1I9M1I44M1D11M5D4M8D21M2D30M2D8M3I8M3D32M5D25M38I13M4I5M85I31M56I21M6I6M4I12M2D6M2D48M1I12M1D5M2D82M4D33M4D9M5I4M10I19M2I14M2I25M19I16M1D8M1I17M1I10M
90	1389	0.183	1.568E-31	26	937	947	0	690	697	31M1I16M5I52M1I39M5D18M1I21M1I21M1D6M13I4M1I35M18D6M4D13M69I13M5I5M56I4M4I3M32I23M1I23M26I7M9I31M3I3M2D10M1D22M5D38M1I3M5D7M3I18M2D18M13I31M3I25M8I1M9I16M1I14M1I4M1I10M1D12M1D10M1D15M1D16M
4	1259	0.179	1.679E-28	30	940	947	2	685	688	6M1D41M4I50M1I38M3D3M2D19M1I19M1I20M1D8M13I5M4D36M5I11M60I16M13I20M11I13M2D10M13I8M8I23M24I9M10I32M2I6M5I28M3I9M3D4M1D14M2D2M7D2M6I6M5D7M2D12M4I10M2D8M2D2M3I16M2D15M9I5M3I16M2I13M8I5M57I2M1I9M1D2M6I13M3D25M3D20M
129	1216	0.165	1.687E-27	36	934	947	0	646	656	23M1I9M35I3M2D4M1D17M1I42M5D18M1I21M1I30M13I38M2I23M51I1M15D13M4I6M5I8M25I13M87I7M29I23M4D27M3I12M2D6M1D8M1D10M3D11M1D33M1D2M3D9M3I16M2D20M7I8M8I19M3I2M1D1M16I37M2D15M4D7M4I3M2I3M2I14M1D6M1D13M1D15M
99	938	0.181	5.076E-21	26	666	947	9	449	450	6M3D27M1I14M5I49M1I41M3D3M1D14M1I20M1I32M4I6M6I35M5D11M4D9M86I8M32I32M2I19M45I3M7I10M30I31M3I14M4D2M2I6M3D19M3D4M
17	867	0.177	2.292E-19	35	870	947	3	891	985	21M2I25M3D3M6I9M1I4M1D25M1I39M3D24M9D19M1I18M12D7M3D5M1I11M9D30M2I8M9D17M7D18M9D6M3D24M17D51M15D68M1D9M4D13M19D7M3D17M6D24M12D28M6I24M6I12M15I3M3I12M1D11M3D11M2I9M45I2M8I5M3D12M2D27M6I11M2D16M1D12M2D27M1I6M
93	632	0.136	6.864E-14	30	685	947	4	798	803	7M2D32M3D5M2I3M8I32M1I12M1I38M3D3M4D15M2I4M1I13M2D29M4I6M2I6M20D31M2I14M18D49M2D9M1D19M111D59M2D73M6D28M3D29M2D33M3I5M8I9M15I11M7D20M2D13M
 