112	6929	1.00	0.000E+00	0	970	971	0	970	971	971M
30	6284	0.903	0.000E+00	0	970	971	0	971	972	504M1D8M1I70M1D237M1D32M1I118M
27	6102	0.872	0.000E+00	0	970	971	0	969	970	349M2I153M1D317M1D31M1I118M
5	6087	0.873	0.000E+00	0	970	971	0	969	970	349M2I153M1D314M1D34M1I118M
28	6086	0.869	0.000E+00	0	970	971	0	970	971	349M2I18M1D135M1D314M1D34M1I118M
85	6075	0.875	0.000E+00	0	970	971	0	969	970	349M2I154M1D313M1D34M1I118M
86	6075	0.874	0.000E+00	0	970	971	0	969	970	349M2I153M1D314M1D34M1I118M
6	6058	0.870	0.000E+00	0	970	971	0	969	970	349M2I150M1D317M1D34M1I118M
33	6053	0.860	0.000E+00	0	970	971	0	969	970	349M2I153M1D315M1D33M1I118M
29	6050	0.872	0.000E+00	0	970	971	0	969	970	349M2I153M1D314M1D34M1I118M
26	6046	0.872	0.000E+00	0	970	971	0	969	970	349M2I153M1D314M1D34M1I118M
75	6037	0.854	0.000E+00	0	970	971	0	969	970	504M1D8M1I9M1I295M1D34M1I118M
25	6026	0.869	0.000E+00	0	970	971	0	969	970	349M2I153M1D314M1D34M1I118M
64	6018	0.861	0.000E+00	0	970	971	0	967	968	418M1I93M1I6M1I299M1D33M1I118M
24	6017	0.865	0.000E+00	0	970	971	0	969	970	349M2I149M1D317M1D35M1I118M
106	6016	0.878	0.000E+00	0	970	971	0	969	970	349M2I153M1D314M1D34M1I118M
53	6010	0.852	0.000E+00	0	970	971	0	963	964	504M1D8M1I35M6I3M1I261M1D33M1I118M
31	6007	0.868	0.000E+00	0	970	971	0	969	970	349M2I153M1D314M1D34M1I118M
39	5975	0.855	0.000E+00	0	970	971	0	964	965	500M1D12M1I12M4I291M1D16M1I15M1I22M1I95M
34	5973	0.874	0.000E+00	0	970	971	0	969	970	349M2I153M1D316M1D32M1I118M
107	5972	0.841	0.000E+00	0	970	971	0	968	969	359M2I143M1D314M1D32M2I119M
38	5962	0.866	0.000E+00	0	970	971	0	968	969	417M2I85M1D8M1I306M1D33M1I118M
119	5938	0.852	0.000E+00	0	970	971	0	967	968	395M2I104M1D11M1I307M1D24M2I125M
105	5875	0.842	0.000E+00	0	970	971	0	962	963	432M1I393M6I15M1I123M
111	5865	0.828	0.000E+00	0	970	971	0	937	938	423M33I48M1D346M1I120M
61	5861	0.834	0.000E+00	0	970	971	0	932	933	418M1I70M37I293M1D33M1I118M
22	5748	0.814	0.000E+00	0	970	971	0	957	958	334M1I16M1I5M1I62M7I37M2I38M1D8M1I339M1I118M
62	5699	0.813	0.000E+00	0	970	971	0	930	931	414M15I7M19I45M1D12M1I12M4I292M1D5M10I2M9D14M1I22M1I95M
131	5695	0.805	0.000E+00	0	970	971	0	895	896	418M1I69M77I254M1D32M2D120M
108	5648	0.777	0.000E+00	0	970	971	0	927	928	334M1I53M1I23M32I4M3I94M1D18M2I287M1I23M4I91M
94	5582	0.766	0.000E+00	0	970	971	0	923	924	334M1I53M1I28M34I38M3I12M1D8M1I47M2I296M1I16M5I91M
104	5549	0.832	0.000E+00	0	970	971	0	937	938	44M32I273M2I153M1D314M1D34M1I118M
67	5546	0.733	0.000E+00	2	970	971	3	963	964	332M1I123M2I41M1D11M1I311M4I8M1D10M2I123M
32	5493	0.863	0.000E+00	42	970	971	1	928	929	307M2I153M1D314M1D34M1I118M
110	5166	0.861	0.000E+00	90	970	971	0	879	880	259M2I153M1D314M1D34M1I118M
102	5143	0.685	0.000E+00	0	970	971	0	963	964	334M1I123M2I18M6I20M1D318M1D149M
72	5127	0.664	0.000E+00	0	969	971	0	957	958	333M1I76M1I36M7I38M2D40M1D30M1I17M1I178M1I76M3I131M
118	5124	0.662	0.000E+00	0	969	971	0	977	978	338M1I69M1I42M4D46M2D35M1D46M1I180M1I13M2D48M2D29M1D120M
127	5067	0.645	0.000E+00	0	969	971	43	1012	1013	337M1I72M1I36M4D50M2D37M2D28M1I17M1I178M1I76M3I131M
73	4760	0.611	0.000E+00	23	969	971	2	932	933	310M1I75M1I35M5I82M2I14M6I205M1I34M1I23M1D152M
81	4706	0.783	0.000E+00	39	891	971	7	883	885	378M2I60M1I24M1D8M1I305M3D32M2I5M26D35M
68	4699	0.597	0.000E+00	1	969	971	6	900	901	10M10I7M2I381M1I18M36I7M24I35M1D26M2D22M1I179M1I75M3I20M1D111M
115	4677	0.573	0.000E+00	0	969	971	0	981	982	305M3D59M1D30M1D31M2I39M3I19M1D18M4D3M1D23M1D48M1D216M1D21M2D30M1I28M2D94M
16	4665	0.577	0.000E+00	2	963	971	36	972	978	302M1I27M2I12M2I46M1D19M3I31M2D1M3I24M2I26M2D32M7I22M7I184M1I77M1D14M2I12M1I102M
15	4652	0.569	0.000E+00	2	963	971	38	977	983	301M1I22M1D12M3I5M3I45M1D19M3I31M1I55M2D32M7I22M5I13M2I171M1I208M
80	4618	0.644	0.000E+00	42	969	971	1	930	931	291M1I76M1I36M4D50M2D35M1D26M1D22M1I178M1I75M3I21M1D111M
84	4600	0.633	0.000E+00	47	969	971	0	928	929	286M1I77M1I36M4D49M2D35M1D34M6D14M1I178M1I76M3I131M
130	4576	0.553	0.000E+00	0	969	971	0	982	983	295M3D73M1D28M1D46M2D40M3D50M1D46M1D215M1D177M
74	4537	0.607	5.428E-104	7	938	971	1	902	926	331M2I70M1I14M2I7M5D55M2I13M16I50M1I187M2I32M1I25M2D12M10I99M
59	4480	0.552	1.100E-102	0	964	971	0	973	982	7M1D287M3D74M1D23M1D42M2D54M1D30M5D21M2D12M6D23M1D184M1I35M1D19M2I5M11I47M1I87M
56	4435	0.512	1.205E-101	0	970	971	0	930	931	267M9D6M8I41M2I36M1I47M8I25M7I62M4I47M7I226M1D23M14I16M1I18M1I100M3D4M
44	4432	0.518	1.414E-101	0	970	971	0	882	886	268M2D10M1I59M17I11M1I45M20I7M11I8M3I14M7I22M9I28M4I35M2I211M1D28M9I19M6I11M1I104M
41	4432	0.512	1.414E-101	0	969	971	0	923	924	265M7D8M6I20M3I36M1I27M1I43M17I63M1D21M5I7M6I56M1I209M1D15M1I6M15I14M2I18M1I99M4D4M
54	4422	0.510	2.407E-101	0	970	971	0	919	923	281M1D87M1D23M2I20M17I13M1D33M11I49M9I248M1D44M15I14M1I104M
3	4419	0.510	2.824E-101	0	969	971	0	881	882	268M9D5M8I57M17I11M1I55M10I10M6I26M16I7M5I23M7I35M12I217M1D25M9I19M6I11M1I103M
51	4409	0.524	4.808E-101	0	966	971	0	923	932	281M1D59M4I24M1D39M5I15M5I40M10I77M6I231M1D13M11I5M1I6M2I13M1I18M1I100M
77	4399	0.504	8.185E-101	0	970	971	0	919	925	277M1D74M2D15M2I23M1I80M16I23M3I28M14I9M2I228M1D17M1D33M19I102M1D5M
48	4397	0.512	9.105E-101	0	969	971	0	898	899	265M11D3M10I15M2I32M1D11M5I17M1I32M4I17M7I34M12I6M15I12M1I39M1I28M8I219M1D49M18I107M
50	4394	0.510	1.068E-100	0	970	971	0	904	906	265M11D3M10I90M1I21M2I15M5I34M4I6M9I8M11I21M11I20M9I248M1D44M15I14M1I104M
49	4378	0.507	2.502E-100	0	970	971	0	858	862	267M9D6M8I57M17I11M1I45M20I7M24I13M6I28M18I39M12I217M1D25M9I19M6I11M1I104M
109	4377	0.505	2.639E-100	0	968	971	0	914	915	281M1D65M2I20M1D68M1I20M10I8M7I58M16I240M1D14M2D35M19I16M4I85M
52	4375	0.504	2.935E-100	0	970	971	0	904	913	267M9D6M8I50M4I31M1I70M1I15M14I11M15I17M17I269M1D25M14I12M1I18M1I104M
76	4369	0.509	4.039E-100	0	970	971	0	921	925	266M5D11M4I69M3I15M1D23M1I83M8I22M11I18M1I19M12I227M1D44M15I14M1I104M
43	4369	0.510	4.039E-100	0	970	971	0	927	931	265M11D3M10I68M2I20M1D17M1I84M12I28M7I13M5I7M3I248M1D44M15I14M1I104M
78	4368	0.511	4.260E-100	0	969	971	0	939	940	280M1D21M1I44M3I19M1D23M1I32M2D23M2I24M11I20M2I48M3I30M6I200M1D20M1I7M2I26M4I34M1D83M
46	4361	0.511	6.182E-100	0	966	971	0	917	926	266M5D11M4I59M4I24M1D39M5I15M5I28M2I12M11I20M11I43M6I231M1D11M13I12M5I10M1I18M1I73M12D27M
42	4356	0.512	8.067E-100	0	969	971	0	932	933	279M1D12M3I16M1D28M9I20M1D28M1I11M2I19M6I17M1D23M10I20M1I18M1I64M3I202M1D35M3I18M4I30M1D87M
69	4341	0.515	1.792E-99	0	970	971	0	920	924	277M1D62M1I6M11I11M1D27M2I30M2I17M7I21M8I77M6I228M1D17M9I13M6I28M1I104M
23	4333	0.511	2.743E-99	0	965	971	0	930	935	279M1D22M1I36M9I19M1D26M1I14M2I19M6I15M1D24M2D3M6I18M2D62M4I17M8I207M1D23M5I24M2I31M1D83M
113	4332	0.503	2.893E-99	0	968	971	0	914	915	269M7D4M6I58M8I22M1D56M11I42M9I26M3I8M4I19M5I243M1D48M1D19M24I82M6D3M
45	4332	0.506	2.893E-99	0	970	971	0	926	927	266M5D11M4I71M1I15M1D23M2I20M17I13M1D33M6I54M9I248M1D44M15I14M1I99M3D5M
57	4332	0.525	2.893E-99	0	965	971	0	921	931	278M1D23M1I40M1I25M1D44M1I31M8I12M1I11M4I30M4I8M4I34M5I15M2I211M1D44M15I14M1I99M
35	4329	0.504	3.393E-99	0	968	971	0	928	929	266M12D3M11I64M1I23M1D15M1I38M10I5M6I16M2I49M7I5M3I17M3I248M1D22M1D22M15I14M1I98M5D4M
71	4306	0.510	1.154E-98	4	966	971	16	926	934	262M5D11M4I71M1I15M1D23M2I20M17I11M1D41M11I43M9I248M1D44M15I14M1I100M
116	4303	0.514	1.353E-98	0	970	971	0	892	893	265M7D8M6I53M7I7M1I9M2I10M1D16M4I19M5I13M5I13M5I36M3I23M7I13M10I14M11I228M1D21M3I4M15I46M4I15M1D70M
13	4300	0.503	1.588E-98	0	970	971	0	890	894	266M10D3M9I44M3D14M1D8M9I13M1I40M17I9M17I8M3I14M7I15M7I21M3I33M6I229M1D21M14I16M1I18M1I104M
83	4288	0.511	3.006E-98	0	965	971	25	942	947	268M8D4M7I22M1I31M1I6M3I4M1I12M1I32M1D25M1I6M5I13M5I33M3I20M1I17M1I19M3I24M8I216M1D52M18I16M1D87M
60	4258	0.507	1.483E-97	6	970	971	2	991	994	4M2D21M8D6M5D257M3D39M2I31M1D24M1D18M6I18M3D23M5D32M1D75M1D21M2D4M8D169M1I31M1D22M1I33M7I28M1D92M
82	4255	0.504	1.740E-97	3	965	971	28	942	947	4M1D258M11D3M10I32M1D27M4I25M1I26M1D25M1I6M5I13M5I28M11I21M5I26M2I35M1I5M1I213M1D38M18I27M1D87M
70	4237	0.491	4.535E-97	0	970	971	0	857	858	266M5D11M4I20M1I5M14D5M39I17M1D23M2I20M17I4M27I10M11I23M11I20M9I248M1D44M15I14M1I101M3D3M
66	4233	0.488	5.610E-97	0	969	971	0	922	923	82M1D198M1D21M1I35M16I39M1I16M5D6M1I18M2I10M2I23M11I19M4I6M10I66M1I208M1D25M5I57M1I86M
65	4232	0.516	5.917E-97	7	970	971	2	876	879	296M2D60M1D52M6I13M30I23M1D17M3D12M2D7M2D28M1D30M1D175M1I36M65I113M
58	4205	0.502	2.489E-96	0	970	971	0	888	889	266M5D11M4I71M1I15M1D23M2I20M17I4M27I8M5I36M4I22M9I248M1D13M1I13M3I22M19I102M3D5M
55	4081	0.487	1.825E-93	0	970	971	0	892	893	112M1I168M1D66M1I16M1D7M2I39M10I15M6I41M11I27M4I27M2D127M1I49M1I40M21I5M3I2M1I17M3I22M19I70M1I32M3D4M
47	4078	0.482	2.141E-93	0	965	971	0	810	820	265M13D3M12I60M4I3M1I16M1D21M1I36M2I5M7I19M11I7M93I16M1I210M1D53M38I82M
79	3898	0.491	3.091E-89	53	969	971	1	888	889	227M1D21M1I41M3I17M1D28M1I21M8I30M1D23M10I20M1I29M2D36M1D17M6I200M1D19M2I32M5I30M1D89M
117	3812	0.378	3.002E-87	0	970	971	2	995	1003	269M10D4M9I10M1I13M2I15M5D15M3I19M9I30M2I17M1I41M1I13M9I31M1I42M10D107M1D130M2D15M11D36M5D23M17D103M
103	3788	0.486	1.076E-86	26	969	971	0	885	886	49M4I8M5I7M2I170M5I15M1D23M1D30M14I38M2I31M1I55M11D24M5I26M25I10M1I5M2I84M2D127M1D19M2I18M6I131M
92	3706	0.366	8.450E-85	5	966	971	1	1083	1084	262M4D25M1I47M1D20M11D10M2D13M4D71M8D4M2D21M3I34M1D41M7D13M2D5M11D94M2D137M53D27M1D31M12D20M1D79M3D4M
128	3694	0.380	1.600E-84	5	963	971	6	867	876	263M6I5M9D21M8I34M1D36M5I73M3I17M2D7M25I6M14I9M46I86M1D126M1D13M3D61M4I8M3I80M
122	3587	0.346	4.750E-82	7	970	971	6	970	1001	261M2D35M6I3M5I21M15I11M25D6M4I41M7I12M2I21M26I60M3I28M3I11M3I77M1D127M2D13M4D43M7D24M38D72M4I20M
8	3533	0.357	8.405E-81	4	970	971	6	1015	1016	262M14D65M2D42M4D27M5D14M1I59M8I9M3D96M3I81M2D126M1D12M13D32M3D22M6D97M2D11M
18	3483	0.324	1.202E-79	5	968	971	1	1247	1248	264M5D69M4D51M1I50M4D8M9D14M4D14M6I10M1D40M3D36M23D17M15D69M1I12M1D141M4D13M88D3M12D13M2D26M40D17M54D5M22D84M
101	3450	0.361	6.958E-79	5	962	971	20	928	936	260M6I20M3I23M1I48M3I20M8I21M1I57M10I56M7I6M16I24M3D57M2D104M11D39M1D13M2I10M8I57M1I77M
126	3275	0.351	7.698E-75	0	965	971	3	807	808	6M1D97M2I164M8D4M9I12M33I10M36I4M24I38M11I22M16I25M25I18M4I6M11I10M7D133M1I36M2I28M7I2M4D59M2D67M2I42M
114	3250	0.354	2.911E-74	0	962	971	1	922	929	2M1I217M1D49M5I18M2I41M3D26M7I27M2I54M1D24M10I62M1D25M2I5M6I3M4I58M2D87M5I11M3D40M1D62M3I22M6I77M
91	3243	0.336	4.225E-74	0	970	971	3	786	788	4M1D100M1D161M14D5M10I6M27I5M16I4M30I8M27I15M15I26M26I24M13I23M12I31M2I64M2I10M4D5M2I80M6I32M1I18M9I17M14I39M1I29M1D6M1D15M4D31M
100	3231	0.322	8.001E-74	2	970	971	1	801	806	270M10I10M25I13M39I12M17I33M5I16M11I11M11I20M22I9M14I38M2I76M1D5M1D85M3I3M5D30M3D21M1I13M3I16M21I12M2D7M1I49M1D17M4D18M
124	3145	0.341	7.770E-72	5	964	971	1	712	713	258M3D2M8D3M12D8M43I21M108I13M15I12M11I5M4I7M38I10M9I10M1I5M2I40M1D22M1I18M2D82M1I32M1I24M10I4M29I30M1I40M1D6M1I33M
96	3131	0.325	1.636E-71	3	970	971	36	941	948	32M5I225M14D16M9I44M14I18M14I36M9I20M8I22M28D18M4D24M10I11M2D22M14I17M1D62M4I9M4D5M2I48M1I32M1I38M1D31M24I40M1I82M
98	3129	0.312	1.820E-71	0	970	971	7	774	776	5M1D101M1D160M10D7M3I10M15I31M26I8M37I8M17I15M10I8M1I5M1I6M17I22M23I7M35I11M2I62M2I11M1D5M1D74M1I7M6I32M1I15M16I11M10I80M2D19M4D28M
97	3122	0.323	2.642E-71	2	970	971	23	784	786	104M1D159M16D9M8I6M63I11M14I10M42I11M13I8M25I32M11I17M1I13M9I10M5I6M2I61M3I11M1D5M1D84M6I30M1I17M2D9M2I14M7I9M19I55M1D16M2D31M
120	3062	0.325	6.432E-70	0	970	971	2	758	764	103M2I163M5D17M7I37M64I9M4I26M4I21M1I25M74I9M5I18M3I33M2D39M1D7M1D47M2I18M1D51M5I18M28I23M23I2M1I32M1I49M
10	3057	0.318	8.393E-70	4	970	971	25	782	784	102M1D159M10D19M67I18M25I27M27I10M35I27M9I20M20I9M5I6M2I62M2I11M4D5M2I80M6I32M1I21M9I4M1I26M12I19M5I32M2D19M2D31M
0	3048	0.326	1.355E-69	0	970	971	7	752	754	5M1D101M1D161M18D10M74I11M14I10M42I11M13I7M29I14M25I9M14I34M7I62M3I10M1D5M1D78M1I6M4I31M1I18M4D17M4I3M7I9M13I9M1I13M3I30M2D21M2D31M
7	3045	0.327	1.589E-69	0	970	971	2	822	857	5M1D100M1D182M7I10M18I13M23I12M26I23M13I15M7I20M18I19M26I51M2I39M2D43M3D46M2I18M1D21M6I34M1I9M5I8M5I24M6I32M2D30M1D6M1D34M3D12M
95	3044	0.324	1.676E-69	5	970	971	1	715	720	97M2I163M9D1M15I9M16I28M39I47M2I21M29I8M105I2M5I31M2D44M2D51M2I16M1D51M5I14M8I18M26I19M6I1M3I32M1I41M1I7M
63	3017	0.320	7.050E-69	4	970	971	6	770	778	101M1D168M18I13M17I21M56I21M12I16M1I9M58I10M16I15M7I4M7I10M2I2M2I39M2D39M4D2M2I46M2I17M1D11M2I7M5I23M2I31M7I37M10I6M3I39M4D3M2I38M17D8M
40	3011	0.306	9.702E-69	0	970	971	0	757	776	5M1D100M1D163M48I10M7D7M5D4M33I15M62I12M42I7M27I19M2D34M2I39M2D39M4D3M2I45M2I18M1D13M3I2M4I25M2I21M5I4M4I3M5I28M2I66M2D38M5D8M
1	3010	0.309	1.023E-68	0	970	971	0	786	787	269M1D11M6I7M35I10M10I18M83I17M19I24M33I10M15I21M1I26M1D13M2D38M1D5M1D49M2I16M2D14M2I7M2I6M1I18M3I24M16I57M1I30M1D6M2D5M7D11M11D22M16D8M
2	3006	0.319	1.266E-68	1	966	971	6	780	781	103M1I56M1I134M23I12M54I5M16I8M14I5M15I25M20I18M18I42M7I3M11I34M1D33M1D14M2D45M1D11M1D6M4D63M5D9M1I7M27I19M14I10M1D36M3D11M5D12M3D16M4D7M
20	3001	0.317	1.652E-68	0	970	971	0	754	772	5M2D274M7D13M2I35M33I8M35I13M28I8M54I7M40I6M18I9M2I39M2D39M4D3M2I45M2I18M1D24M7I16M2I28M14I53M2I41M2D38M7D8M
87	3000	0.319	1.742E-68	1	970	971	3	750	770	104M1D173M6D14M2I31M16I3M71I10M11I27M34I12M74I5M2I39M2D42M2D47M2I18M1D10M2I7M5I25M2I19M5I7M9I24M7I26M1D39M2D38M5D8M
89	2998	0.299	1.938E-68	4	970	971	6	759	777	101M1D164M16I11M135I23M37I27M10I60M2I39M2D39M4D3M2I47M2I16M1D13M3I2M4I35M2I13M10I5M4I28M2I66M2D37M6D9M
88	2979	0.314	5.325E-68	4	970	971	6	752	770	269M10I6M9I8M20I7M2D9M9I4M29I6M20I19M15I16M2I11M10I8M57I6M26I8M2I39M2D39M4D3M2I47M2I12M1D14M2I7M5I23M2I21M10I6M4I50M2I45M2D38M7D8M
37	2974	0.304	6.948E-68	2	970	971	0	810	829	13M2D144M1I105M16D4M22I14M10I9M45I4M44I7M7I8M5I13M13I12M19D24M19I43M1D20M2I39M2D37M1D5M1D49M2I16M1D13M1I12M2I25M3I14M12I2M4D11M4I12M15I55M1D6M1D46M
36	2929	0.302	7.616E-67	2	970	971	0	810	829	12M2D145M1I105M16D4M22I14M10I9M45I4M44I7M7I9M15I21M9D6M7D24M19I43M1D20M2I39M2D37M1D5M1D49M2I16M1D13M1I12M2I22M3I17M12I2M4D11M4I12M15I56M4D3M2I46M
125	2902	0.308	3.204E-66	3	969	971	25	812	813	264M1D4M2D27M17I18M16I13M36I9M14D14M4I21M9I5M41I7M8I38M3I21M13I63M13I127M1I10M1D8M6I14M4I13M20I15M3I72M3I7M
14	2900	0.319	3.563E-66	4	966	971	84	885	886	105M25I4M4I2M1D70M1D51M10D3M2I12M7I31M4I15M68I55M1I10M9I60M1I20M3I16M1I5M2I76M1D5M1D128M1I12M8I3M17I9M22I96M
123	2781	0.428	2.003E-63	44	773	971	0	713	715	230M3I11M3I47M3I29M1D37M4I65M7D23M7I17M4I13M1D13M4I180M1D18M2D19M
21	2737	0.363	2.082E-62	0	821	971	0	719	745	3M1I210M1D51M7D9M6I11M31I19M1I29M28I12M1I16M1I22M1I23M13I34M26I13M5I22M2I76M1D5M1D72M1I10M4D1M5I35M3I10M1D6M8D8M
121	2490	0.323	1.062E-56	11	836	971	1	618	619	256M15D6M8I8M12I14M40I7M18I10M25I9M6I5M39I11M9I17M16I10M42I13M1I22M1D11M2D43M2D51M2I16M2D14M2I9M3I22M7I4M4D19M2I6M2I9M
12	2489	0.317	1.120E-56	4	852	971	1	674	675	261M7D23M33I21M73I30M7I12M18I22M22I22M15I25M2I27M1I7M2D35M1D7M1I3M2I46M2I17M1D13M2I36M9I14M1I14M2D26M
9	2342	0.276	2.793E-53	4	970	971	6	619	639	101M1D165M51I21M85I28M20I8M98I13M10I3M66I45M2I18M1D13M2I4M5I25M2I19M19I32M2I8M1I19M2D30M1D6M1D40M4D6M
11	2135	0.304	1.696E-48	0	832	971	0	595	596	42M32I201M6D16M9I12M20I10M57I3M8I16M7I14M53I11M23I15M27I9M5I25M1D10M2D41M1D5M1D49M2I16M2D14M2I8M3I23M3I17M1D25M
19	1779	0.204	2.857E-40	2	970	971	9	732	735	31M1D17M2D43M1I11M1I42M1D11M5D4M8D20M1I3M3D27M2D51M16D4M59I10M67I19M4I5M9I4M69I5M8I14M14I24M3I5M4I12M2D6M2D46M1I5M1D14M2D79M3D4M1D40M22I36M17I24M11I23M1D8M1I18M3I9M
90	1327	0.156	7.955E-30	0	961	971	0	691	697	33M1I10M5I55M1I41M5D17M1I21M1I29M12I3M1I34M29D9M28I28M27I9M44I10M15I13M46I15M82I33M2I5M1I5M2D8M1I5M3D18M6D3M2I31M1I3M5D7M3I19M2D22M11I16M6I15M1I35M4I8M28I8M1I4M1I10M1D12M1D10M1D15M1D17M
4	1215	0.175	3.081E-27	9	965	971	8	687	688	40M4I51M1I38M3D4M2D19M1I19M1I22M4D10M12I46M96I9M2I14M12I12M16I6M7I6M15I7M13I16M1D9M7I40M15I47M3I14M3D2M1D8M2I11M5D8M3I5M5D4M1D23M2D6M2D3M3I18M2D14M1I7M7I6M4I11M84I8M3D7M3I5M4D12M7I7M1D22M3D22M
129	1172	0.164	3.036E-26	10	957	971	0	646	656	3M1D1M1I18M1I9M35I3M2D4M1D19M1I41M3D4M2D13M1I18M1I33M13I36M9D14M194I3M8D14M23I32M12I17M2D16M7I27M3I12M2D6M1D8M1D10M3D11M1D32M1I2M5D9M3I16M2D16M8I3M6I16M3I27M24I13M5I29M4D1M1I7M4I4M2I2M2I12M1D8M1D13M1D15M
99	923	0.270	1.723E-20	5	353	971	17	365	450	8M1D1M1I18M1I11M5I54M1I38M3D4M1D14M1I23M1I24M2D12M12I31M17D13M1I42M1I32M
17	835	0.151	1.861E-18	9	962	971	3	973	985	22M2I25M3I14M1I4M1D26M1I38M2D3M1D15M2I6M11D17M1I18M12D8M8D3M7D7M4I30M20D7M27D30M2D15M3D15M5D82M1D9M3D32M8D7M3D20M5I65M1D13M2D12M1D15M5I10M2I14M4I10M17I6M3I10M7D33M55I16M1I27M4I24M3D36M11D13M3D9M1D10M14I6M4I5M5I6M6D17M1D11M
93	677	0.157	8.333E-15	11	607	971	13	774	803	34M7I41M1I11M1I39M3D3M4D15M2I4M1I13M2D29M4I6M2I6M20D32M3D8M6D13M21D65M105D23M1D29M1I27M3D34M1D12M6D28M14D28M1I27M1D28M5I17M
 61	6815	1.00	0.000E+00	0	932	933	0	932	933	933M
64	6327	0.933	0.000E+00	0	932	933	0	967	968	488M35D445M
131	6191	0.933	0.000E+00	0	932	933	0	895	896	487M40I285M3D121M
25	6009	0.839	0.000E+00	0	932	933	0	969	970	349M2I61M1D63M39D15M1I442M
26	5988	0.854	0.000E+00	0	932	933	0	969	970	349M2I61M1D77M10D3M28D441M
34	5988	0.852	0.000E+00	0	932	933	0	969	970	349M2I62M1D76M10D3M28D441M
75	5988	0.847	0.000E+00	0	932	933	0	969	970	415M1D73M36D445M
5	5986	0.855	0.000E+00	0	932	933	0	969	970	349M2I61M1D77M10D3M28D441M
86	5984	0.852	0.000E+00	0	932	933	0	969	970	349M2I62M1D76M10D3M28D441M
29	5977	0.852	0.000E+00	0	932	933	0	969	970	349M2I61M1D77M10D3M28D441M
38	5974	0.846	0.000E+00	0	932	933	0	968	969	417M1I53M19D17M18D445M
105	5971	0.835	0.000E+00	0	932	933	0	962	963	417M1D15M1I52M37D296M1I9M6I136M
31	5944	0.851	0.000E+00	0	932	933	0	969	970	349M2I67M1D71M10D3M28D441M
85	5940	0.837	0.000E+00	0	932	933	0	969	970	349M2I62M1D62M39D15M1I442M
6	5937	0.851	0.000E+00	0	932	933	0	969	970	349M2I61M1D77M10D3M28D441M
24	5927	0.851	0.000E+00	0	932	933	0	969	970	349M2I63M1D74M38D445M
30	5923	0.840	0.000E+00	0	932	933	0	971	972	417M1D54M25D22M12D52M1D388M
27	5913	0.852	0.000E+00	0	932	933	0	969	970	349M2I66M1D72M10D3M28D441M
53	5907	0.841	0.000E+00	0	932	933	0	963	964	417M1D71M37D23M7I415M
106	5901	0.838	0.000E+00	0	932	933	0	969	970	349M2I62M1D59M39D18M1I442M
39	5895	0.845	0.000E+00	0	932	933	0	964	965	417M1D54M33D329M1I35M1I96M
28	5890	0.853	0.000E+00	0	932	933	0	970	971	349M2I18M1D50M1D70M10D3M28D441M
33	5889	0.838	0.000E+00	0	932	933	0	969	970	349M2I62M1D75M38D445M
112	5853	0.834	0.000E+00	0	932	933	0	970	971	417M1D71M37D293M1I33M1D118M
107	5834	0.804	0.000E+00	0	932	933	0	968	969	349M2I66M1D55M39D15M1I327M1I117M
62	5779	0.805	0.000E+00	0	932	933	0	930	931	414M14I7M19I17M33D317M9I4M8D35M1I96M
119	5765	0.817	0.000E+00	0	932	933	0	967	968	393M2I22M1D52M22D9M5D10M10D304M8I7D133M
111	5737	0.825	0.000E+00	0	932	933	0	937	938	433M1D7M8D30M2I15M1I293M1I151M
22	5601	0.780	0.000E+00	0	932	933	0	957	958	334M1I16M1I4M1I62M6I40M23D28M12D288M1I151M
104	5474	0.816	0.000E+00	0	932	933	0	937	938	43M32I274M2I62M1D75M38D445M
94	5469	0.758	0.000E+00	0	932	933	0	923	924	334M1I52M1I51M10D18M8I27M1I29M2I258M1I50M5I95M
67	5395	0.721	0.000E+00	0	932	933	1	963	964	334M1I79M1D43M2I30M37D300M5I5M1D14M1I119M
108	5372	0.756	0.000E+00	0	932	933	0	927	928	334M1I52M1I25M1I26M11D16M3I10M3I20M1I15M1D17M2I254M1I58M4I89M
32	5367	0.829	0.000E+00	42	932	933	1	928	929	307M2I61M1D60M39D18M1I442M
102	5222	0.675	0.000E+00	0	932	933	0	963	964	334M1I79M1D43M2I26M7D7M25D310M1D131M
118	5083	0.667	0.000E+00	0	928	933	0	974	978	338M1I107M4D43M39D5M1D46M1I181M1I12M2D49M1D20M1I13M3D111M
72	5049	0.648	0.000E+00	0	931	933	0	957	958	333M1I121M22D17M11D52M1I15M1I179M1I61M1I19M1I12M1I116M
110	4995	0.832	0.000E+00	90	932	933	0	879	880	259M2I62M1D75M38D445M
127	4912	0.639	0.000E+00	0	931	933	43	1012	1013	334M1I112M4D42M23D8M18D27M1I17M1I177M1I60M1I20M1I36M1I92M
115	4775	0.572	0.000E+00	0	932	933	0	981	982	305M3D59M1D33M1D42M1I25M3I17M44D56M1D217M1D21M1D52M2D98M1I3M
16	4745	0.588	0.000E+00	0	929	933	34	976	978	305M1I20M1D9M3I8M2I46M1D14M2I34M1I18M2I48M10D14M6D13M9D177M1I104M2I106M
81	4677	0.788	0.000E+00	39	846	933	7	877	885	378M1I59M1I10M37D292M2D38M26D29M
68	4670	0.621	0.000E+00	3	932	933	8	900	901	8M10I7M2I405M1I10M9I3M12I50M2D22M1I177M1I61M2I145M1I3M
15	4662	0.580	0.000E+00	0	929	933	36	981	983	303M1I22M1D12M3I5M3I49M1D10M2I34M1I52M1I10M2D14M13D5M2D22M9D168M1I212M
130	4653	0.569	0.000E+00	0	931	933	0	982	983	295M3D73M1D28M1D29M1D16M2D42M7D10M20D15M3D8M9D24M3D218M1D23M1I59M1D91M
80	4608	0.639	0.000E+00	42	931	933	1	930	931	288M1I116M4D40M10D3M30D30M1D22M1I177M1I61M1I19M1I129M
74	4604	0.594	0.000E+00	7	930	933	1	915	926	331M2I91M3D38M19D63M1I188M2I30M1I35M6I12M1I7M1I85M17I13M
73	4602	0.625	0.000E+00	23	931	933	2	932	933	311M1I110M5I41M4D21M5D11M20D199M1I32M1I34M1D142M
59	4578	0.547	3.483E-104	0	932	933	0	979	982	7M1D287M3D74M1D29M1D23M1D12M2D56M12D6M15D19M24D22M1D183M1I39M1D23M14I12M1I27M1D98M
84	4557	0.625	9.501E-104	47	931	933	0	928	929	286M1I112M4D49M5D3M16D31M25D11M1I179M1I60M1I20M1I36M1I92M
116	4482	0.532	5.031E-102	0	932	933	0	892	893	266M5D11M4I51M7I7M1I11M1I25M4I19M5I4M5I21M4I60M1D15M2D7M3D230M1D19M4I2M14I45M4I17M1D70M
113	4481	0.531	5.304E-102	0	932	933	0	914	915	274M2D4M1I51M7I9M1I20M1D80M1D24M3D25M2D262M1D17M11I4M7I40M5I86M4D5M
43	4464	0.524	1.302E-101	0	932	933	0	927	931	266M5D11M4I65M2I20M1D16M1I63M9D39M1D15M1I19M2D236M1D24M15I40M1I95M
3	4456	0.530	1.988E-101	0	931	933	0	881	882	268M9D5M8I45M1I7M18I15M1D45M10I32M5I21M3I41M2I18M2D214M1D24M15I40M1I94M
45	4453	0.524	2.329E-101	0	931	933	0	922	927	266M5D11M4I71M1I15M1D23M2I15M9D12M2D26M3I38M1I270M1D24M15I40M1I94M
52	4449	0.518	2.877E-101	0	932	933	0	904	913	267M9D6M8I45M1I7M3I29M1I136M8I14M1I232M1D24M15I40M1I95M
44	4439	0.541	4.881E-101	0	932	933	0	882	886	268M2D10M1I47M1I7M1I6M17I9M1D45M10I13M5I40M3I41M4I11M2D5M2D214M1D24M15I40M1I95M
57	4420	0.531	1.332E-100	0	932	933	0	929	931	278M1D23M1I40M1I25M1D111M2I26M4D8M2D17M2D12M3D214M1D24M15I40M1I91M3D4M
49	4418	0.524	1.481E-100	0	932	933	0	858	862	267M9D6M8I45M1I7M18I15M1D45M30I15M3I6M9I41M2I28M2D212M1D24M15I40M1I95M
109	4410	0.517	2.260E-100	0	929	933	0	913	915	281M1D65M2I20M1D77M4D313M1D25M16I40M5I86M
54	4401	0.529	3.636E-100	0	932	933	0	919	923	281M1D87M1D23M2I106M1I28M3D230M1D24M15I40M1I95M
51	4399	0.527	4.041E-100	0	930	933	0	925	932	281M1D59M4I24M1D105M2D23M7D32M3D230M1D14M1D15M16I34M1I93M
76	4390	0.530	6.503E-100	0	932	933	0	921	925	266M5D11M4I64M3I20M1D23M1I53M1D71M2D12M3D230M1D12M4D14M19I34M1I95M
50	4386	0.531	8.033E-100	0	932	933	0	904	906	266M5D11M4I87M1I14M1D11M3I15M10I24M3I50M1I28M3D230M1D24M15I40M1I95M
56	4385	0.521	8.469E-100	0	932	933	0	926	931	266M5D11M4I58M4I24M1D41M3I4M7I50M5D18M5D28M9D12M3D226M1D23M15I45M1I87M1I5M
69	4381	0.518	1.046E-99	0	932	933	0	920	924	277M1D62M1I18M10I16M2I54M5D58M2D20M8D240M1D14M6D4M21I40M1I95M
71	4380	0.523	1.103E-99	4	932	933	16	933	934	262M5D11M4I71M1I15M1D23M2I106M1I28M3D230M1D24M15I40M1I91M3D4M
77	4375	0.518	1.437E-99	0	932	933	0	919	925	277M1D114M1I20M4D51M1I292M1D18M7I11M10I41M1I86M1D3M
46	4361	0.518	3.011E-99	0	932	933	0	925	926	266M5D11M4I59M4I24M1D61M2I26M3I68M3D230M1D26M19I34M1I64M12D27M4D4M
78	4346	0.532	6.651E-99	0	931	933	0	939	940	280M1D21M1I43M3I20M1D23M1I21M12D7M2D14M4I8M1I106M7D205M1D17M1I6M6I61M1D83M
35	4344	0.516	7.393E-99	0	932	933	0	925	929	268M10D10M9I40M1D19M2I20M1D16M1I62M6D32M1I8M1I20M2I8M5D239M1D25M14I40M1I95M
48	4341	0.529	8.663E-99	0	931	933	0	898	899	265M5D12M4I12M2I38M1I10M5I14M1D21M4I39M6I25M8I36M1I13M4D22M5D220M1D28M18I128M
41	4339	0.529	9.628E-99	0	932	933	0	921	924	266M5D11M4I18M3I25M1D26M4I10M1D36M8D18M2D32M1D4M3I11M1D22M2D40M1I224M1D16M2I6M16I39M1I90M1D5M
42	4332	0.522	1.394E-98	0	931	933	0	932	933	279M1D12M3I16M1D28M9I15M1D33M1I15M3D37M6D47M2D14M1D7M3D14M1D228M1D24M7I56M1D87M
23	4312	0.523	4.011E-98	0	931	933	0	934	935	279M1D22M1I36M9I15M1D30M1I19M3D36M6D47M2D5M1D22M4D30M1D207M1D23M7I53M1D90M
13	4307	0.518	5.224E-98	0	932	933	0	890	894	266M5D11M4I41M3D14M1D8M11I12M1D40M5I13M8I24M14I26M2D26M3D235M1D21M15I33M1I105M
60	4299	0.503	7.972E-98	5	932	933	1	990	994	5M2D21M10D7M3D256M3D39M2I31M1D24M1D22M27D11M9D35M5D66M1D18M2D7M8D169M1I39M1D16M2I26M6I33M1D86M1I5M
70	4274	0.513	2.988E-97	0	932	933	0	857	858	266M5D11M4I20M1I3M17D10M42I11M1D23M2I19M10I14M5I20M4I44M18I231M1D24M15I40M1I91M3D4M
82	4272	0.524	3.321E-97	3	931	933	28	946	947	4M1D258M5D12M4I29M1D23M6I29M1D24M1D33M3D33M9D41M3I15M2I239M1D13M14I8M4I44M1D91M
47	4264	0.512	5.068E-97	0	928	933	0	811	820	268M10D10M9I58M5I14M1D20M1I22M5I3M45I8M7I3M4I19M2I13M12I12M1I217M1D24M15I26M23I83M
83	4258	0.514	6.959E-97	0	931	933	25	946	947	265M5D12M4I20M1I31M7I28M1D24M1D29M4D25M4D9M4D41M1I261M1D28M18I37M1D91M
66	4242	0.513	1.621E-96	0	931	933	0	922	923	82M1D198M1D21M1I31M6I19M10I24M1I17M5D32M1D18M3D35M2D13M2D42M1I207M1D27M7I50M1D90M
58	4231	0.522	2.899E-96	0	932	933	0	885	889	266M5D11M4I71M1I15M1D23M2I40M1D24M7I45M18I231M1D10M1I13M21I34M1I95M
65	4212	0.520	7.911E-96	7	932	933	2	876	879	296M2D60M1D74M11D34M1I11M1D60M1D175M1I36M65I113M
55	3960	0.485	4.805E-90	0	932	933	0	889	893	112M1I168M1D66M1I16M1D7M2I51M15I31M15D9M2I26M2D19M7D22M2D95M1I48M1I38M20I7M4I2M1I17M21I43M1I49M1I36M
79	3861	0.513	8.991E-88	52	931	933	0	888	889	228M1D21M1I43M3I15M1D28M1I20M12D8M2D14M2I13M1I11M2I86M4I2M12D203M1D13M4D9M11I51M1D90M
103	3804	0.501	1.828E-86	26	931	933	0	885	886	49M4I8M5I7M2I170M5I15M1D23M1D24M9I13M5I26M2I85M13D7M3D39M1I104M2D128M1D18M10I43M2D104M
117	3761	0.386	1.774E-85	0	932	933	0	995	1003	3M2D266M10D9M4I4M6I18M4I12M6D6M2I34M9I23M1I4M1I37M5D17M7D64M18D23M6D79M1D132M2D12M11D30M6D40M16D93M
128	3733	0.396	7.788E-85	5	932	933	6	875	876	262M6I6M9D21M13I6M4I10M15I19M11I38M21I22M1I10M2I25M3I30M10D101M1D127M1D12M1D19M6I37M1D93M1D8M
122	3619	0.370	3.220E-82	7	917	933	6	961	1001	261M2D20M1D47M27D28M11I64M1I20M2I18M8I16M11I22M3I11M3I77M1D119M1D9M1D12M4D22M4D3M30D21M11D92M2D10M
92	3608	0.360	5.758E-82	5	931	933	1	1083	1084	261M4D34M38D70M7D22M3D15M10D14M11D54M5D62M9D94M2D136M25D7M15D52M26D20M1D86M
101	3476	0.372	6.162E-79	5	928	933	20	932	936	260M6I20M3I23M1I38M1D14M4I44M2I4M1I46M3D63M4I10M1I6M3D1M1D58M2D104M11D40M1D22M11I138M
8	3466	0.362	1.045E-78	0	932	933	0	1011	1016	3M2D264M14D63M15D15M2D10M10D17M4I15M6D4M5D6M1D38M7D41M1D50M2D18M5I80M2D122M1D15M18D32M2D3M2D117M2I9M
18	3397	0.330	4.006E-77	5	925	933	1	1242	1248	264M5D36M2I79M5D42M1D14M15D8M1D7M5D18M9D27M22D34M23D11M15D70M1I11M1D141M5D18M9D6M21D15M138D13M18D10M17D15M14D79M
126	3294	0.368	9.261E-75	0	926	933	3	806	808	6M1D96M2I161M10I4M9D21M7I26M8I4M36I17M2I2M9I33M7I14M4I21M49I10M7D133M1I36M2I28M3I91M2D40M1I2M1I40M
100	3257	0.337	6.544E-74	0	932	933	0	802	806	3M1I268M10I10M25I15M62I23M5I6M3I31M3I35M8I43M2I75M1D5M1D85M3I3M5D30M3D21M22I49M2I44M1D34M5D7M
91	3240	0.343	1.607E-73	0	932	933	3	786	788	4M1D100M1D161M14D8M82I8M16I10M3I15M23I28M5I14M6I18M2I37M1I10M2I63M2I10M4D5M2I79M3I3M3I36M1I12M17I19M5I34M1I3M1I33M2D17M4D31M
114	3218	0.359	5.139E-73	0	928	933	0	926	929	220M1D46M5I21M2I41M3D38M2I25M2D11M1D32M4D12M4D157M2D86M5I12M3D43M1D12M6D17M5I24M12I20M2D81M
98	3190	0.321	2.257E-72	1	932	933	9	774	776	105M1D160M10D6M4I7M71I9M22I23M6I14M5I33M1I18M3I17M35I11M2I63M2I10M1D5M1D74M1I9M6I34M1I15M17I10M2I40M6I2M1I32M2D22M4D28M
97	3164	0.341	8.916E-72	1	922	933	22	774	786	105M1D160M3D2M9D11M76I8M22I24M1D6M18I32M11I11M8I12M1I9M9I20M7I62M3I10M1D5M1D84M6I34M1I14M2D10M20I40M8I36M1D16M2D21M
124	3137	0.348	3.714E-71	5	921	933	1	707	713	258M3D2M8D3M12D8M43I14M107I20M23I8D4M15I12M1I21M10I5M2I39M1D22M1I18M2D82M1I32M1I25M30I32M10I41M1D6M1I28M
7	3135	0.336	4.128E-71	0	932	933	0	819	857	3M3D100M1D177M7I17M17I8M24I17M26I62M1I40M4I15M10I14M13I36M2D43M3D46M2I17M1D20M6I36M1I18M10I34M4I55M2D50M
96	3127	0.329	6.300E-71	3	932	933	36	940	948	32M5I227M14D14M9I44M14I22M5I28M4I29M1D15M36D12M7I35M3I17M1I27M1D62M4I9M4D5M2I48M1I32M1I38M1D19M2I13M8I9M8I6M4I24M3I72M1I9M
10	3122	0.329	8.206E-71	4	932	933	25	782	784	102M1D159M10D14M76I8M22I23M3I13M17I17M7I42M20I19M7I62M2I11M4D5M2I82M6I34M1I17M12I6M7I14M1I20M2I10M5I31M2D21M2D29M
0	3116	0.329	1.127E-70	0	932	933	8	752	754	106M1D160M10D3M6D9M81I4M22I22M60I50M2I14M6I7M7I62M3I10M1D5M1D77M1D7M6I34M1I13M4D9M22I39M3I4M3I30M2D21M2D31M
120	3080	0.342	7.551E-70	0	932	933	0	760	764	4M2D98M2I164M5D17M7I37M64I6M2I17M1I13M4I23M9I19M29I22M4I8M4I33M2D39M1D7M1D47M2I17M1D51M4I7M1I13M20I16M8I6M23I2M1I35M1I40M2D6M
89	3076	0.319	9.329E-70	0	922	933	0	743	777	5M2D99M1D173M41I18M38I9M51I47M7I18M21I17M2I5M2I38M2D39M4D3M2I47M2I16M1D10M2I6M5I35M2I12M13I8M1I17M2I74M2D36M
63	3045	0.325	4.800E-69	4	922	933	6	743	778	97M1D166M1I16M116I8M17I16M7I16M11I32M1I28M4I5M1D6M2I38M2D39M4D2M2I46M2I17M1D11M2I7M5I23M2I32M14I14M1D12M7I54M4D3M2I36M
87	3042	0.335	5.625E-69	4	922	933	6	735	770	97M1D166M1I10M7D23M6I12M3I5M35I3M64I15M44I28M9I12M9I5M2I38M2D42M2D47M2I17M1D11M2I7M5I25M2I21M5I9M9I14M12I25M3D4M3D33M2D40M
40	3042	0.316	5.625E-69	0	922	933	0	742	776	5M1D99M1D174M8D7M3D4M1I44M81I9M16I22M9I6M11I4M53I6M2I38M2D39M4D3M2I45M2I18M1D10M2I7M5I34M2I15M1I31M15I65M2D36M
20	3040	0.323	6.252E-69	0	922	933	0	737	772	5M2D274M90I6M31I8M12I17M7I8M9I4M2I43M8I10M5I10M3I39M2D39M4D3M2I45M2I17M1D25M7I17M1I12M1I10M5I9M9I49M2I38M2D39M
88	3028	0.317	1.179E-68	4	922	933	6	735	770	271M19I12M46I6M15I14M7I21M32I10M2I2M5I26M32I8M9I10M2I38M2D39M4D3M2I47M2I12M1D14M2I7M5I24M1I12M1I19M14I16M2I74M2D36M
2	3015	0.317	2.343E-68	3	932	933	8	780	781	99M1I58M1I167M80I9M17I13M13I24M12I34M13I4M5I35M1D43M3D49M1D11M1D6M4D62M5D16M27I17M7I13M4I5M3I32M3D11M5D12M3D27M
1	3009	0.319	3.217E-68	0	922	933	0	760	787	269M1D11M6I10M107I12M18I14M2I16M20I28M10I27M1I26M1D13M2D38M1D5M1D49M2I16M2D14M2I9M6I50M14I53M3I30M1D6M2D9M7D6M8D2M3D19M
95	3003	0.321	4.418E-68	5	932	933	1	715	720	98M2I162M5D18M147I20M20I35M11I19M2D12M9D4M2I32M2D44M2D51M2I16M1D51M5I24M22I9M12I18M6I1M3I35M1I34M1I11M
125	2974	0.321	2.045E-67	3	921	933	25	805	813	268M3D21M11I18M24I26M12D14M9I21M35I9M11I31M1I14M3I21M13I63M13I127M1I10M1D13M6I19M7I10M6I9M14I71M
37	2934	0.317	1.693E-66	2	932	933	0	810	829	13M2D144M1I107M14D11M12I48M46I2M27D11M15I4M18I22M9I10M7I18M13I19M10I5M4I40M2D37M1D5M1D49M2I15M1D14M1I11M2I26M1I5M2I13M24I11M2I14M1I59M2D48M
14	2930	0.331	2.092E-66	4	926	933	84	883	886	106M25I4M3I72M1D53M5D8M6I23M4I24M8I25M12I82M9I9M4I35M7I19M3I6M2I75M1D5M1D128M1I11M25I15M22I92M
36	2904	0.311	8.266E-66	2	932	933	0	806	829	12M2D145M1I107M14D11M12I46M41I10M22D10M15I4M18I22M9I11M7I17M13I5M12I21M2I38M2D37M1D5M1D49M2I16M1D13M1I11M2I26M2I6M1I8M8D7M34I14M1I56M4D3M2I36M4I6M
21	2760	0.368	1.668E-62	4	774	933	3	701	745	210M1D51M4D13M3I10M31I18M1I26M30I82M1I43M6I22M2I75M1D5M1D72M1I10M4D2M5I27M3I22M
123	2712	0.429	2.107E-61	44	735	933	0	713	715	224M2D12M8I68M3I12M6I43M4D48M25D25M2D25M3D183M1D21M2D14M
121	2514	0.325	7.377E-57	11	798	933	1	618	619	258M14D7M7I15M6I11M134I9M24I7M11I8M11D9M2I5M3D17M8I3M1D25M1D11M2D43M2D51M2I13M2D17M2I9M3I22M3I27M4I15M
12	2494	0.331	2.123E-56	4	815	933	1	674	675	263M5D5M2D10M4I20M19I9M63I32M5I22M21I37M17I9M1I10M2I26M1I7M2D35M1D7M1I3M2I45M2I15M1D16M2I36M9I56M
9	2366	0.279	1.839E-53	4	926	933	6	609	639	97M1D166M1I10M134I4M2I15M59I21M29I4M3I1M12D6M10I3M66I45M2I17M1D14M2I4M5I25M2I19M1I7M13I18M12I23M6D39M2D44M
11	2162	0.309	8.839E-49	0	787	933	0	583	596	42M32I200M98I9M15I20M25I21M19I36M4I27M4I25M1D10M2D41M1D5M1D49M2I15M2D15M2I8M3I23M3I22M4I9M
19	1806	0.209	1.308E-40	2	920	933	9	723	735	31M1D16M2D44M1I9M1I44M1D11M5D6M8D18M1I3M3D27M2D51M12D10M104I6M17I22M44I27M23I28M7I13M2D6M2D47M1I4M1D16M2D77M3D3M1D39M4I5M2I17M1I25M13I22M30I16M1D8M1I18M
90	1394	0.173	3.735E-31	0	925	933	0	693	697	32M1I14M5I50M1I43M5D17M1I21M1I29M12I3M1I34M29D9M28I26M27I8M22I10M16I11M15I8M28I6M5I6M63I33M2I5M1I5M2D8M1I5M2D16M5D38M1I3M5D7M3I19M2D18M14I25M3I19M8I30M26I3M1D8M1I4M1I10M1D12M1D11M1D14M1D19M
4	1280	0.169	1.544E-28	9	926	933	8	686	688	39M4I50M1I41M3D5M2D14M1I22M1I22M4D10M12I48M2I43M3I6M38I3M63I8M4I8M19I57M18I12M3D25M3I14M3D2M1D6M9I12M10D7M5D30M2D7M2D2M3I18M2D14M1I7M7I6M4I11M18I13M63I5M3I7M3I3M2I15M3D23M3D21M
129	1163	0.169	7.478E-26	10	919	933	0	646	656	2M1D2M1I17M1I10M35I3M2D4M1D17M1I43M3D4M2D13M1I18M1I33M13I38M2D16M20I4M64I3M14D8M55I11M2I11M20I5M36I16M1I9M1I10M4D27M3I12M2D6M1D8M1D7M3D14M1D32M1I2M5D9M3I18M2D18M11I20M6I22M21I28M1I17M3I2M1I7M9I3M1D16M1D6M1D13M1D15M
99	930	0.263	1.664E-20	5	349	933	17	361	450	7M1D2M1I16M1I13M5I52M1I41M3D3M1D14M1I23M1I24M2D12M12I34M16D53M1I28M
17	789	0.163	2.866E-17	9	856	933	3	921	985	22M2I25M3I14M1I4M1D26M1I38M2D3M1D21M9D18M1I19M12D8M8D3M7D7M4I30M2I6M49D15M12D4M4D16M19D15M2D24M7D27M1D48M5D41M1I32M2D18M8D23M3D17M5I10M2I14M4I10M17I5M3I14M1I6M5D4M8D17M57I6M1I44M5D12M2D55M3D12M1D10M
93	658	0.155	2.909E-14	11	657	933	13	801	803	34M7I41M1I11M1I39M3D3M4D15M2I4M1I13M2D29M4I6M2I6M20D32M3D9M6D19M5D35M3I19M1I27M100D21M7D95M1D8M13D15M12D38M1I9M6D17M5I7M10I6M4I31M2D16M
 77	6706	1.00	0.000E+00	0	924	925	0	924	925	925M
51	5618	0.794	0.000E+00	0	922	925	0	931	932	346M6I15M3D20M1D78M1I45M10D265M2D147M
76	5598	0.806	0.000E+00	0	922	925	0	924	925	344M5I20M3D68M1D28M1I46M3D271M2D137M1I2M
54	5543	0.798	0.000E+00	0	920	925	0	921	923	344M2I18M3D24M1I79M1I15M7I20M7D272M2D138M
50	5516	0.801	0.000E+00	0	919	925	0	905	906	348M4I15M3D18M1I50M21I54M7D272M2D137M
56	5489	0.785	0.000E+00	0	923	925	0	930	931	323M2I17M4I18M3D23M1D116M1I6M10D274M2D133M2I5M
43	5481	0.783	0.000E+00	0	920	925	0	929	931	344M4I27M3D63M1D27M1I45M8D269M2D141M
71	5464	0.789	0.000E+00	4	920	925	16	932	934	340M3I22M3D19M1I79M1I15M7I20M7D272M2D138M
46	5455	0.778	0.000E+00	0	922	925	0	925	926	346M6I15M3D20M1D50M13I6M1I11M1I42M10D264M2I111M12D35M
41	5434	0.758	0.000E+00	0	923	925	0	923	924	292M3I38M1I10M4I21M3D20M1D33M1I44M1I42M9D268M1I137M2I6M
109	5432	0.780	0.000E+00	0	915	925	0	913	915	344M4I19M3D19M1D98M1D27M3D29M3I240M2D8M1I34M4I86M
45	5428	0.790	0.000E+00	0	920	925	0	925	927	388M1I68M5D11M1I15M7I20M7D272M2D138M
57	5428	0.773	0.000E+00	0	922	925	0	930	931	303M1I45M3I11M3D21M1D45M1D8M1D28M1I39M6D10M1D28M2I231M2D147M
35	5409	0.766	0.000E+00	0	920	925	0	927	929	335M1D9M4I19M3D73M2I23M1I17M3I25M10D264M3D146M
69	5397	0.772	0.000E+00	0	920	925	0	922	924	344M11I29M1I52M1D46M1D28M10D269M2D141M
52	5390	0.776	0.000E+00	0	924	925	0	908	913	327M2I6M2I7M4I19M3D21M1D51M3I23M1I12M4I8M1I12M1I14M2I260M2D137M2I6M
3	5346	0.764	0.000E+00	0	917	925	0	881	882	327M2I12M16I31M1D77M1I12M4I8M1I12M1I5M3I24M11I231M2D140M
49	5342	0.770	0.000E+00	0	920	925	0	860	862	327M2I12M16I31M1D49M17I8M8I8M4I8M1I12M1I5M3I24M11I231M2D143M
113	5341	0.774	0.000E+00	0	922	925	0	914	915	344M6I6M4I9M3D15M1D53M1D28M1I12M4I22M7D275M1I45M4I94M
44	5325	0.759	0.000E+00	0	920	925	0	884	886	327M2I6M2I5M14I32M1D77M1I12M4I8M1I12M4I29M11I231M2D143M
13	5312	0.750	0.000E+00	0	923	925	0	893	894	340M6I38M1D33M3I39M17I27M3D29M8I242M2D135M2I5M
70	5237	0.743	0.000E+00	0	920	925	0	856	858	307M14D2M42I18M3D19M1I48M38I4M9I23M7D272M2D138M
58	5219	0.775	0.000E+00	0	920	925	0	887	889	344M3I20M3D21M1I38M26I15M1I15M7I20M7D265M5I140M
116	5209	0.759	0.000E+00	0	917	925	0	891	893	346M6I13M3I22M3I85M4I7M2I13M5I269M1I31M1D15M4I20M1D69M
48	5142	0.727	0.000E+00	0	917	925	0	898	899	302M2I40M4I5M1I34M3I29M4D26M3I18M1I18M4I21M1D23M6I239M2I3M1D39M1D95M
83	5102	0.727	0.000E+00	7	917	925	32	946	947	295M2I6M1D37M6I35M2D32M4D17M1D30M1I67M4D243M1I46M2D93M
82	5095	0.721	0.000E+00	5	917	925	30	946	947	2M1D299M1D42M5I35M2D32M4D17M1D30M1I308M2D10M3I36M2D93M
78	4983	0.685	0.000E+00	0	916	925	0	938	940	294M1I49M5I15M3D47M1I10M4D15M1I33M1I33M3D13M3D6M6D250M5D17M5D42M2D84M
42	4967	0.689	0.000E+00	0	917	925	0	932	933	294M2I48M5I12M3I47M1I7M4D18M3I30M1D51M2D4M10D254M2D9M4D5M4D39M2D86M
47	4908	0.707	0.000E+00	0	920	925	0	819	820	345M7I17M3D53M33I7M6I14M39I27M1I229M5D7M3I17M11I4M11I85M2D5M
23	4895	0.675	0.000E+00	0	917	925	0	934	935	294M1I50M7I14M1I44M1I7M4D18M3I30M1D46M11D16M2D19M2I2M2D219M2D18M8D37M2D89M
55	4833	0.699	0.000E+00	0	923	925	0	892	893	112M1I236M3I18M1D18M1D70M11D1M15I19M4I14M7D9M1D6M6D119M1I49M1I44M25I3M1I9M1I6M3I94M1I34M2I5M
66	4809	0.667	0.000E+00	0	917	925	0	922	923	82M1D212M1I47M4I9M12I44M1I8M4D39M1I8M1I57M1D9M4D15M3D229M2D13M8D37M2D89M
130	4719	0.616	0.000E+00	0	917	925	0	982	983	278M1I18M3D47M1I12M1I11M3D26M2D28M1I30M16D20M2D10M2D15M5D13M5D9M2D6M9D16M2D235M2D11M14D35M2D94M
79	4446	0.667	3.550E-102	53	917	925	1	888	889	241M1I54M5I10M3D57M3D16M1I30M1I45M5D10M7D29M1D221M6D19M4D39M2D86M
39	4389	0.517	7.430E-101	0	914	925	0	960	965	277M1I119M1D75M18D25M1D10M5D13M5D9M2D230M1I18M3I9M19D125M
30	4388	0.504	7.837E-101	0	924	925	0	971	972	277M1I118M1D76M18D25M1D6M9D14M5D11M3D232M1I22M1I7M18D39M1D83M6I6M
111	4383	0.526	1.023E-100	0	919	925	0	937	938	277M1I118M1D11M5D27M5D17M2I30M3I37M2I234M1I17M6D10M10D27M1D100M1I5M
59	4381	0.539	1.139E-100	0	920	925	0	981	982	6M1D268M1I19M3D42M1D61M2D25M15D9M2D10M1D32M3D11M1D8M5D16M22D19M3D195M1I57M2D48M2D93M
67	4380	0.525	1.201E-100	5	922	925	6	963	964	272M1I49M1I67M1D47M1D28M12D27M4D11M14D16M1D7M1D228M1I18M1D16M11D35M1D86M4I4M
33	4379	0.512	1.267E-100	0	919	925	0	969	970	277M1I77M2I39M1D14M8D14M8D50M2D14M2D35M14D9M2D224M1I20M6D14M11D19M1D103M1I6M
112	4377	0.504	1.409E-100	0	919	925	0	970	971	277M1I74M2I15M2D27M1D76M16D24M3D27M14D9M2D228M1I22M1I28M19D102M1I5M
61	4357	0.523	4.097E-100	0	919	925	0	932	933	277M1I118M1D34M1I38M3I17M1D15M2I26M2D227M1I18M7D4M3D7M7D41M1D86M1I3M
119	4351	0.502	5.642E-100	0	924	925	0	967	968	277M1I117M1I74M15D27M4D13M4D21M12D228M1I21M2D8M14D24M1D100M6I6M
72	4336	0.517	1.256E-99	0	922	925	0	957	958	277M1I49M1I66M1D29M3D22M2D14M21D34M2D228M1I37M1I22M15D21M1I22M1D88M5I4M
115	4335	0.549	1.325E-99	0	923	925	0	981	982	277M1I16M3D49M1D54M2D34M13D39M1D16M1D12M5D14M1D30M11D8M6D228M13D11M5D34M3D91M6I4M
38	4334	0.509	1.397E-99	0	916	925	0	966	969	277M1I114M1D18M6D10M3D25M1I7M25D306M1I27M17D27M1D103M
28	4334	0.512	1.397E-99	0	919	925	0	970	971	277M1I77M1I40M1D80M12D20M8D25M4D10M12D225M1I20M6D14M11D22M1D101M1I5M
62	4332	0.517	1.555E-99	0	924	925	0	930	931	277M1I119M1D42M15D51M4I11M11I12M3I228M1I23M1I7M17D122M6I6M
85	4331	0.510	1.640E-99	0	919	925	0	969	970	277M1I77M2I39M1D78M15D12M5D37M4D9M12D224M1I20M6D14M11D22M1D101M1I5M
53	4320	0.518	2.949E-99	0	919	925	0	963	964	277M1I49M2I41M2D26M1D74M12D27M7D12M8D23M1D227M1I17M6D5M4D7M7D37M1D88M1I5M
75	4312	0.515	4.519E-99	0	919	925	0	969	970	277M1I118M1D79M8D20M11D9M4D17M9D11M2D227M1I17M6D6M4D7M7D34M1D90M1I5M
118	4306	0.529	6.224E-99	0	917	925	0	977	978	277M1I49M1I66M1D37M18D19M1D15M2D13M3D25M5D21M11D195M1I20M2D19M1I18M7D13M10D14M3D11M1D102M
24	4301	0.511	8.127E-99	0	919	925	0	969	970	277M1I73M4I20M2D21M1D73M18D19M2D35M14D9M2D224M1I21M6D13M11D22M1D100M1I6M
127	4301	0.523	8.127E-99	0	922	925	43	1012	1013	277M1I49M1I71M1D9M7D13M3D15M1D12M5D20M5D18M3D16M12D4M4D215M1I37M1I20M4D2M11D21M1I22M1D89M5I3M
105	4300	0.512	8.573E-99	0	922	925	0	962	963	277M1I74M2I21M2D17M1D37M4I22M3D14M12D26M7D8M4D47M12D209M1I17M6D7M4D26M1D105M4I4M
107	4299	0.500	9.043E-99	0	924	925	0	968	969	277M1I76M2I40M1D76M16D11M1D12M3D9M1I27M17D228M1I16M6D14M11D122M6I6M
27	4298	0.508	9.538E-99	0	919	925	0	969	970	277M1I77M2I39M1D78M17D21M3D28M4D8M12D225M1I21M7D13M10D35M1D88M1I5M
25	4297	0.508	1.006E-98	0	919	925	0	969	970	277M1I77M2I39M1D76M15D26M5D25M4D8M12D225M1I20M6D14M11D22M1D101M1I5M
6	4296	0.510	1.061E-98	0	919	925	0	969	970	277M1I77M2I39M1D26M16D52M1D21M3D28M4D8M12D225M1I20M6D14M11D21M1D102M1I5M
86	4294	0.514	1.181E-98	0	919	925	0	969	970	277M1I73M4I14M2D27M1D14M8D14M8D59M1D25M7D23M12D225M1I20M6D14M11D22M1D101M1I5M
131	4292	0.515	1.314E-98	0	919	925	0	895	896	277M1I118M1D12M10I15M16I15M17I21M3I12M10D11M7I224M1I18M7D26M13D22M1D88M1I5M
29	4289	0.508	1.542E-98	0	919	925	0	969	970	277M1I73M4I20M2D21M1D76M15D26M5D12M7D18M9D228M1I20M6D14M11D22M1D101M1I5M
106	4288	0.513	1.626E-98	0	919	925	0	969	970	277M1I73M4I16M2D25M1D75M12D25M8D25M14D8M2D227M1I20M6D14M11D22M1D101M1I5M
64	4287	0.511	1.715E-98	0	919	925	0	967	968	277M1I74M2I15M2D27M1D34M1I41M16D23M12D26M3D11M2D227M1I18M7D11M10D37M1D88M1I5M
31	4278	0.514	2.772E-98	0	919	925	0	969	970	277M1I73M4I15M2D26M1D15M8D13M8D50M1D21M3D28M4D8M12D225M1I19M6D15M11D22M1D101M1I5M
16	4278	0.533	2.772E-98	0	916	925	34	977	978	277M1I32M1I22M4I58M2D17M6D13M5D50M2D64M1I11M5D170M1I36M1I26M17D38M1I93M
15	4274	0.526	3.432E-98	0	916	925	36	982	983	277M1I32M1I30M2I18M3I33M2D15M6D11M2D4M3D12M1D26M3D27M2D60M2D169M1I34M1I32M17D40M1D88M
94	4273	0.504	3.620E-98	0	916	925	0	921	924	277M1I48M3I40M2D68M13D27M1I43M7I4M8I4M1I228M1I16M6D17M10D29M4I90M
22	4262	0.502	6.510E-98	0	918	925	0	957	958	277M1I78M5I8M2D23M1D10M4D53M22D51M2I24M2D228M1I16M11D11M5D42M1D89M
5	4262	0.512	6.510E-98	0	919	925	0	969	970	277M1I77M2I39M1D74M12D26M8D27M4D8M12D225M1I20M6D14M11D22M1D101M1I5M
34	4257	0.503	8.500E-98	0	919	925	0	969	970	277M1I64M4D22M11D25M4D26M4D30M5D85M7D226M1I20M6D14M11D22M1D101M1I5M
26	4251	0.513	1.171E-97	0	919	925	0	969	970	277M1I73M4I16M2D25M1D72M2D2M10D26M8D27M4D8M12D225M1I20M6D14M11D22M1D101M1I5M
108	4243	0.511	1.794E-97	0	919	925	0	927	928	277M1I48M3I46M2D39M2D10M3I14M9D7M3I10M1D11M1D20M2I21M2I7M3I4M1I228M1I16M6D4M10D42M3I88M1I5M
68	4175	0.510	6.751E-96	2	922	925	7	900	901	9M10I7M2I247M1I121M1D20M4I17M2I82M18I179M1I37M1I20M15D46M1D89M5I3M
60	4154	0.503	2.070E-95	5	922	925	1	993	994	10M2D16M8D6M5D237M1I30M3D26M1I63M2D27M17D16M1D27M2I9M5D8M1D8M5D41M8D19M14D169M1I60M1D18M8D28M2D85M2I8M
73	4148	0.524	2.851E-95	23	922	925	2	932	933	254M1I49M1I14M2I23M2D27M1D73M10D35M4D4M6D37M1D176M1I38M2I18M6D10M12D39M1D88M5I3M
65	4143	0.514	3.723E-95	7	920	925	2	877	879	270M1I23M2D30M1D66M1D40M11D8M7I37M2D25M3D207M1I36M48I107M1I7M
102	4130	0.487	7.448E-95	0	914	925	0	959	964	277M1I49M1I67M1D26M1D49M6D27M5D7M1I16M5D6M4D5M8D228M1I14M6D19M12D35M1D86M
74	3978	0.507	2.477E-91	7	914	925	1	913	926	270M1I49M1I14M3I19M2D30M1D29M1I35M3D9M16D256M2I31M2I26M10D21M1I11M1D69M17I11M
80	3868	0.498	8.763E-89	42	922	925	1	930	931	235M1I86M4D4M12D25M3D37M1I6M2D38M1D12M3D57M14D5M3D172M1I38M1I19M2I7M17D37M1D89M5I3M
104	3851	0.483	2.170E-88	0	919	925	0	937	938	44M32I201M1I77M2I39M1D14M8D14M8D50M2D14M2D35M14D9M2D224M1I20M6D14M11D23M1D99M1I6M
84	3843	0.504	3.326E-88	47	922	925	0	928	929	230M1I72M3I16M2D25M1D17M19D19M1I6M2I36M5D10M1D4M5D25M7D26M12D181M1I37M1I20M2I9M17D124M5I3M
32	3821	0.496	1.076E-87	42	919	925	1	928	929	235M1I73M4I20M2D21M1D77M15D25M5D25M4D8M12D225M1I18M6D16M11D21M1D102M1I5M
117	3690	0.376	1.167E-84	0	923	925	0	1002	1003	5M2D264M10D34M15D82M2I2M5I28M1I20M2D29M1I45M6D30M2I86M1D126M1D13M10D11M3I22M9D6M15D16M20D80M2D11M
128	3669	0.408	3.577E-84	5	919	925	6	875	876	261M1D12M1D22M20I10M2I10M11I17M1I51M19I5M12I46M1I22M10D18M6I76M1I8M2D184M14D100M
92	3648	0.391	1.097E-83	5	917	925	1	1083	1084	275M3D19M23D14M3D17M1D7M18D57M4D25M13D3M2D10M4D24M7D18M1I34M1D30M6D96M2D123M1I13M53D7M5D14M7D18M16D24M4D83M
122	3529	0.361	6.271E-81	7	924	925	6	972	1001	267M1D15M2I12M5I40M24D35M4I45M3I45M13I25M1I16M5I12M4I79M1D126M1D30M11D7M2D6M10D29M44D61M5I12M3I11M
110	3491	0.479	4.762E-80	90	919	925	0	879	880	187M1I77M2I39M1D78M17D22M3D27M4D8M12D225M1I20M6D14M11D22M1D101M1I5M
101	3453	0.387	3.616E-79	5	914	925	20	932	936	262M7I25M4I5M11I37M7I3M2I14M1I56M3I30M1D79M12D4M5D66M2D100M11D66M8D24M2I14M1D88M
103	3413	0.445	3.055E-78	26	917	925	0	885	886	49M4I8M5I7M2I170M7I4M1D11M2D48M14I29M2I5M1D31M3I7M2I14M4I33M25D7M1I26M1D19M4I90M2D175M10D111M
8	3386	0.365	1.290E-77	0	924	925	0	1015	1016	5M2D267M5D5M3I71M5D13M7D11M5D8M3D49M2D33M11D32M7D42M9D98M2D137M3D32M6D22M6D5M25D79M4I9M
18	3383	0.330	1.514E-77	5	911	925	1	1242	1248	272M4D16M2D16M31D26M2D20M18D45M3D22M1D12M1I38M8D20M10D27M18D99M1I15M1D123M1I16M28D10M64D2M121D2M17D14M10D109M
81	3334	0.474	2.068E-76	39	836	925	7	822	885	238M1I119M1D13M6D9M8D32M18D308M1I18M10I35M3I11M
100	3266	0.354	7.782E-75	0	924	925	0	803	806	3M1I264M2I4M9I16M20I12M44I14M7I23M1I28M4I17M2D31M3I16M26I5M7I77M1D2M1D87M4D2M2I30M2D19M2I18M4I84M1D41M
114	3252	0.367	1.642E-74	5	914	925	5	926	929	215M1D48M6I36M1D39M1D53M1D84M2D42M3D87M2D85M12I4M3D8M7D48M1D61M8D82M
126	3219	0.354	9.552E-74	6	912	925	10	806	808	96M2I161M12I4M10D29M18I12M8I29M3I4M27I8M39I10M3I12M11I10M10I5M2I29M4D135M1I38M2I27M8I2M4D16M3D35M4D6M4D13M9D37M2I41M
91	3205	0.345	2.016E-73	0	919	925	3	787	788	4M1D101M1D160M18D3M15I12M73I8M1I28M7I16M3I33M3I19M20I12M23I12M2I63M2I8M1D8M1D81M6I33M2I41M1I30M4I3M1I33M2D17M4D32M
98	3157	0.338	2.610E-72	1	919	925	9	775	776	105M1D160M14D2M8I12M32I11M45I13M23I38M2I28M35I8M10I15M1D5M2I63M2I14M1D2M1D74M1I9M6I30M2I15M1D13M4I36M5I38M2D22M4D29M
97	3096	0.338	6.761E-71	1	924	925	22	782	786	105M1D160M5I1M12D16M15I12M62I12M24I4M24I23M8I31M6I21M3I13M5I2M2I62M3I14M1D2M1D84M6I30M2I18M2D7M7I38M1D6M4I34M1D16M2D21M8I8M
124	3076	0.363	1.965E-70	5	908	925	1	708	713	258M3D12M28I1M12D12M97I10M21I19M30I1M8D6M15I22M3I13M2I40M1D24M1I16M2D82M1I31M2I27M13I15M3I13M6I44M1D6M1I29M
120	3070	0.358	2.707E-70	2	922	925	4	763	764	102M2I160M10D1M17I9M15I49M9I6M3I10M1I7M5I4M9I25M2I4M1I26M17I10M48I6M5I35M2D39M1D7M1D47M2I18M1D37M6I32M27I18M6I7M1I32M1I44M1D9M
7	3042	0.352	1.206E-69	0	924	925	0	823	857	3M3D100M1D163M5I1M2D5M7I21M6I5M2I13M21I33M13I32M11I18M16I13M23I27M1I14M2I39M2D43M3D46M2I17M1D13M2I9M4I30M2I12M1D28M1D27M2D40M2D42M2I12M
10	3034	0.335	1.847E-69	0	919	925	21	783	784	106M1D159M15D4M10I9M32I11M45I13M24I8M13I8M3I13M13I56M17I4M1I4M2I63M2I14M3D1M1I84M6I30M2I20M6I50M3I32M2D21M2D30M
89	3024	0.338	3.150E-69	3	924	925	5	767	777	101M1D165M7I24M12I4M21I5M30I12M3I8M6I9M2I18M34I8M1D18M49I14M2I39M2D37M3D4M1I47M2I18M1D13M3I2M4I34M3I14M1I14M3D82M2D39M8D13M
40	3017	0.335	4.576E-69	0	924	925	1	766	776	104M1D165M17I9M7D9M9I3M6I8M42I5M35I20M22I23M31I23M8I14M2I39M2D37M3D4M1I47M2I18M1D13M7I36M3I26M2D85M2D39M8D13M
0	3014	0.342	5.370E-69	0	919	925	8	753	754	106M1D159M20D2M14I7M15I28M110I16M29I18M2I18M1I5M12I11M2I63M3I13M1D2M1D78M1I6M4I31M2I17M6D11M3I6M5I26M3I7M1I30M2D21M2D32M
95	3013	0.334	5.664E-69	5	924	925	1	717	720	97M2I161M10D2M17I25M28I5M9I10M10I11M6I10M56I21M45I14M5I18M1I32M2D44M2D49M2I18M1D49M6I18M17I30M7I6M1I32M1I41M5I9M
96	3000	0.312	1.133E-68	5	922	925	38	942	948	30M5I225M15D1M5I7M4I31M3I23M15I17M5I7M11I31M9I38M36D12M2D55M1D10M3D7M1D60M4I17M2D49M1I32M1I59M11I12M3D35M1D74M3I9M
2	2995	0.332	1.480E-68	4	921	925	9	780	781	102M1I54M1I113M5I11M29I9M74I19M6I61M21I21M2I16M6I36M1D43M3D49M1D11M1D6M4D65M4D11M27I18M4D48M3D11M5D12M3D20M3I7M
88	2989	0.335	2.038E-68	3	924	925	5	755	770	264M4I10M16I19M21I5M15I6M13I9M33I13M23I20M22I5M6I8M4I5M3I4M10I12M2I39M2D37M3D4M1I47M2I14M1D17M7I36M3I75M2D36M2D39M4D13M
87	2977	0.331	3.866E-68	3	924	925	5	756	770	98M1D164M8D26M9I23M6I15M55I11M105I38M2I39M2D42M2D47M2I17M1D14M7I29M3I28M6I40M4D40M2D43M5D13M
63	2977	0.334	3.866E-68	3	924	925	5	768	778	98M1D170M18I27M21I5M27I16M27I19M32I11M21I5M15I35M2D3M2I39M2D43M2D46M2I17M1D14M7I29M3I21M1I39M1I52M2D43M9D13M
20	2975	0.342	4.301E-68	4	924	925	6	756	772	270M1I7M7D9M23I2M21I5M15I6M15I6M2I5M22I4M7I4M6I18M6I11M39I7M4I5M14I15M2I39M2D36M3D5M1I47M2I17M1D18M7I32M3I14M1I52M3D41M2D37M1D7M2D11M
1	2964	0.336	7.735E-68	0	924	925	0	776	787	265M6D3M2I32M7I6M37I22M35I16M1I13M16I9M11I4M62I12M2I3M1D22M1D13M2D40M1D3M1D49M2I16M2D14M1I13M4I22M4I34M2D41M1I32M1D4M2D9M7D7M11D36M
14	2921	0.355	7.670E-67	3	912	925	83	883	886	106M25I4M4I2M1D70M1D65M2I7M2I15M11I17M17I16M7I20M4I4M3I45M1I13M5I55M1I13M1D14M1D2M2I76M1D5M1D127M2I14M26I23M3I82M
37	2913	0.302	1.175E-66	2	924	925	0	814	829	13M2D144M1I105M17D1M18I22M10I4M57I35M26D5M17I6M14I20M20I33M1I25M2I39M2D40M1D2M1D49M2I16M1D13M1I10M2I28M4I13M5D4M13I12M1I67M2D36M2I16M
125	2897	0.327	2.760E-66	5	907	925	27	805	813	261M2D30M12I7M1I18M18I4M1I4M14I8M17D2M10I5M2I25M25I11M8I16M6I7M5I33M3I6M3I2M6I61M13I127M2I17M2I8M5D6M10I16M7I81M
36	2854	0.308	2.737E-65	2	924	925	0	820	829	12M2D145M1I105M17D1M18I22M10I4M57I33M7I4M19D8M3I8M14I20M20I33M1I25M2I39M2D40M1D2M1D49M2I16M1D13M1I10M2I28M4I13M7D3M15I11M1I64M4D4M2I33M2I10M6D6M
123	2726	0.435	2.529E-62	44	738	925	0	713	715	227M2D7M5I17M4I22M3I33M4D105M15D26M2I21M1D24M3D11M5D153M1D21M2D14M
21	2693	0.349	1.471E-61	3	777	925	2	700	745	211M1D51M7D6M7I14M31I19M23I17M13I53M1I5M2D35M5I59M2I81M2D72M1I10M4D1M6I9M1D18M8I3M4D14M
121	2486	0.313	9.201E-57	11	816	925	1	618	619	258M10D10M4I16M13I6M10I12M61I14M6I3M11D6M6I21M50I7M38I1M2D4M1I22M1D11M2D44M2D50M2I16M2D14M2I9M3I18M8I7M4D14M18I21M
12	2460	0.333	3.683E-56	4	822	925	1	672	675	262M5D1M4I7M4I12M12I20M5I30M6I17M2I43M12I23M86I3M2I28M1I6M2D35M1D7M1I4M2I45M2I17M1D13M5I5M1I31M6I13M5I41M
9	2270	0.287	9.302E-52	1	924	925	3	624	639	100M1D166M2D24M44I7M110I16M122I5M19I6M11D6M13I44M2I17M1D13M2I5M5I25M3I21M1I9M6I19M1D17M4D41M2D44M3D12M
11	2149	0.326	5.918E-49	0	777	925	0	573	596	40M27I2M5I201M5D18M8I20M33I26M31I14M5I8M16I21M1D2M81I22M1D10M2D41M1D5M1D49M2I16M2D14M2I8M3I24M7I3M3D14M
19	1829	0.219	1.537E-41	5	916	925	12	732	735	26M1D18M2D44M1I9M1I44M1D11M5D6M8D18M1I3M3D27M2D8M3I8M3D32M5I2M14D13M31I5M49I15M21I22M14I19M77I15M3I13M2D6M2D46M1I14M1D5M2D84M4D36M6I16M6I14M1I11M3I24M17I21M1D8M1I17M1I10M
90	1313	0.180	1.388E-29	0	908	925	0	690	697	33M1I14M5I52M1I37M3D7M2D13M1I21M1I21M1D6M13I4M1I41M26D11M36I12M52I15M8I15M31I10M21I5M21I9M7I7M19I3M9I29M1I2M2I3M2D10M1D22M5D41M2D2M2D6M3I18M2D23M11I15M4I8M10I5M12I47M1D3M2D5M1I10M1D12M1D10M1D15M1D16M
4	1208	0.175	3.761E-27	0	912	925	0	687	688	4M1I44M4I52M1I37M3D6M2D14M1I22M1I20M1D3M3D9M12I35M5I11M34I20M15I9M17I7M5I15M3D28M20I4M13I9M8I32M23I8M3I1M2I6M5I25M3I14M3D2M1D8M2I7M2D1M6D4M3I4M1D5M2D26M6D3M2I8M3I16M2D14M9I6M3I20M17I7M54I5M4D9M1D2M6I13M3D25M3D11M1D10M
129	1188	0.170	1.093E-26	10	905	925	0	646	656	23M1I9M35I3M2D4M1D20M1I37M3D7M2D13M1I18M1I33M13I40M1I5M107I14M17D34M6I3M24I12M42I7M16I12M4D4M7I26M3I12M2D6M1D8M1D7M3D14M1D33M1D2M3D9M3I16M2D16M8I4M3I19M7I10M1D16M5I24M1I8M3I18M9I3M1D16M1D6M1D13M1D15M
99	931	0.267	9.851E-21	5	352	925	17	364	450	28M1I11M5I52M1I40M3D4M1D14M1I23M1I29M4I6M6I40M12D39M2D14M1D29M
17	815	0.170	4.800E-18	9	842	925	3	898	985	22M2I25M3I14M1I4M1D25M1I39M2D3M1D21M9D19M1I18M12D7M3D5M1I11M9D30M2I2M44D15M1D20M8D39M12D25M14D3M1D46M4D13M1D18M4D10M3I25M3D13M1I28M5D8M11D20M3I26M6I12M15I3M3I12M1D12M6D18M58I5M6I31M10D24M6D57M
93	653	0.144	2.721E-14	11	571	925	13	767	803	34M7I41M1I12M1I38M4D2M3D16M2I4M1I13M2D29M4I6M2I6M20D31M2I2M5D15M1D12M26D23M6D27M108D20M1D62M2D13M5D15M5D9M12D16M11D82M3D13M
 