0	6105	1.00	0.000E+00	0	753	754	0	753	754	754M
97	4986	0.784	0.000E+00	0	753	754	13	785	786	291M1D57M24D24M1I13M1I170M1I102M2I42M1I49M
10	4893	0.757	0.000E+00	0	753	754	4	783	784	4M9D292M1I52M24D22M2I13M1I75M1D94M1I74M1I30M2I90M
98	4873	0.749	0.000E+00	0	753	754	0	775	776	329M6D19M2I44M19D67M1D94M2I71M1I31M1I67M2D26M
91	4297	0.631	4.774E-96	5	753	754	0	787	788	2M1D272M3I32M3D14M5D36M15D5M4D5M1D14M10D7M1D66M1D95M1I59M1D44M1I61M1D4M1D28M
124	3544	0.479	4.540E-79	12	746	754	0	712	713	104M1I163M4D58M8D11M1D21M21I48M1D23M2D94M1I6M5D50M6I6M5I13M1I16M5I4M1D30M1I12M1I7M2I25M
63	3359	0.420	6.736E-75	4	753	754	0	755	778	3M2I269M16I19M18D71M2D54M2D24M3D64M2I16M2D3M1I8M3I5M1D20M3I9M2D14M3I24M5D29M2D57M2I16M1D13M
87	3344	0.414	1.468E-74	10	753	754	4	751	770	267M9I2M8D17M3D67M4I18M2I42M2D24M3D64M2I17M2D2M1I8M3I5M1D26M1I19M3I24M5D27M2D55M2I24M5D9M
1	3331	0.428	2.882E-74	8	753	754	0	777	787	106M1I160M15I21M1D92M13D21M1D12M2D25M3D65M1I2M1I15M2D11M1I11M1D26M2I15M3I32M10D55M1D10M5D11M11D23M6D9M
40	3329	0.401	3.197E-74	7	753	754	0	754	776	268M13D4M14I10M4D57M2D12M1I11M4I50M2D24M3D64M2I17M2D2M1I8M1I3M1I27M3I5M2D15M3I23M1D29M10D55M2I18M1D13M
100	3321	0.418	4.844E-74	9	753	754	0	804	806	105M1I159M17I12M2D15M11D13M5D26M24D17M5D6M3D17M11D66M3D94M1D7M6D31M3D3M1D12M6I15M2D35M4D37M2I11M1D7M2I21M6D8M
120	3311	0.427	8.140E-74	5	753	754	0	763	764	6M1I99M3I163M9I37M15D19M10D24M13D8M15D3M4D21M5I35M2D25M3D63M2I20M1D8M1I5M6D32M4I14M4I12M5I8M19I42M3I15M2I26M4D6M
20	3301	0.406	1.368E-73	7	753	754	0	750	772	5M1D102M1I159M19I13M11D6M6D82M3I41M2D24M3D64M2I17M2D2M1I8M3I8M1D21M3I5M2D70M8D55M2I18M1D7M1D6M
7	3292	0.395	2.183E-73	5	753	754	0	820	857	269M10I8M1D14M13D26M40D9M12D31M4D66M2D24M3D14M1D50M2I18M2D1M1I8M1I3M1I6M1D43M6I20M5D9M3D16M7D6M1D56M2I29M
95	3288	0.428	2.687E-73	12	753	754	0	718	720	99M3I165M9I85M4I25M11D36M2D24M3D64M2I18M2D1M1I8M1I7M6D28M4I14M7I13M4I5M8I50M3I20M2I24M1D8M
88	3288	0.413	2.687E-73	11	753	754	5	748	770	103M1I165M13I15M1D7M6D34M1D46M2I41M2D24M3D64M2I17M2D2M1I8M3I5M1D24M3I5M2D14M3I55M11D53M2I18M1D7M1D6M
89	3283	0.402	3.483E-73	7	753	754	0	755	777	4M1D263M17I29M4D14M1D34M5D19M4D9M3D42M2D24M3D64M2I17M2D2M1I8M3I2M1D29M1I74M8D55M2I19M1D13M
128	3275	0.373	5.277E-73	11	753	754	4	875	876	101M1I163M5D1M6I12M4D15M22D17M8D16M12D20M6D30M41D7M13D62M3D10M1I83M1I7M6D32M2D16M2I45M15D7M7D31M2I22M2I31M
70	3200	0.373	2.591E-71	8	753	754	0	855	858	106M1I170M35D12M11D25M1D3M22D9M6D27M23D29M1I8M2D63M3D13M1I2M1I77M1I4M1D3M5D32M2D38M4D32M4D31M2I21M2I32M
49	3178	0.372	8.118E-71	8	753	754	0	861	862	106M1I171M6I11M59D22M25D8M10D18M7D34M5D14M3D64M3D12M1I2M1I77M1I7M6D35M2D12M3I9M7D44M4D30M2I21M2I25M2D7M
37	3166	0.388	1.514E-70	12	753	754	2	814	829	11M2D92M1I53M1I122M2I5M4D16M1D14M8D7M38D15M3D24M3D8M5D14M9D41M2D24M3D64M2I18M2D1M1I8M3I10M5D25M2I14M1D5M7I15M2D30M1D57M2I12M1D11M2D5M
47	3164	0.385	1.679E-70	8	747	754	0	810	820	106M1I166M6I18M5D34M1D5M44D23M4D6M16D18M16D9M2D63M3D12M1I2M1I77M1I4M1D3M5D33M2D16M2I6M2D24M5I4M9I34M2I21M2I26M
131	3163	0.343	1.769E-70	8	752	754	0	895	896	106M1I160M10I3M6I56M16D8M62D13M5D27M27D2M28D62M3D10M1I5M1I77M1I4M1D3M5D34M1D15M11D54M16D30M2I21M2I31M
48	3160	0.359	2.067E-70	8	751	754	0	898	899	106M1I166M6I18M5D15M8D9M19D10M28D16M17D19M4D23M69D2M2D63M3D13M1I2M1I77M1I7M6D31M2D39M1D29M2D4M3D30M2I21M2I30M
52	3158	0.352	2.293E-70	8	753	754	0	905	913	106M1I171M6I10M72D23M25D12M5D29M42D34M11D63M3D12M1I2M1I77M1I4M1D3M5D35M2D41M4D27M4D30M2I21M2I32M
35	3156	0.344	2.544E-70	8	753	754	0	928	929	106M1I168M6I15M7D15M8D19M8D20M140D39M10D2M2D64M3D12M1I2M1I77M1I4M1D3M5D33M2D16M2I7M3D12M4D33M4D30M2I21M2I27M2D5M
3	3153	0.365	2.973E-70	8	749	754	0	881	882	106M1I160M3I8M3I14M59D22M25D9M6D11M1D5M11D14M23D27M6D8M2D64M3D12M1I2M1I77M1I4M1D3M5D35M2D12M3I9M7D44M4D30M2I21M2I23M2D5M
56	3148	0.353	3.854E-70	8	753	754	0	928	931	106M1I171M6I11M66D8M8D14M25D9M19D6M24D18M35D32M1I8M2D63M3D13M1I2M1I77M1I4M1D3M5D33M2D16M4D54M4D30M2I21M2I32M
117	3148	0.352	3.854E-70	4	753	754	0	996	1003	6M2I102M1I172M6I12M2D10M44D20M1D7M17D37M101D5M9D16M19D62M3D13M1I80M1I7M6D32M3D22M9D15M3D9M2I5M6D5M23D13M18D33M2I18M2I32M
36	3146	0.387	4.275E-70	12	751	754	2	810	829	10M2D88M1I58M1I122M2I5M4D16M1D14M8D7M38D28M3D18M12D15M5D41M2D24M3D64M2I18M2D1M1I8M3I10M5D25M2I34M3I91M2I12M1D14M
62	3137	0.332	6.822E-70	8	752	754	0	930	931	106M1I160M18I11M74D11M23D40M37D11M39D34M7D62M3D10M1I5M1I77M1I7M6D34M1D13M23D30M4I22M3D30M2I21M2I31M
61	3137	0.329	6.822E-70	8	752	754	0	932	933	106M1I159M17I6M82D10M22D22M60D50M2D14M6D7M7D62M3D10M1I5M1I77M1I7M6D34M1D15M13D3M5D45M1D5M5D31M2I21M2I31M
116	3128	0.364	1.089E-69	8	752	754	0	892	893	106M1I168M6I15M7D19M1D4M2D13M48D17M64D11M5D16M2D7M17D9M2D62M3D13M1I2M1I77M1I5M1I8M7D28M2D12M3I33M5D32M1D18M2I21M2I31M
54	3128	0.348	1.089E-69	8	753	754	0	920	923	106M1I159M9I15M3D18M3D11M7D7M49D10M11D11M60D6M39D29M1I8M2D63M3D13M1I2M1I77M1I4M1D3M5D33M2D37M4D32M4D31M2I21M2I32M
46	3126	0.347	1.208E-69	8	751	754	0	925	926	106M1I166M6I16M15D27M46D11M7D13M33D8M32D11M11D23M18D3M2D63M3D13M1I2M1I77M1I4M1D3M5D35M2D63M1D5M3D30M2I21M10D28M5D4M
45	3122	0.345	1.486E-69	10	753	754	2	924	927	104M1I166M6I27M15D16M54D25M65D6M39D33M1I4M2D64M3D12M1I2M1I77M1I4M1D3M5D33M2D37M4D33M4D30M2I21M2I32M
69	3117	0.346	1.927E-69	8	753	754	0	921	924	106M1I160M3I8M3I14M9D16M6D11M43D25M8D20M12D4M5D7M1D10M85D4M2D62M3D13M1I2M1I77M1I7M6D35M2D14M1D19M6D35M1D30M2I21M2I32M
58	3116	0.350	2.030E-69	8	753	754	0	886	889	106M1I166M6I27M15D16M54D25M34D6M39D29M1I9M2D62M3D13M1I2M1I74M1I7M1D3M5D33M2D70M1D30M2I21M2I32M
113	3115	0.355	2.138E-69	8	752	754	0	914	915	106M1I166M6I16M15D27M42D11M7D16M7D10M2D9M80D6M10D18M5D63M3D12M1I2M1I77M1I7M6D33M2D14M3I53M4D30M2I21M2I26M4D5M
22	3113	0.319	2.372E-69	8	752	754	0	957	958	106M1I159M18I14M2D44M15D9M81D8M49D20M13D12M46D62M3D11M1I5M1I77M1I7M6D34M1D15M1I9M14D11M5D32M5D31M2I25M2I27M
50	3110	0.357	2.771E-69	8	753	754	0	905	906	106M1I166M6I15M76D24M23D8M6D13M26D22M23D25M1I4M2D64M3D12M1I2M1I77M1I4M1D3M5D33M2D37M4D33M4D30M2I21M2I32M
13	3109	0.357	2.919E-69	8	753	754	0	891	894	106M1I171M6I11M63D8M14D26M21D43M13D16M28D3M2D63M3D13M1I2M1I77M1I4M1D3M5D35M2D35M4D33M4D30M2I21M2I32M
44	3106	0.356	3.411E-69	8	753	754	0	883	886	106M1I159M15I5M9D8M59D23M25D8M24D16M17D36M5D9M1D5M2D64M3D12M1I2M1I77M1I4M1D3M5D35M2D12M3I9M7D44M4D30M2I21M2I32M
71	3105	0.341	3.593E-69	2	753	754	0	933	934	10M6D102M1I166M6I27M15D16M54D25M60D6M39D29M1I8M2D64M3D12M1I2M1I77M1I4M1D3M5D33M2D37M4D32M4D31M2I21M2I27M2D5M
72	3105	0.343	3.593E-69	13	753	754	5	957	958	100M1I160M20I2M13D6M62D13M14D10M65D7M17D10M19D32M3D26M19D62M3D14M1I1M1I77M1I4M3D3M2D35M1D12M10D19M2D6M5D17M1I10M2D3M3D30M2I21M2I26M2I4M
41	3100	0.352	4.658E-69	8	753	754	0	923	924	105M1I160M9I12M3D8M12D24M85D4M5D12M46D22M2D13M9D7M13D14M2D64M3D12M3I1M1D77M1I5M6D37M2D24M1D44M4D30M2I21M2I27M2D5M
76	3100	0.348	4.658E-69	8	753	754	0	922	925	106M1I166M6I16M9D16M6D11M6D30M37D8M1D8M10D25M103D62M3D12M3I1M1D77M1I7M6D33M2D15M1I21M5D33M4D30M2I21M2I32M
67	3096	0.322	5.733E-69	5	753	754	0	963	964	5M2I102M1I160M16I72M50D13M6D10M95D11M60D2M2D63M3D13M1I2M1I78M1D7M4D35M1D12M5D12M9D43M5D31M2I21M2I26M1I5M
105	3093	0.327	6.699E-69	8	752	754	0	962	963	106M1I159M20I3M85D10M22D22M28D13M38D16M13D11M2D11M18D20M13D62M3D10M1I5M1I77M1I4M1D3M5D34M1D15M9D11M2D19M1D23M2D1M3D30M2I21M2I31M
111	3091	0.329	7.432E-69	13	752	754	5	937	938	101M1I160M10I3M6I9M103D27M40D37M34D30M5D2M2D62M3D11M1I5M1I77M1I4M1D3M5D34M1D14M10D11M7D13M1D30M5D31M2I21M2I31M
43	3088	0.346	8.684E-69	8	753	754	0	928	931	106M1I160M7I14M1D13M61D6M37D10M20D6M7D18M5D12M47D32M1I5M2D63M3D13M1I2M1I77M1I7M6D33M2D16M2I7M2D12M4D33M4D30M2I21M2I32M
39	3085	0.327	1.015E-68	13	752	754	5	964	965	101M1I160M10I3M6I8M36D5M36D8M25D36M73D7M21D11M14D31M7D62M3D10M1I5M1I77M1I7M6D34M1D12M17D32M2D25M3D30M2I21M2I31M
119	3085	0.317	1.015E-68	7	752	754	0	967	968	5M1I101M1I160M10I3M6I59M26D15M2D22M23D7M161D2M2D63M3D10M1I5M1I77M1I7M6D34M1D13M23D86M2I21M2I31M
66	3078	0.331	1.460E-68	8	751	754	0	922	923	82M1D24M1I159M15I2M2D5M7D30M9D17M14D20M1D16M18D9M121D75M3D12M1I2M1I77M1I5M6D36M2D18M15D51M3D30M2I21M2I30M
112	3076	0.318	1.619E-68	7	752	754	0	970	971	5M1I101M1I160M18I11M74D11M14D10M7D17M77D13M25D11M14D34M7D62M3D10M1I5M1I78M1D6M4D35M1D14M10D55M14D30M2I21M2I31M
115	3074	0.325	1.796E-68	8	751	754	0	981	982	105M1I162M18I3M26D9M3D20M86D14M1D19M54D6M1D6M11D21M35D8M9D62M3D13M1I2M1I77M1I5M6D34M2D15M4I6M14D9M13D13M1D24M3D30M2I21M2I30M
75	3073	0.322	1.892E-68	8	752	754	0	969	970	106M1I160M18I16M2D41M16D22M41D14M97D9M45D5M16D61M3D11M1I5M1I78M1D6M4D35M1D13M4I7M5D14M18D31M5D30M2I21M2I31M
109	3068	0.340	2.453E-68	8	749	754	0	913	915	106M1I159M15I7M9D8M7D16M8D13M41D8M14D14M40D25M46D13M14D7M2D62M3D13M1I2M1I77M1I7M6D35M2D31M3D67M2I21M2I28M
51	3068	0.344	2.453E-68	8	750	754	0	925	932	106M1I166M6I16M15D27M46D11M26D13M82D38M7D7M2D63M3D13M1I2M1I77M1I4M1D3M5D35M2D38M7D30M1D30M2I21M2I29M
6	3068	0.315	2.453E-68	8	752	754	0	969	970	104M1I162M19I3M82D10M22D24M29D11M38D32M1D27M46D61M3D10M1I5M1I77M1I7M6D34M1D12M4I40M17D12M11D31M2I21M2I31M
16	3068	0.327	2.453E-68	0	742	754	26	969	978	114M1I161M17I4M10D16M3D5M1D12M60D14M3D5M74D9M16D29M12D13M16D62M3D14M1I1M1I77M1I4M1D3M4D35M1D14M9D11M5D10M5D33M3D33M2I18M2I21M
94	3067	0.331	2.584E-68	8	752	754	0	923	924	106M1I160M19I3M12D5M11D6M51D26M7D16M53D13M31D16M1D18M10D3M2D62M3D7M1I8M1I77M1I7M6D30M1D17M10D56M8D30M2I21M2I31M
23	3064	0.332	3.019E-68	8	751	754	0	934	935	106M1I160M13I8M7D30M9D17M22D19M1I11M30D11M16D12M100D65M3D13M1I2M1I77M1I5M6D36M2D13M3I21M18D32M3D30M2I21M2I30M
30	3064	0.320	3.019E-68	8	752	754	0	971	972	106M1I159M17I6M82D8M44D32M16D6M29D15M13D10M2D11M18D21M14D63M3D9M1I5M1I77M1I4M1D3M5D34M1D13M11D17M7D9M3D30M3D30M2I21M2I31M
96	3061	0.368	3.528E-68	11	753	754	36	941	948	32M5I66M1I167M3I19M10D13M18D16M54D6M6D19M59D4M7D20M11D18M9D60M1I68M1I27M1D4M7D8M4I23M2D15M3I17M1D25M1D42M2I20M2I25M1I6M
15	3058	0.325	4.122E-68	0	742	754	29	974	983	11M1I102M1I161M13I9M6D15M3D5M1D12M1D29M9D5M23D12M6D6M80D5M6D12M57D63M3D14M1I1M1I77M1I4M1D3M4D35M1D23M15D18M8D27M1D33M2I18M2I21M
38	3057	0.320	4.342E-68	8	752	754	0	968	969	106M1I160M10I3M6I56M16D8M11D9M24D9M43D24M120D62M3D10M1I5M1I77M1I4M1D3M5D34M1D13M2I4M12D7M8D12M1D30M5D31M2I21M2I31M
108	3056	0.336	4.574E-68	8	752	754	0	927	928	106M1I160M13I10M6D4M27D5M35D16M7D26M45D9M23D7M27D11M3D24M2D63M3D6M1I8M1I77M1I7M6D34M1D15M9D11M4D11M1D31M5D31M2I21M2I31M
127	3056	0.327	4.574E-68	0	751	754	35	1012	1013	113M1I160M20I3M13D5M62D20M93D16M15D30M17D11M13D16M9D5M2D62M3D13M1I2M1I77M1I4M5D38M1D12M10D36M6D17M2D3M3D30M2I21M2I30M
64	3055	0.335	4.817E-68	8	752	754	0	967	968	106M1I160M10I6M15D8M60D8M22D27M37D9M34D14M18D7M6D15M2D14M6D8M7D61M3D10M1I5M1I77M1I4M1D3M5D34M1D18M18D46M6D35M2I21M2I31M
130	3053	0.328	5.344E-68	8	751	754	0	982	983	105M1I160M20I2M13D6M30D5M22D8M29D7M36D8M13D17M40D24M5D17M44D74M3D13M1I2M1I78M1D7M4D32M2D16M1I5M9D7M13D42M3D30M2I21M2I30M
8	3053	0.331	5.344E-68	11	753	754	5	1015	1016	103M1I158M3I21M109D10M7D5M37D12M34D25M13D4M9D33M5D14M5D67M2D12M1D77M1I4M2D3M4D32M2D23M23D25M12D23M11D36M2I16M2I20M1D11M
126	3052	0.373	5.629E-68	4	747	754	0	807	808	106M2I2M1I161M1I11M4I56M33D40M7D12M11D62M3D13M1I2M1I49M1I28M1D7M2D30M2I20M16D50M10D31M3I4M1I16M2I25M
33	3052	0.321	5.629E-68	8	752	754	0	969	970	104M1I161M17I6M10D5M27D5M34D15M25D14M44D7M29D31M1D26M46D61M3D11M1I5M1I77M1I7M6D34M1D13M4I39M14D14M14D29M2I21M2I31M
25	3051	0.321	5.929E-68	8	752	754	0	969	970	104M1I161M15I6M60D12M9D15M28D12M41D9M29D16M14D7M26D34M7D63M3D9M1I5M1I77M1I7M6D34M1D15M1I12M19D11M3D30M3D30M2I21M2I31M
26	3051	0.317	5.929E-68	8	752	754	0	969	970	104M1I162M19I3M82D10M22D24M29D11M38D32M1D26M46D63M3D9M1I5M1I77M1I7M6D34M1D15M18D23M1D30M5D31M2I21M2I31M
106	3051	0.317	5.929E-68	8	752	754	0	969	970	104M1I162M19I3M12D7M92D27M29D11M38D17M14D7M26D34M7D62M3D10M1I5M1I77M1I7M6D34M1D12M4I40M14D14M14D29M2I21M2I31M
82	3050	0.338	6.245E-68	9	751	754	28	946	947	5M1I99M1I166M6I18M5D12M1D27M30D24M3D9M34D23M100D62M3D13M1I2M1I77M1I7M6D31M2D18M2I16M6D36M3D30M2I21M2I30M
85	3050	0.319	6.245E-68	8	752	754	0	969	970	105M1I160M16I60M16D8M9D9M24D9M45D10M34D12M8D3M79D61M3D10M1I5M1I77M1I7M6D34M1D15M1I12M19D10M1D30M5D31M2I21M2I31M
74	3048	0.342	6.928E-68	18	740	754	4	924	926	96M1I161M13I9M6D4M9D16M6D9M33D8M21D14M9D16M16D10M8D5M27D20M59D62M3D13M1I2M1I77M1I7M4D47M6D11M3D25M2D18M2D2M3D30M2I20M1D7M1I14M
27	3047	0.322	7.298E-68	8	752	754	0	969	970	104M1I161M15I6M60D12M9D15M28D12M41D9M29D31M1D27M46D61M3D10M1I5M1I77M1I7M6D34M1D15M11D25M1I29M14D29M2I21M2I31M
122	3047	0.333	7.298E-68	5	753	754	2	970	1001	6M6I97M1I159M77D20M23D36M17D21M8D12M1D11M7D13M3D13M17D62M3D16M1I77M1I5M6D28M1D9M2D20M9D15M35D15M26D19M3D30M2I38M7I9M
31	3043	0.318	8.982E-68	8	752	754	0	969	970	104M1I162M19I3M82D10M22D24M29D11M38D32M1D26M46D62M3D10M1I5M1I77M1I7M6D34M1D12M5D4M13D22M1D30M5D31M2I21M2I31M
83	3042	0.342	9.461E-68	1	751	754	17	946	947	14M1D99M1I166M6I18M5D14M9D11M19D38M3D17M46D12M90D2M2D63M3D13M1I2M1I77M1I4M1D3M5D31M2D18M2I9M3D13M3D30M3D30M2I21M2I30M
118	3041	0.331	9.965E-68	8	753	754	0	977	978	106M1I159M16I12M71D20M28D31M3D10M2D4M17D6M40D13M4D10M53D4M2D62M3D13M1I2M1I78M1D7M3D15M2D20M1D12M5D11M17D19M2D26M3D30M2I21M2I26M2I4M
42	3040	0.338	1.050E-67	8	751	754	0	932	933	106M1I160M13I8M7D7M13D34M17D22M1D20M7D11M5D7M131D65M3D13M1I2M1I77M1I5M6D37M2D17M15D51M3D30M2I21M2I30M
107	3040	0.320	1.050E-67	13	753	754	5	968	969	101M1I160M18I16M2D41M16D9M88D8M104D9M5D23M2D63M3D10M1I5M1I78M1D7M4D34M1D15M1I12M2D13M7D28M15D30M2I21M2I26M1I5M
28	3037	0.329	1.226E-67	8	752	754	0	970	971	104M1I161M15I6M60D12M9D8M24D13M5D8M41D7M29D16M14D7M26D34M7D62M3D10M1I5M1I77M1I7M6D34M1D14M18D24M1D30M5D31M2I21M2I31M
57	3035	0.343	1.361E-67	8	753	754	0	929	931	106M1I160M13I7M7D10M5D6M9D25M8D25M58D10M9D18M85D10M3D63M3D13M1I2M1I77M1I7M6D33M2D16M2I4M6D48M4D30M2I21M2I26M2D6M
53	3033	0.320	1.510E-67	8	753	754	0	963	964	106M1I160M18I11M74D18M93D11M11D25M7D12M2D25M17D5M7D62M3D10M1I5M1I78M1D7M4D34M1D13M3I3M21D29M1D18M2D3M3D30M2I21M2I26M1I5M
86	3033	0.323	1.510E-67	13	752	754	5	969	970	99M1I162M19I3M82D10M22D24M29D11M38D17M14D7M26D34M7D62M3D10M1I5M1I77M1I7M6D34M1D14M5D11M13D13M1D30M5D31M2I21M2I31M
34	3028	0.320	1.957E-67	8	752	754	0	969	970	104M1I162M18I11M103D25M29D13M38D17M14D7M26D34M7D63M3D9M1I5M1I77M1I7M6D34M1D15M18D23M1D30M5D31M2I21M2I31M
77	3027	0.342	2.061E-67	8	753	754	0	919	925	106M1I159M15I7M9D7M9D16M6D11M110D17M26D27M1D15M7D7M10D3M2D63M3D13M1I2M1I78M1D6M4D31M2D40M2D33M4D30M2I21M2I32M
59	3024	0.333	2.409E-67	8	752	754	0	981	982	7M1D99M1I159M19I4M12D6M12D15M15D5M4D20M45D5M11D10M1D9M9D6M38D11M9D11M78D5M7D62M3D13M1I2M1I78M1D4M2D6M1D31M2D13M3I12M10D41M3D30M2I21M4I6M2D17M2D6M
24	3019	0.321	3.123E-67	8	752	754	0	969	970	104M1I162M10I3M6I56M16D12M61D13M17D21M119D3M2D63M3D10M1I5M1I77M1I7M6D34M1D14M18D24M1D30M5D31M2I21M2I31M
29	3018	0.318	3.289E-67	8	752	754	0	969	970	104M1I162M19I3M82D10M22D24M29D11M38D17M14D10M2D20M1D6M28D4M2D64M3D9M1I5M1I77M1I7M6D34M1D12M4I40M14D14M14D29M2I21M2I31M
5	3013	0.318	4.264E-67	8	752	754	0	969	970	104M1I162M18I11M72D18M28D12M41D9M29D31M1D26M46D62M3D10M1I5M1I77M1I7M6D34M1D15M1I12M19D10M1D30M5D31M2I21M2I31M
78	3005	0.337	6.459E-67	8	753	754	0	938	940	105M1I160M20I1M14D7M59D13M15D10M45D6M14D6M10D15M9D12M5D15M2D4M22D79M3D13M1I2M1I77M1I5M6D35M2D20M8D20M7D30M3D30M2I21M2I26M3I3M
102	2979	0.322	2.491E-66	8	752	754	0	963	964	106M1I163M16I69M8D6M42D7M6D12M72D6M78D5M2D63M3D13M1I2M1I77M1I4M1D3M5D34M1D16M10D6M1I6M14D13M2D57M2I21M2I31M
68	2967	0.342	4.645E-66	25	751	754	9	900	901	5M3D6M2I75M1I160M17I6M10D7M65D9M6D36M16D5M8D19M26D7M16D18M11D64M3D13M1I2M1I77M1I4M5D38M1D12M10D24M1D12M6D17M2D3M3D30M2I21M2I30M
125	2960	0.354	6.681E-66	10	748	754	24	812	813	104M1I160M9I12M5D23M7D20M46D16M4D8M18D35M1I64M11I4M1I76M1I8M6D47M1I11M2D35M9I35M2I10M2I33M
101	2945	0.307	1.456E-65	5	744	754	12	928	936	108M1I160M20I5M112D37M2D8M4D5M17D17M2D35M30D2M1D58M4D17M1I77M1I7M17D35M2D27M7D42M6D30M2I24M2I19M
65	2928	0.325	3.518E-65	15	753	754	2	878	879	99M1I160M2D5M167D24M1D25M6D66M1I3M2D63M3D13M1I2M1I78M1D7M3D32M26I16M14I45M2I21M2I23M1D9M
73	2926	0.334	3.903E-65	29	751	754	0	932	933	85M1I161M18I3M11D5M9D16M6D10M20D6M4D16M35D9M59D14M5D25M52D2M2D62M3D13M3I1M1D77M1I4M5D52M23D40M1I13M3D30M2I21M2I30M
92	2922	0.306	4.804E-65	12	747	754	0	1082	1084	102M1I158M3I6M4I15M57D11M14D21M3D13M106D13M12D8M7D9M28D25M29D61M3D95M1D5M4D37M1D9M1I7M27D10M6D4M27D7M11D5M1D7M2D18M18D30M2I21M4I2M2D19M3D3M
2	2909	0.360	9.435E-65	5	753	754	3	780	781	4M1I103M2I55M1I103M15I4M4D11M10D62M3D6M7D26M13D37M1D27M3D17M1D48M1D10M1D10M4D8M1I6M6D37M6D13M9I23M1I12M7I41M1D7M5D14M1D21M1I6M
55	2903	0.332	1.288E-64	8	753	754	0	890	893	106M1I8M1I150M15I8M9D10M7D13M8D11M20D11M11D6M42D6M14D7M23D10M3D21M3D10M45D61M3D12M1I2M1I10M1I47M1I18M1I5M1I7M3D8M16I9M2D8M5I51M1D30M2I15M1I5M2I32M
18	2899	0.287	1.586E-64	12	744	754	0	1241	1248	98M1I163M20I3M18D11M1D15M43D13M32D18M13D15M42D13M119D12M1D8M12D60M2D16M1I77M1I7M6D34M1D29M10D8M21D15M44D10M136D6M32D1M3D32M2I19M2I23M
60	2885	0.306	3.280E-64	19	753	754	9	992	994	20M10D7M3D68M1I159M19I4M12D13M12D8M15D10M47D20M11D10M109D32M4D10M26D62M3D13M1I2M1I78M1D8M3D34M2D14M3D25M2D29M12D30M2I21M4I6M2D24M
14	2828	0.340	6.325E-63	0	746	754	64	883	886	11M8D104M26I7M3I72M1D52M8I40M8D16M31D7M14D8M22D7M17D18M5D18M23D65M3D94M1I5M6D53M3I19M21I9M1D33M2I18M2I25M
21	2791	0.382	4.319E-62	9	625	754	0	720	745	105M1I108M1D55M12I7M6D7M1I28M4D21M22D5M31D10M42D94M3D88M1I5M1D3M3D38M2I13M8D13M
114	2782	0.309	6.891E-62	12	744	754	4	922	929	101M1I110M1D50M20I1M8D14M29D11M11D14M81D11M26D14M5D8M27D11M1I24M1D59M5D14M1I1M1I66M5I6M3I3M1I4M12D28M2D17M1I34M6D20M10D31M2I20M2I23M
12	2762	0.419	1.946E-61	12	666	754	1	674	675	98M1I166M8I34M10D57M8D11M18D10M9D30M1I6M2D26M4D11M5I52M2I16M2D1M1I8M1I39M4I10M7I23M4I23M
80	2759	0.329	2.274E-61	50	751	754	1	930	931	63M1I161M104D11M8I10M9D15M18D6M25D11M2D12M3D17M1I23M42D6M9D5M2D62M3D13M1I2M1I77M1I4M5D38M1D12M10D10M10D30M3I10M2D3M3D30M2I21M2I30M
32	2732	0.312	9.239E-61	50	752	754	1	928	929	62M1I167M99D2M6I37M11D9M19D9M29D16M14D7M26D34M7D61M3D11M1I5M1I77M1I7M6D35M1D13M1I13M19D10M1D30M5D31M2I21M2I31M
104	2707	0.297	3.383E-60	8	752	754	0	937	938	43M32I29M1I162M10I3M6I6M79D7M22D22M29D13M38D32M1D26M46D62M3D10M1I5M1I78M1D6M4D36M1D13M2I26M12D28M14D29M2I21M2I31M
121	2689	0.438	8.613E-60	18	641	754	0	618	619	92M1I167M4I33M1I21M9I8M8I8M12D14M1D19M8D21M1D11M2D27M3D64M1I2M1I16M2D10M1I12M1D25M2I14M7I25M
84	2678	0.320	1.525E-59	58	751	754	3	928	929	55M1I160M15I8M8D5M62D31M8D16M16D9M9D10M2D8M7D3M55D10M1D11M57D62M3D13M1I2M1I77M1I4M5D37M1D13M3I34M19D16M2D3M3D30M2I21M2I30M
79	2650	0.321	6.524E-59	60	753	754	0	887	889	53M1I161M13I7M7D8M119D28M11D25M22D8M5D8M2D11M22D11M1D68M3D13M1I2M1I77M1I5M6D33M2D37M15D35M3D30M2I21M2I26M3I3M
103	2642	0.327	9.883E-59	34	753	754	0	885	886	49M4I10M5I5M3I165M12I15M12D14M5D17M31D9M9D12M23D46M90D63M3D14M1I1M1D77M1I5M5D4M1D28M2D26M1D16M9D29M3D2M3D30M2I25M2I21M2I5M
9	2619	0.355	3.262E-58	5	753	754	0	621	639	4M1I268M23I38M23I9M99I4M17D3M1I48M2I17M2D2M1I8M3I6M1D25M1I21M3I28M2D16M5D60M2I24M5D9M
81	2435	0.318	4.594E-54	47	673	754	7	824	885	67M1I160M10I3M6I56M16D22M4D4M74D10M33D9M53D5M33D63M3D9M1I5M1I77M1I7M6D35M1D12M12I51M
11	2407	0.420	1.966E-53	12	629	754	4	586	596	38M32I32M1I166M8I70M4I33M10D6M1I21M1D10M2D28M3D64M2I18M2D10M1I5M1D32M2I15M3I16M
110	2380	0.290	7.986E-53	98	752	754	0	879	880	14M1I162M19I3M12D5M27D5M34D26M8D15M90D11M14D10M2D24M24D7M7D62M3D10M1I5M1I77M1I7M6D35M1D11M4I53M28D30M2I21M2I31M
123	2162	0.351	6.572E-48	52	574	754	0	711	715	62M1I160M9I15M100D22M77D80M13D61M3D13M1I2M1I66M1D11M1I4M8D14M
19	2112	0.247	8.812E-47	10	750	754	9	732	735	30M1D17M2D42M1I9M2I46M1D19M13D17M2D30M2D8M3I8M3D39M1I27M1I55M2I4M17I25M2D6M2D44M2D13M1I7M2D72M1I7M10D34M4I10M4I43M3I14M4I3M12I17M1D9M3I16M1I10M
90	1572	0.202	1.320E-34	7	742	754	0	690	697	7M1I26M1I12M5I54M2I40M5D21M1I17M1I24M2I3M11I40M12D31M5I29M16I40M4I33M1I6M2I2M2D10M1D7M3D13M1D6M2D33M1I3M5D10M3I17M2D9M1I7M2I12M6I15M2I9M12I54M1D10M1D18M1I9M1D7M1I21M
4	1428	0.206	2.331E-31	11	742	754	1	680	688	7M1D39M4I52M2I38M3D3M2D20M1I18M1I20M1D3M3D9M12I37M13I58M5D29M16D18M6D12M1D3M3D28M3I11M3D2M1D7M1D12M4D5M1I3M3I2M6D29M4D11M3I14M1D4M1D8M3I12M8I20M21I6M8I3M26I11M4D13M7I6M1D9M2I15M1I16M
129	1360	0.194	7.957E-30	19	744	754	1	651	656	22M1I9M35I3M2D4M1D20M2I40M5D21M1I14M1I24M1D7M14I39M21D38M7I6M2I6M8I19M5I5M14I14M2I31M1I7M2I5M2D6M1D15M3D16M3D32M4D10M3I17M2D9M1I7M12I23M2D4M2D42M5I16M1D5M9I6M1D17M1I6M1D10M1I24M
99	1156	0.262	3.166E-25	0	482	754	2	448	450	13M2D28M1I11M5I55M2I38M3D3M1D14M1I23M1I24M1D13M11I34M2D24M2I17M9I6M9I25M6I22M2I39M3I9M3D4M1D6M3D23M
17	700	0.195	6.055E-15	17	426	754	3	462	985	21M2I26M3I14M1I4M1D21M2I46M3D18M2I3M11D15M1I13M1D4M12D2M1I7M1D18M10D24M2I30M4D12M5D13M5D19M12D69M1I16M
93	667	0.178	3.359E-14	19	394	754	13	395	803	32M7I43M1I11M2I39M3D5M4D17M3I13M2D26M1I1M11D15M7D1M3I28M5I5M9I5M5D68M4D13M2D23M
 55	6625	1.00	0.000E+00	0	892	893	0	892	893	893M
76	5007	0.759	0.000E+00	0	892	893	0	924	925	112M1D231M2I26M2D16M1I49M1D31M3D19M4D14M4I12M1I13M6I112M1D49M1D44M32D112M1D39M
54	4997	0.744	0.000E+00	0	892	893	0	922	923	112M1D236M1D23M2D15M2I75M4I20M4D30M1I12M6I113M1D49M1D44M32D112M1D39M
51	4990	0.748	0.000E+00	0	890	893	0	928	932	112M1D231M3I25M2D96M3D20M4D23M3D7M1I14M6I111M1D49M1D44M32D112M1D37M
56	4964	0.739	0.000E+00	0	892	893	0	930	931	112M1D216M2I12M1I28M2D66M1D30M3D20M4D6M1I16M3D7M1I13M6I112M1D49M1D44M32D112M1D39M
71	4961	0.738	0.000E+00	4	892	893	16	933	934	108M1D259M2D15M2I78M1I20M1D30M1I12M6I114M1D48M1D44M32D112M1D39M
109	4918	0.739	0.000E+00	0	887	893	0	914	915	112M1D236M1I22M2D65M1D31M3D11M1D9M4D19M4I7M1I15M9I108M1D48M1D44M32D21M1I33M4I53M1D34M
50	4912	0.729	0.000E+00	0	890	893	0	905	906	112M1D231M1I27M2D15M2I62M17I20M4D30M1I13M6I112M1D49M1D44M32D112M1D37M
43	4906	0.743	0.000E+00	0	892	893	0	930	931	112M1D236M1I22M2D22M1I43M1D30M3D19M4D15M1D16M1I13M6I112M1D49M1D44M32D112M1D39M
57	4899	0.727	0.000E+00	0	884	893	0	921	931	112M1D189M1I69M2D56M1D10M1D31M3D19M4D21M1I22M6I16M2I95M1D48M1D44M32D112M1D31M
45	4894	0.742	0.000E+00	0	892	893	0	926	927	112M1D259M2D15M2I87M1D12M4D30M1I12M6I113M1D49M1D44M32D112M1D39M
41	4873	0.702	0.000E+00	0	892	893	0	923	924	112M1D180M3I38M1I9M1I27M2D47M1I48M3D20M4D23M2D7M1I10M6I115M1D49M1D43M20D5M9D108M1D39M
77	4852	0.704	0.000E+00	0	892	893	0	923	925	112M1D236M3D21M1I15M1I77M4D24M4D15M7I8M1I13M6I112M1D49M1D44M32D8M2I102M1D34M2D5M
46	4848	0.723	0.000E+00	0	885	893	0	917	926	112M1D232M3I24M2D85M11I20M4D23M3D7M1I14M6I111M1D49M1D44M25D3M3D109M1D5M12D27M
35	4845	0.735	0.000E+00	0	892	893	0	928	929	112M1D220M1D11M1I27M2D22M1I47M2I44M4D18M3D12M1I13M6I112M1D49M1D44M32D12M1D100M1D39M
113	4832	0.731	0.000E+00	0	884	893	0	905	915	112M1D236M7I16M2D66M1D29M1I19M4D31M1I13M6I113M1D48M1D43M20D5M9D51M4I53M1D31M
52	4826	0.713	0.000E+00	0	890	893	0	912	913	112M1D216M4I11M1I27M2D66M3I24M1I19M3D9M1I3M6I10M4I14M6I113M1D48M1D44M32D112M1D31M7D6M
44	4812	0.702	0.000E+00	0	892	893	0	885	886	112M1D214M2I5M2I6M14I16M2D93M1I22M3D6M1I21M11I5M17I101M1D49M1D44M32D112M1D39M
69	4808	0.711	0.000E+00	0	892	893	0	923	924	112M1D227M11I21M2D10M2I54M1D18M1D12M3D13M1D7M4D23M3D7M1I13M6I113M1D48M1D43M20D5M6D6M6D102M1D39M
58	4782	0.719	0.000E+00	0	892	893	0	888	889	112M1D259M2D15M2I36M5D15M28I17M3I30M1I12M6I114M1D48M1D44M25D112M1D39M
3	4781	0.704	0.000E+00	0	888	893	0	881	882	112M1D214M2I5M2I6M14I16M2D99M1I13M3D9M1I21M11I5M17I101M1D49M1D44M32D112M1D35M
13	4774	0.700	0.000E+00	0	892	893	0	893	894	112M1D232M6I21M2D44M3I30M9I6M4I20M4D6M1I9M15I5M3I123M1D49M1D44M32D112M1D39M
49	4718	0.695	0.000E+00	0	892	893	0	861	862	112M1D214M2I5M2I6M14I16M2D80M25I11M3D6M1I21M11I5M17I101M1D49M1D44M32D112M1D39M
70	4679	0.692	0.000E+00	0	892	893	0	857	858	112M1D198M10D2M15I3M20I21M2D15M2I49M36I11M3I30M1I12M6I113M1D49M1D44M32D112M1D39M
116	4592	0.699	0.000E+00	0	889	893	0	892	893	112M1D231M1I15M8I4M2D12M4I50M1D29M1I19M2D12M12I7M1I9M6I117M1D48M1D44M32D8M3I29M1D15M4I20M1D33M1D36M
48	4586	0.672	0.000E+00	0	888	893	0	898	899	112M1D184M2I45M2I6M3I17M2D14M4I28M4D18M1D11M4I17M3D30M6I22M13I111M1D49M1D44M22D2M7D58M1D52M1D35M
82	4554	0.670	0.000E+00	3	888	893	28	946	947	4M1D105M1D193M1D43M5I18M2D14M1D32M4D24M1D26M3D20M4D34M13I20M1I94M1D49M1D44M22D2M7D52M2D58M1D35M
83	4537	0.680	0.000E+00	0	888	893	24	946	947	7M1D105M1D189M2I6M1D39M6I17M2D15M1D31M4D24M1D26M3D20M4D15M3D22M13I112M1D49M1D44M32D9M3I42M2D58M1D35M
42	4480	0.635	1.210E-103	0	888	893	0	932	933	112M1D180M2I49M2I5M6I15M2D12M1I25M3D49M1I8M3D53M4D5M4D17M3I11M3I91M1D48M1D44M32D16M3D7M5D31M2D58M1D35M
78	4480	0.629	1.210E-103	0	888	893	0	939	940	112M1D180M1I55M2I21M2D12M1I27M1I6M4D40M1I8M3D20M4D19M1I3M1I139M1D48M1D44M35D23M5D38M2D51M1D35M
47	4400	0.653	8.857E-102	0	884	893	0	810	820	112M1D231M4I23M2D23M1I26M12I13M23I8M43I12M6I17M1I95M1D48M1D44M32D35M22I55M1D31M
23	4398	0.622	9.861E-102	0	888	893	0	934	935	112M1D180M1I52M8I18M2D12M1I27M1I6M4D38M1I10M3D19M4D17M1D53M2I92M1D48M1D44M32D16M3D7M5D36M2D53M1D35M
66	4253	0.594	2.375E-98	0	888	893	0	922	923	82M1D30M1D180M1I46M5I14M3I3M6I16M1I24M1I5M4D41M1I8M3D47M2D40M4I92M1D48M1D44M32D9M1D10M2D4M5D31M2D58M1D35M
130	4246	0.584	3.459E-98	0	888	893	0	982	983	112M1D168M1I15M3D61M1D14M2D16M1D18M7D9M4D11M6D12M1D30M3D22M11D12M1D11M6D12M1D24M4I97M1D49M1D44M32D16M9D7M5D31M2D58M1D35M
112	4058	0.486	8.384E-94	0	892	893	0	970	971	112M1D168M1I65M1D17M1I7M2D39M10D20M6D36M11D61M2D122M1D49M1D44M31D15M9D14M6D16M1D67M1D32M3I4M
38	4047	0.489	1.514E-93	0	889	893	0	968	969	112M1D168M1I91M2D41M6D9M8D44M3D12M8D49M2D123M1D48M1D44M31D13M15D31M1D68M1D36M
30	4046	0.489	1.597E-93	0	889	893	0	971	972	112M1D168M1I65M1D21M1D48M5D4M6D5M5D39M3D65M4D25M7D96M1D49M1D44M31D14M15D45M1D53M1D36M
72	4023	0.502	5.492E-93	0	888	893	0	957	958	112M1D168M1I79M1I10M2D37M3D36M3D12M2D10M5D4M4D13M4D8M1D159M1D48M1D27M1I16M39D5M7D13M2I12M1I28M1D51M1D35M
115	4021	0.515	6.115E-93	0	888	893	0	981	982	112M1D168M1I5M3D42M1D43M2D14M1D25M10D19M3D6M1D23M4D21M10D22M7D27M2I20M1I99M1D48M1D40M9D2M30D15M4D10M5D30M3D59M1D35M
39	3995	0.488	2.470E-92	0	889	893	0	964	965	112M1D168M1I55M1D27M1I7M2D42M8D9M8D44M3D70M6D113M1D49M1D44M31D19M14D93M1D36M
15	3995	0.504	2.470E-92	0	882	893	36	977	983	112M1D153M1I43M1I28M2I8M2I10M1I10M2D14M1D21M8D19M3D17M2D14M1I7M1I75M1D12M1D98M1D48M1D24M1I19M31D4M3D11M12D34M1D63M1D29M
62	3987	0.491	3.796E-92	0	889	893	0	930	931	112M1D168M1I56M1D26M1I7M2D40M14I3M4I35M11D51M2I130M1D48M1D44M24D3M1D20M20D89M1D36M
25	3986	0.484	4.005E-92	0	889	893	0	969	970	112M1D168M1I62M1I19M1I7M2D39M10D12M6D46M2D13M10D56M2D113M1D48M1D44M39D20M7D23M1D69M1D36M
85	3984	0.485	4.460E-92	0	889	893	0	969	970	112M1D168M1I62M1I19M1I7M2D41M8D10M8D46M2D13M10D56M2D112M1D49M1D44M39D20M7D23M1D69M1D36M
22	3982	0.479	4.965E-92	0	889	893	0	957	958	112M1D168M1I77M3I10M2D42M4D34M1I8M4D7M3D25M8D39M2D123M1D48M1D42M44D16M1D31M1D67M1D36M
33	3982	0.486	4.965E-92	0	889	893	0	969	970	112M1D168M1I62M1I19M1I7M2D41M8D10M8D41M5D8M7D37M1D11M1D130M1D49M1D44M39D19M7D21M1D72M1D36M
94	3980	0.485	5.528E-92	0	889	893	0	923	924	112M1D168M1I82M1I7M2D25M1I34M10I5M8I43M5D15M3D138M1D48M1D44M32D17M2D11M7D84M1D36M
53	3978	0.494	6.155E-92	0	892	893	0	963	964	112M1D168M1I65M1D17M1I7M2D40M8D19M8D56M3D2M8D34M5I122M1D49M1D44M45D14M1D45M1D53M1D32M3I4M
119	3977	0.488	6.495E-92	0	889	893	0	967	968	112M1D168M1I90M2D24M2I16M8D9M8D46M3D20M8D39M2D122M1D49M1D44M31D19M14D24M1D69M1D36M
118	3977	0.503	6.495E-92	0	888	893	0	977	978	112M1D168M1I79M1I10M2D58M18D5M1D30M5D5M1D5M1D44M3D19M5D112M1D49M1D27M1I16M20D5M13D10M5D17M13D29M1D51M1D35M
64	3975	0.487	7.231E-92	0	892	893	0	967	968	112M1D168M1I47M4D20M3I12M1I7M2D57M15D38M4I26M9D40M6D113M1D49M1D43M45D15M1D45M1D53M1D32M3I4M
5	3972	0.485	8.495E-92	0	889	893	0	969	970	112M1D168M1I62M1I19M1I7M2D39M10D12M6D44M1I13M13D57M2D112M1D49M1D44M39D20M7D23M1D69M1D36M
107	3971	0.484	8.964E-92	0	889	893	0	968	969	112M1D168M1I70M1D8M3I9M2D48M11D5M5D39M3D33M1D25M4D16M6D113M1D48M1D44M45D14M1D98M1D36M
67	3970	0.503	9.458E-92	5	889	893	6	963	964	107M1D168M1I82M1I7M2D43M11D11M1D5M2D36M3D10M5D7M3D15M3D13M1D9M2I127M1D49M1D44M31D16M1I10M8D5M3D27M1D53M1D36M
65	3969	0.511	9.980E-92	7	891	893	2	878	879	105M1D168M1I19M2D24M1D47M2D39M3I15M9I10M8I13M7D9M1D11M9D10M1D4M3I21M5D22M3D102M1D48M1D25M1I14M18D14M36I66M1D38M
105	3969	0.492	9.980E-92	0	889	893	0	962	963	112M1D168M1I61M1D21M1I7M2D39M10D14M5D62M11D21M2D143M1D48M1D44M31D14M8D26M1D72M1D36M
106	3967	0.479	1.111E-91	0	889	893	0	969	970	112M1D168M1I62M1I19M1I7M2D49M16D46M4I6M1D19M1D24M1D10M4D5M11D115M1D49M1D44M39D20M7D23M1D69M1D36M
59	3962	0.510	1.453E-91	0	882	893	0	972	982	8M1D104M1D168M1I5M3D42M1D43M2D13M2D12M1I24M17D17M1D28M3D22M14D34M3D32M8D96M1D48M1D27M1I16M32D50M1D13M1D49M1D29M
24	3961	0.488	1.534E-91	0	892	893	0	969	970	112M1D168M1I62M1I19M1I7M2D41M8D10M8D44M1I2M3D11M10D18M3D23M1I127M1D49M1D44M39D17M7D26M1D69M1D32M3I4M
28	3961	0.486	1.534E-91	0	889	893	0	970	971	112M1D168M1I62M1I27M2D39M10D12M6D44M3D22M9D49M2D112M1D49M1D44M39D20M7D23M1D69M1D36M
79	3958	0.607	1.802E-91	53	888	893	1	888	889	59M1D180M1I55M2I21M2D12M1I33M3D41M1I8M3D20M1D37M4I14M3D9M3D99M1D48M1D43M35D24M5D38M2D51M1D35M
29	3957	0.488	1.901E-91	0	889	893	0	969	970	112M1D168M1I62M1I19M1I7M2D39M10D12M6D44M1I2M3D16M1D3M9D49M2D112M1D49M1D44M39D20M7D23M1D69M1D36M
31	3957	0.484	1.901E-91	0	889	893	0	969	970	112M1D168M1I62M1I19M1I7M2D39M10D12M6D44M1I13M13D57M2D112M1D49M1D41M39D23M7D23M1D69M1D36M
27	3954	0.486	2.233E-91	0	889	893	0	969	970	112M1D168M1I62M1I19M1I7M2D39M10D7M6D49M1I13M13D57M2D112M1D49M1D44M39D22M7D21M1D69M1D36M
111	3950	0.495	2.769E-91	0	892	893	0	937	938	112M1D168M1I90M2D43M5D46M7I10M3I33M2D136M1D49M1D44M44D14M1D30M1D68M1D32M3I4M
127	3943	0.497	4.032E-91	0	888	893	43	1012	1013	112M1D168M1I79M1I10M2D58M18D5M1D30M5D16M2I34M3D25M9D108M1D49M1D27M1I16M39D6M1D27M3D28M1D51M1D35M
75	3938	0.482	5.274E-91	0	892	893	0	969	970	112M1D168M1I90M2D42M8D9M8D44M3D22M8D6M1I32M2D122M1D49M1D44M39D20M7D39M1D53M1D32M3I4M
6	3937	0.483	5.565E-91	0	889	893	0	969	970	112M1D168M1I62M1I19M1I7M2D49M16D46M1I13M13D57M2D112M1D49M1D44M39D20M7D22M1D70M1D36M
61	3936	0.490	5.872E-91	0	889	893	0	932	933	112M1D168M1I61M1D21M1I7M2D68M3I14M9I32M4D13M1I139M1D48M1D43M45D15M1D49M1D49M1D36M
34	3935	0.483	6.196E-91	0	889	893	0	969	970	112M1D168M1I62M1I19M1I7M2D41M8D10M8D44M1I2M3D12M10D56M2D113M1D48M1D44M44D22M2D21M1D69M1D36M
108	3920	0.488	1.386E-90	0	892	893	0	927	928	112M1D168M1I82M1I8M2D24M1I21M4I10M7I7M8I12M3D21M8D21M1D141M1D49M1D44M31D14M14D39M3I56M1D32M3I4M
86	3916	0.483	1.719E-90	0	889	893	0	969	970	112M1D168M1I62M1I19M1I7M2D41M8D10M8D44M1I2M3D12M10D56M2D112M1D49M1D44M39D20M7D23M1D69M1D36M
26	3907	0.487	2.787E-90	0	886	893	0	966	970	112M1D168M1I62M1I19M1I7M2D41M8D10M8D44M1I13M13D57M2D112M1D49M1D44M39D20M7D23M1D69M1D33M
16	3905	0.502	3.103E-90	0	887	893	34	977	978	112M1D168M1I28M1I23M3I26M1I8M2D14M1D25M1D18M10D5M1D9M1D19M4I87M2D97M1D49M1D24M1I19M31D22M15D26M1I63M1D34M
131	3888	0.479	7.731E-90	0	889	893	0	895	896	112M1D168M1I61M1D21M1I7M2D51M15D27M1D6M1I10M1I11M63I109M1D48M1D43M45D32M4D28M1D53M1D36M
73	3811	0.498	4.831E-88	21	888	893	0	932	933	91M1D168M1I79M1I10M2D58M10D39M2D28M3D153M1D49M1D27M1I16M43D6M1D5M2D44M1D57M1D35M
60	3736	0.473	2.711E-86	11	891	893	9	993	994	20M8D6M5D75M1D168M1I23M3D24M1I43M2D12M1D36M17D50M8D8M1D8M9D40M1D30M7D94M1D48M1D25M1I16M37D22M2D30M1D14M1D48M1D38M
102	3715	0.448	8.374E-86	0	889	893	0	963	964	112M1D168M1I79M24D44M1I51M11I28M1I41M12D113M1D48M1D44M43D10M4D49M1D53M1D36M
68	3713	0.474	9.324E-86	2	888	893	7	900	901	9M10I7M2I82M1D168M1I45M1D34M1I10M2D32M3I42M19I30M8I145M1D48M1D27M1I16M31D14M13D47M1D51M1D35M
74	3691	0.498	3.039E-85	10	857	893	4	902	926	102M1D152M2D4M2I10M1I47M1I31M1I10M2D35M5D16M12D34M1D69M6I119M1D48M1D26M2I5M19D12M11D14M8D21M1I22M1D53M1D4M
32	3563	0.469	2.937E-82	42	889	893	1	928	929	70M1D168M1I62M1I19M1I8M2D38M10D12M6D45M2D14M10D56M2D113M1D48M1D44M39D20M7D22M1D70M1D36M
80	3563	0.482	2.937E-82	42	888	893	1	930	931	70M1D168M1I80M24D21M2I6M2I9M1D10M1I57M2D12M1D34M4D5M3D16M6D114M1D48M1D27M1I16M18D5M13D10M13D46M1D51M1D35M
84	3557	0.479	4.054E-82	47	888	893	0	928	929	65M1D168M1I79M1I10M2D41M19D52M5D6M4D13M4D10M4D19M4D12M7D2M1D2M3I16M5I98M1D48M1D27M1I16M39D21M1D12M3D28M1D51M1D35M
104	3555	0.452	4.513E-82	0	889	893	0	937	938	44M32I36M1D168M1I62M1I19M1I7M2D41M8D10M8D44M1I2M3D12M10D51M2D118M1D48M1D44M39D19M7D25M1D68M1D36M
92	3466	0.370	5.372E-80	5	885	893	1	1083	1084	107M1D167M3D21M23D12M3D19M3D23M18D23M1D20M2D24M8D37M7I5M2D7M1D19M3D41M5D16M14D86M2D10M1D49M1D33M19D11M47D12M7D36M35D13M6D51M1D28M3D4M
117	3465	0.360	5.669E-80	0	892	893	0	998	1003	3M2D109M1D155M10D35M15D46M1I54M7D11M1D13M2D29M11I43M8D12M12I15M2I89M1D9M1D49M1D40M20D9M18D40M6D6M24D11M14D50M1D39M
128	3433	0.410	3.161E-79	5	882	893	6	867	876	107M1D155M1D10M1D22M20I32M15I20M9I23M3I20M1I11M12I37M1I3M2I16M9D6M7I12M6I77M1I7M2D10M1D48M1D35M11D7M21D19M5D35M5D8M2D52M1D29M
8	3223	0.349	2.497E-74	0	890	893	0	1015	1016	3M2D110M1D156M12D9M4D15M2I76M7D15M2D45M1D25M11I9M5D13M1I23M18D23M5D22M2D4M4D60M2I15M4D11M1D48M1D36M20D6M25D20M2D27M5D18M18D49M1D25M1D12M
122	3210	0.362	5.019E-74	0	890	893	0	972	1001	8M1I103M1D155M1D54M3D13M25D21M11I14M10I17M7I10M5I26M12I37M2I47M1D86M1D10M1D49M1D33M19D10M40D9M27D25M11D20M1D59M1D11M2D12M5I9M
101	3199	0.361	9.061E-74	5	881	893	20	928	936	107M1D154M1D5M8I13M3I22M1I4M5I18M6I30M2D49M2I24M1I4M6I11M2D81M5D62M2D29M1D48M1D24M4D5M7D5M22D10M10D35M1D30M4D47M1D28M
110	3163	0.452	6.263E-73	90	889	893	0	879	880	22M1D168M1I62M1I19M1I7M2D41M8D10M8D44M1I3M3D15M1D3M9D49M2D113M1D48M1D44M31D14M15D29M1D69M1D36M
100	3113	0.339	9.181E-72	1	892	893	0	805	806	111M1D155M2I4M9I10M20I17M42I85M11I14M1D12M3I6M6I7M28I9M6I80M1D2M1D10M1D48M1D33M17D10M2D10M5D28M4D71M1D5M1D27M5D11M
18	3110	0.318	1.079E-71	5	882	893	1	1242	1248	107M1D153M4D24M2D17M1I18M25D7M1I29M3D4M27D14M1D17M14D35M4D13M1D13M6I59M18D101M1I14M1D11M1D48M1D35M15D8M16D22M33D13M12D9M157D5M21D9M15D55M1D29M
103	3096	0.421	2.288E-71	26	888	893	0	885	886	49M4I8M5I10M2I8M1D157M2I5M4I21M2D44M6I13M6I54M13D42M5D37M2I12M12I107M2D14M1D48M1D44M33D26M4D8M3D78M1D35M
81	3057	0.466	1.857E-70	39	803	893	7	819	885	73M1D168M1I65M1D17M1I7M2D52M14D26M4I11M4D6M1D13M9D24M2D143M1D48M1D44M25D16M6I31M1I8M
114	3054	0.364	2.182E-70	0	881	893	0	922	929	112M1D107M1D49M6I35M1D39M1D30M2D46M1D34M7I36M5D32M4D23M4I59M2D31M1D48M1I7M3I16M3D9M20D11M6D5M5D24M1D33M7D47M1D28M
91	3022	0.344	1.217E-69	5	890	893	9	787	788	101M1D4M1D155M5I16D5M8I12M9I18M46I4M2I28M19I6M6I22M16I33M37I16M2I64M2I7M1D8M1D9M1D49M1D22M1D7M3I9M16D4M4D61M1I4M1I29M1D6M1D9M1D5M4D32M
126	3001	0.330	3.758E-69	0	884	893	4	807	808	102M2I8M1D155M10D1M12I28M19I5M1I10M23I16M8I27M17I8M32I28M3I15M21I13M2D96M1D38M1I9M1D26M2I6M11D8M27D50M2D15M6D37M2I10M1D31M
98	2986	0.329	8.410E-69	1	890	893	9	775	776	103M2D161M10D1M4I21M7I13M8I3M44I11M8I6M6I40M33I16M27I8M18I18M2I64M2I13M1D2M1D10M1D48M1D16M1I5M1D7M3I8M16D6M12D10M7I7M3I34M1I2M1I35M2D10M1D8M4D29M
124	2971	0.355	1.882E-68	5	883	893	1	712	713	110M1D147M3D2M3D8M12D3M102I11M16I14M11I15M12I15M22I6M17I6M14I21M2I40M1D24M1I16M2D10M1D47M1D19M2I8M1D5M14D20M4D6M2D8M5I8M3I11M6I47M1D39M
120	2910	0.348	4.981E-67	0	892	893	2	761	764	102M2I8M1D153M5I1M8D2M10I9M15I41M20I9M11I8M5I29M3I20M1I10M1D4M8I6M30I11M23I8M5I35M2D39M1D7M1D10M1D36M2I10M1D7M1D26M13D23M13I26M9I6M1I32M1I12M1D39M
7	2877	0.330	2.930E-66	0	892	893	0	828	857	5M3D98M1D11M1D152M1I29M15I14M49I31M11I9M7I4M14I9M8I33M1I26M2I28M2I39M2D43M3D9M1D36M2I10M1D6M1D12M2I10M2I7M15D4M13D61M2D37M1D6M1D9M1D28M6D11M
97	2874	0.328	3.443E-66	1	890	893	22	785	786	103M2D160M16D4M6I4M3I10M7I19M11I11M26I19M15I16M17I16M22I3M19I10M9I13M21I5M5I2M2I63M3I13M1D2M1D10M1D48M1D26M2I12M16D5M3D3M9D8M7I8M2I14M3I56M1D10M1D5M2D32M
0	2865	0.328	5.582E-66	0	890	893	8	753	754	106M1D8M1D150M20D4M14I9M7I13M8I11M46I12M8I6M19I5M14I7M23I10M3I14M47I17M1I61M3I12M1D2M1D10M1D47M1D18M1D5M1D7M3I8M16D5M3D2M1D5M8D4M9I45M1I30M2D15M1D5M2D32M
10	2857	0.327	8.577E-66	0	890	893	21	783	784	106M1D9M1D150M10D1M4I11M1I9M7I40M46I12M1I14M10I6M14I7M23I15M31I5M19I8M1I6M3I63M2I14M3D1M1I10M1D48M1D26M2I13M16D4M3D3M4D14M2I6M3I14M3I53M2D13M1D7M2D30M
95	2845	0.347	1.634E-65	5	891	893	1	719	720	97M2I8M1D155M2D7M9I9M81I40M3I12M57I5M1I8M7I21M14I19M2I32M2D44M2D12M1D36M2I10M1D7M1D25M1D7M12D13M2D43M16I32M1I12M1D28M1D10M
40	2838	0.328	2.379E-65	0	892	893	0	759	776	5M1D99M1D8M1D166M7D11M47I5M25I13M21I25M5I11M60I23M16I16M3I39M2D37M3D4M1I9M1D37M2I10M1D7M1D13M7I9M17D9M5D2M4D40M1D16M2D44M2D9M1D29M4D10M
2	2835	0.330	2.795E-65	3	885	893	8	780	781	103M1I5M1D48M1I106M1D45M4I5M4I10M30I24M80I31M11I5M21I13M1D47M1D41M3D12M1D36M1D18M6D35M19D9M4D12M16I16M5D16M1I32M3D11M6D11M3D19M4D4M
63	2828	0.318	4.071E-65	5	892	893	7	773	778	96M1D13M1D164M6I16M5D19M22I16M15I17M10I10M22I18M94I14M2I39M2D43M2D9M1D36M2I10M1D6M1D14M5I5M2I12M22D3M4D42M1I51M1D6M1D9M1D28M17D11M
1	2823	0.319	5.325E-65	0	892	893	0	779	787	115M1D161M75I6M4I23M9I34M5I19M60I14M17I16M1I25M1D13M2D40M1D3M1D10M1D38M2I8M1D7M2D14M1I9M14D18M8D23M2D38M1I32M1D4M2D8M6D6M10D2M3D18M6D14M
96	2821	0.307	5.929E-65	3	890	893	36	942	948	32M5I72M1D154M12D26M4I64M4I22M1I24M18I16M9I11M24D7M8I23M2D34M3D18M3D5M1D63M4I14M2D9M1D39M1I7M1D34M18D23M2I16M7D36M1I45M1D37M
89	2811	0.329	1.014E-64	0	892	893	0	760	777	5M2D99M1D8M1D183M2I16M65I9M47I9M40I15M4I22M10I23M2I39M2D37M3D4M1I10M1D38M2I8M1D7M1D14M7I11M17D6M5D2M1D15M2I4M5D19M1D16M2D44M2D9M1D24M1D7M3D8M
87	2798	0.320	2.039E-64	5	892	893	7	758	770	95M1D14M1D163M7D22M4I16M26I12M15I28M12I7M72I11M48I5M4I39M2D42M2D10M1D36M2I10M1D6M1D14M5I14M15D5M5D3M1D15M2I23M3I17M7D40M2D9M1D28M10D11M
88	2792	0.319	2.814E-64	5	892	893	7	755	770	109M1D154M2I6M9I18M2D12M21I24M2I12M28I26M114I14M3I39M2D37M3D4M1I10M1D38M2I8M1D3M1D17M5I4M2I13M22D3M1D23M3D33M3D44M2D9M1D28M7D11M
37	2792	0.304	2.814E-64	2	892	893	0	815	829	13M2D97M1D46M1I105M11D11M5I8M57I11M15I11M1I16M43I24M12D89M3I40M2D40M1D2M1D10M1D38M2I8M1D7M1D13M1I14M13D21M2I4M4D79M1D6M1D6M1D29M2D13M
20	2789	0.319	3.306E-64	0	892	893	0	757	772	5M2D107M1D166M6D27M7I9M8I24M77I20M31I8M53I12M5I39M2D36M3D5M1I10M1D36M2I10M1D6M1D11M2I6M5I14M22D3M1D23M3D33M3D44M2D9M1D28M7D11M
123	2700	0.429	3.935E-62	44	741	893	0	714	715	68M1D158M2D13M3I116M5D10M2D44M2D12M7D11M1I21M1I52M2I94M1D48M1D8M1D21M2D15M
36	2694	0.305	5.431E-62	2	888	893	0	810	829	12M2D98M1D46M1I105M11D11M5I8M57I11M15I11M1I28M43I12M12D79M1D10M4I39M2D40M1D2M1D10M1D38M2I8M1D7M1D13M1I15M13D20M2I5M4D79M3I2M5D8M1D24M1D12M
14	2691	0.333	6.380E-62	5	885	893	85	885	886	105M24I4M3I72M1D52M2D12M4I32M4I4M3I32M9I52M8I5M3I11M4I8M12I17M1I14M3I2M7I45M2I76M1D5M1D10M1D48M1D33M9D9M14D5M1D5M5D4M30I70M1D32M
125	2661	0.304	3.195E-61	2	885	893	24	812	813	110M1D152M4D16M2I10M12I13M16I16M22I15M17D20M25I17M23I51M8I19M13I60M7I3M6I11M1D49M1D36M15D15M2D1M2D17M4D7M2I17M5I10M2I44M1D32M
21	2532	0.360	3.259E-58	5	738	893	4	663	745	109M1D99M1D51M5D11M5I9M10I15M1I12M5I6M13I26M3I48M2I21M16I35M26I29M2I81M2D10M1D48M1D15M1I7M3D3M4I11M
12	2347	0.332	6.724E-54	5	802	893	2	674	675	105M1D155M3D7M6I14M4I11M1D14M14I13M5I40M28I19M24I10M34I13M19I10M1I6M2I28M1I6M2D35M1D7M1I4M2I7M1D37M2I9M1D7M1D13M5I18M19D16M6I17M1I22M
121	2315	0.311	3.749E-53	11	793	893	1	618	619	101M1D159M10D7M4I7M23I6M58I6M1D14M3I9M6I8M34I12M20I8M15I10M17I22M2I22M1D11M2D44M2D11M1D38M2I8M1D7M2D14M2I9M1D2M11D9M3I5M3D3M12I30M
9	2081	0.265	1.075E-47	5	892	893	7	628	639	96M1D13M1D152M2D26M95I25M42I13M89I4M24I3M7I3M45I8M1D36M2I10M1D6M1D14M5I14M15D9M6D14M2I15M1I5M3D19M2D37M1D6M1D9M1D28M10D11M
11	2019	0.326	3.001E-46	0	740	893	0	542	596	42M32I40M1D159M5D16M5I13M3I11M22I14M55I14M6I10M63I16M21I15M3I24M1D10M2D41M1D5M1D10M1D38M2I8M1D7M2D14M2I8M1D12M
19	1816	0.230	1.628E-41	5	887	893	12	732	735	28M1D16M2D44M1I9M1I8M1D35M1D11M5D6M8D18M3D5M1I25M2D8M3I8M3D34M9D23M29I10M17I12M49I12M32I3M20I15M23I8M25I11M4I2M1I11M2D5M2D47M1I14M1D5M2D9M1D44M1D27M4D7M18D42M1I30M6I4M14I21M2D12M1I14M1I10M
90	1314	0.171	8.307E-30	0	881	893	0	692	697	33M1I12M5I93M5D18M1I21M1I21M1D6M13I6M1I39M26D9M24I7M55I4M1I16M15I13M57I23M12I10M45I31M2I5M1I3M2D10M1D22M5D15M1I6M1I13M1D2M1D3M5D7M3I11M1D6M2D36M4D13M3I12M3I15M2I16M1D8M1I4M1I10M1D16M1D5M2D15M1D18M
4	1178	0.165	1.234E-26	7	882	893	5	685	688	3M1D39M4I50M1I12M1D26M3D4M2D16M1I22M1I20M1D3M3D9M12I39M60I12M32I29M10I41M18I14M6I11M5I15M14I21M2I6M5I25M3I14M3D2M1D8M2I11M5D7M2I4M5D6M1D24M4D8M3I9M1D6M2D14M9I4M11D24M51I12M3I2M2I14M3D15M1D9M3D20M
129	1083	0.165	2.027E-24	10	880	893	0	650	656	23M1I9M35I3M2D4M1D57M3D6M2D14M1I18M1I24M1D6M13I6M1I44M98I10M67I22M3I14M3I9M18I35M2I9M4D27M3I12M2D6M1D8M1D10M3D11M1D11M1D21M4D11M3I9M1D6M2D16M8I5M1D6M11D15M8I47M8D7M4I3M2I3M2I12M1D9M2D11M1D19M
99	899	0.182	3.964E-20	5	643	893	17	448	450	28M1I11M5I92M3D4M1D14M1I23M1I36M10I39M13D7M27I5M28I11M17I10M1I6M12I6M73I16M8I13M4I8M1I3M29I6M9I28M3I9M3D4M1D7M2D23M
17	764	0.161	5.580E-17	9	892	893	3	817	985	22M2I25M3I14M1I4M1D64M2D3M1D21M9D19M1I18M12D7M3D5M1I11M9D28M20D4M8I35M1I53M4I58M4D32M14I18M1I20M3I14M5D20M4D34M14I6M21I5M2I9M2D5M6I6M18I9M16I4M19I13M11I49M1D15M1D9M25I5M16I5M44D28M
93	654	0.127	2.051E-14	11	815	893	13	782	803	34M7I41M1I12M1I8M1D29M3D3M4D15M3I18M2D28M4I6M2I6M20D32M3D18M18I18M4I40M1I16M1D22M105D63M6I61M11I16M11I11M13I9M19I23M4I5M19I8M42I13M8I76M
 