103	6418	1.00	0.000E+00	0	885	886	0	885	886	886M
67	3831	0.512	6.580E-89	0	885	886	27	963	964	49M4D10M5D5M2D170M5D15M1I23M1I14M1D25M12D24M2D36M1D19M2I34M7I14M15D35M9D8M5D96M2I128M1I13M5D34M3I17M1D97M1D3M
25	3801	0.498	3.319E-88	0	885	886	26	968	970	49M4D8M5D7M2D170M5D20M1I18M1I18M2D6M7D11M3D31M2D33M1D62M3D8M7D19M1I25M11D3M3D97M2I122M1I23M5D33M3D117M
61	3773	0.508	1.503E-87	0	885	886	26	931	933	49M4D8M5D7M2D170M5D20M1I18M1I18M2D6M7D13M5D26M2D91M12I48M3I97M2I128M1I12M7D9M3D40M2I104M
107	3772	0.506	1.586E-87	0	885	886	26	966	969	49M4D8M5D7M2D170M5D20M1I18M1I28M12D71M3D59M2I12M9D7M6D32M6D4M1D17M3D82M2I126M1I60M4D18M3D85M1I5M
39	3765	0.505	2.314E-87	0	885	886	26	963	965	49M4D8M5D7M2D170M5D20M1I18M1I18M2D6M7D13M5D29M2D33M1D66M4D45M11D22M3D82M2I128M1I36M8D15M2I114M
105	3758	0.502	3.376E-87	0	885	886	26	961	963	49M4D8M5D7M2D170M5D20M1I18M1I18M2D6M7D13M5D31M2D90M2I14M11D17M3D41M10D82M2I128M1I13M3I14M6D41M2I94M
85	3758	0.494	3.376E-87	0	885	886	26	968	970	49M4D8M5D7M2D170M5D20M1I18M1I27M12D39M2D33M1D59M3I9M13D18M1I27M14D98M2I122M1I67M8D106M
38	3757	0.498	3.563E-87	0	885	886	26	967	969	49M4D8M5D7M2D170M5D20M1I18M1I18M2D7M6D11M6D21M2D23M1I73M8I13M17D38M10D13M2D4M1D84M2I128M1I60M5D16M3D91M
112	3757	0.485	3.563E-87	0	885	886	26	969	971	49M4D8M5D7M2D165M5D25M1I18M1I27M14D41M2D31M1D55M11I24M5D26M25D10M1D5M2D84M2I127M1I14M5D7M3D147M
131	3750	0.502	5.197E-87	0	885	886	26	894	896	49M4D10M5D5M2D170M5D20M1I18M1I18M2D6M7D13M5D26M2D91M11I15M7I4M37I86M2I128M1I57M11D110M
64	3742	0.494	8.002E-87	0	885	886	26	966	968	49M4D10M5D5M2D165M5D25M1I18M1I18M2D6M7D15M5D24M2D91M11I25M9D14M6D23M2D4M14D83M2I128M1I18M10D43M2I104M
6	3742	0.498	8.002E-87	0	885	886	26	968	970	49M4D8M5D7M2D170M5D20M1I18M1I18M2D6M7D11M3D31M2D29M1D66M3D8M7D19M1I25M11D3M3D97M2I122M1I19M5D63M3D91M
27	3736	0.501	1.106E-86	0	885	886	26	968	970	49M4D8M5D7M2D170M5D20M1I18M1I18M2D6M7D11M3D31M2D33M1D62M3D8M7D19M1I25M11D3M3D97M2I122M1I23M5D59M3D91M
33	3735	0.493	1.167E-86	0	885	886	26	967	970	49M4D8M5D7M2D170M5D20M1I18M1I39M12D27M2D33M1D55M7I8M17D46M10D2M3D97M2I122M1I66M5D16M3D86M1I4M
30	3733	0.489	1.300E-86	0	885	886	26	970	972	49M4D8M5D7M2D170M5D20M1I18M1I18M2D6M7D13M5D29M2D33M1D59M3I7M10D28M17D31M1I86M2I122M1I65M8D108M
24	3725	0.485	2.002E-86	0	885	886	26	968	970	49M4D8M5D7M2D170M5D20M1I18M1I50M12D16M2D33M1D55M7I8M17D19M1I26M11D2M3D97M2I122M1I67M8D106M
106	3722	0.490	2.354E-86	0	885	886	26	968	970	49M4D8M5D7M2D170M5D20M1I18M1I39M12D27M2D33M1D55M11I25M6D24M25D18M3D84M2I120M1I66M5D16M3D91M
94	3720	0.503	2.622E-86	0	885	886	26	922	924	49M4D10M5D5M2D170M5D20M1I18M1I19M1D5M7D13M5D25M1D16M6I19M27I38M1D27M2D38M14D83M2I125M1I19M4D44M2I103M
32	3719	0.478	2.767E-86	15	885	886	0	927	929	34M4D10M5D6M2D169M5D20M1I18M1I52M12D14M2D33M1D62M3D8M7D19M1I25M11D18M3D82M2I130M1I15M5D44M3D106M
53	3719	0.503	2.767E-86	0	885	886	26	962	964	49M4D8M5D7M2D165M5D25M1I18M1I18M2D6M7D13M5D19M2D43M1D69M7D9M1D38M7D99M2I128M1I13M6D10M1I46M3D97M
26	3716	0.489	3.253E-86	0	883	886	26	966	970	49M4D8M5D7M2D170M5D20M1I18M1I47M12D9M2D46M1D59M3D8M7D19M1I25M11D3M3D97M2I122M1I19M5D63M3D89M
31	3713	0.486	3.824E-86	0	885	886	26	968	970	49M4D8M5D7M2D170M5D20M1I18M1I48M12D18M2D22M1D73M3D8M7D19M1I25M11D3M3D97M2I122M1I23M5D33M3D117M
119	3706	0.489	5.579E-86	0	885	886	26	966	968	49M4D8M5D7M2D170M5D20M1I18M1I18M2D6M7D11M5D64M1D55M11I25M17D37M2D4M14D83M2I128M1I28M16D28M9I102M
75	3706	0.488	5.579E-86	0	885	886	26	968	970	49M4D8M5D7M2D170M5D20M1I18M1I18M2D29M12D21M2D31M1D57M4I12M11D32M4D26M10D84M2I128M1I42M9D8M1I116M
28	3705	0.496	5.888E-86	0	885	886	26	969	971	49M4D8M5D7M2D170M5D20M1I18M1I18M2D23M11D31M2D27M1D62M3D9M7D22M2D7M4D15M4D18M3D82M2I122M1I23M5D59M3D91M
29	3694	0.493	1.066E-85	0	885	886	26	968	970	49M4D8M5D7M2D170M5D20M1I18M1I18M2D6M7D11M3D31M2D33M1D55M11I25M20D24M11D18M3D82M2I122M1I19M5D63M3D91M
86	3688	0.480	1.473E-85	0	885	886	26	968	970	49M4D8M5D7M2D170M5D20M1I18M1I47M12D19M2D33M1D55M11I49M31D3M3D97M2I122M1I66M5D16M3D91M
62	3685	0.499	1.732E-85	0	885	886	26	929	931	49M4D8M5D7M2D165M5D25M1I18M1I18M2D6M7D13M5D29M2D12M14I12M19I42M4D49M11D12M2D4M1D84M2I128M1I31M13D4M5I11M2I114M
5	3669	0.492	4.105E-85	0	885	886	26	968	970	49M4D8M5D7M2D170M5D20M1I18M1I47M12D19M2D33M1D62M3D8M7D19M1I25M11D3M3D97M2I122M1I23M5D53M3D97M
34	3663	0.480	5.674E-85	0	885	886	26	968	970	49M3D5M3D5M3D5M2D165M5D25M1I18M1I47M12D19M2D33M1D55M11I49M31D3M3D97M2I122M1I60M7D16M1D97M
111	3647	0.489	1.345E-84	0	885	886	26	936	938	49M4D8M5D7M2D170M5D20M1I18M1I19M2D5M7D13M5D29M2D12M4I33M5D31M23I20M4D10M2D16M4D17M3D82M2I128M1I18M4D4M4D42M1I102M
22	3634	0.495	2.712E-84	0	885	886	26	956	958	49M4D8M5D7M2D170M5D20M1I18M1I12M4D6M7D39M4I57M2I45M3D5M4D4M2D22M2D5M4D8M4D21M3D84M2I126M1I15M6D12M2D27M1I114M
108	3631	0.488	3.188E-84	0	885	886	26	926	928	49M4D8M5D7M2D170M5D20M1I8M1I24M1D10M7D13M5D25M1D16M6I7M1D10M2D11M10D34M15I12M1I25M4I111M2I127M1I14M9D60M6I88M
73	3611	0.478	9.377E-84	0	885	886	5	932	933	49M4D10M5D5M2D170M5D20M1I9M1I42M6D6M7D21M1D4M1D51M5I34M7I33M2D6M6D3M10D9M5D19M2I81M2I96M1I29M2I14M11D39M2I113M
127	3567	0.479	1.006E-82	0	885	886	69	1012	1013	49M4D8M5D7M2D166M5D21M1I12M1I28M1D20M12D25M2D53M4D36M8I25M4D32M24D8M4D87M2I97M1I29M1I20M4D3M1D146M
118	3565	0.471	1.121E-82	0	885	886	26	977	978	49M4D8M5D7M2D165M5D20M1I14M1I46M13D27M2D15M3D40M1D39M3I7M26D65M1D81M2I96M1I11M2D18M1I25M1D28M9D20M1D96M
102	3559	0.470	1.550E-82	0	885	886	26	962	964	49M4D8M5D7M2D170M5D15M1I23M1I14M1D10M7D13M5D19M2D43M1D19M2I28M13I14M15D6M1D23M11D28M3D82M2I126M1I14M8D55M1D100M
72	3540	0.482	4.318E-82	0	885	886	26	957	958	49M4D10M5D5M2D170M5D17M1I12M1I23M1D12M7D11M5D27M2D53M7I32M5I34M20D8M5D30M3D81M2I96M1I29M1I26M3D27M1D19M1D97M
68	3531	0.471	7.017E-82	2	885	886	10	900	901	8M3D6M8D33M4D10M5D5M2D170M5D17M1I12M1I26M2D22M12D28M2D11M5I26M2I35M25I36M4I103M2I96M1I31M1I16M5D45M1D106M
115	3510	0.447	2.178E-81	0	885	886	26	981	982	49M4D8M5D7M2D166M5D21M1D36M2D26M13D21M3D44M2I12M1I16M1I16M9I7M2D8M1D19M7D19M2D16M27D84M2I142M6D40M2D7M3D107M
16	3509	0.467	2.299E-81	0	884	886	60	977	978	49M4D8M5D7M2D166M5D19M1I19M2I29M5D11M5D29M3D16M1D29M4I11M2I38M2D18M8D130M2I96M1I29M1I14M9D39M2I11M1I101M
15	3504	0.447	3.011E-81	0	884	886	62	982	983	49M4D8M5D7M2D170M5D15M1I19M2I13M5D26M4D31M3D15M1D29M4I39M11I16M2D21M19D112M2I96M1I23M1I20M9D38M1I115M
80	3500	0.465	3.736E-81	15	885	886	0	930	931	34M4D10M5D5M2D170M5D17M1I12M1I26M1D39M14D61M4D35M9I30M19D4M5D5M3D3M4D24M3D87M2I96M1I29M1I15M6D7M2D18M2I127M
3	3491	0.460	6.070E-81	0	885	886	26	880	882	49M4D10M5D5M2D165M12D3M6I12M2I46M3I13M1I21M2D49M9I23M22I44M4I17M2D84M2I145M6I29M2I109M1I4M
104	3487	0.455	7.532E-81	0	885	886	26	935	938	17M29I9M3D4M3D5M2D170M5D20M1I18M1I26M12D40M2D33M1D55M11I50M31D2M3D97M2I130M1I10M6D11M1I52M3D86M1I4M
110	3469	0.480	1.989E-80	59	885	886	4	878	880	5M2D172M5D18M1I18M1I39M12D27M2D33M1D59M3D11M7D22M3D20M7D21M3D82M2I130M1I77M8D88M
84	3442	0.463	8.533E-80	21	885	886	0	928	929	28M4D10M5D5M2D170M5D17M1I11M1I31M1D18M12D25M2D52M4D36M9I7M1D15M5D7M13D5M5D11M8D8M7D100M2I96M1I31M1I16M5D151M
49	3434	0.462	1.314E-79	0	885	886	26	856	862	49M4D10M5D5M2D165M12D3M6I12M2I46M3I13M1I21M2D53M4I21M33I17M4I14M16I90M2I154M5I17M3I112M1I4M
44	3427	0.456	1.917E-79	0	885	886	26	880	886	49M3D5M3D5M3D5M2D164M6D22M2I46M3I13M1I21M2D49M9I22M19I7M4I29M1I112M2I145M6I29M2I109M1I4M
52	3423	0.442	2.378E-79	0	885	886	26	903	913	49M4D19M7D161M12D3M6I12M2I44M9D40M2D69M2D15M18I24M3I31M5I87M2I142M3I31M5I115M
130	3417	0.445	3.287E-79	0	885	886	26	982	983	49M4D8M5D7M2D166M5D20M2D23M1I14M2D12M13D34M3D50M3D41M11I21M23D33M10D7M3D7M2D84M2I141M1I15M5D12M2D20M2D107M
66	3412	0.447	4.304E-79	0	885	886	26	922	923	49M5D8M5D7M2D170M6D16M3I34M1D24M3I26M1D15M3D37M1D14M6D14M15I49M3D27M1I75M2I148M2D149M
42	3411	0.449	4.543E-79	0	885	886	26	932	933	49M4D8M5D7M2D170M6D17M4I55M6D31M1D15M3D36M1D14M6D14M15I15M4D34M2D104M2I143M2D153M
56	3410	0.445	4.795E-79	0	885	886	26	926	931	49M4D8M5D7M2D164M7D10M1I11M2I31M11D60M2D33M2D14M2D12M5D18M15I2M3D14M2D12M3D30M5I90M2I141M1I34M7I113M
71	3408	0.443	5.341E-79	0	882	886	38	926	934	49M4D10M5D5M2D166M9D2M2I4M1I11M2I48M14D105M8D14M16I47M5I101M2I141M1I34M7I110M
74	3400	0.446	8.223E-79	0	874	886	20	924	926	49M3D5M3D5M3D5M2D165M2D9M3D16M1I20M1I28M12D38M2D10M1I37M4I26M8D8M7I35M9D19M1D98M2I95M2I29M2I15M4I13M4D107M3I2M5D14M
59	3400	0.423	8.223E-79	0	885	886	27	981	982	49M4D8M5D7M2D168M5D18M2D13M1I24M2D37M13D15M3D33M2I40M5D15M4I17M1D7M3D16M27D20M10D94M2I90M1I51M4I18M2I123M3D7M
76	3399	0.448	8.679E-79	0	885	886	26	920	925	49M4D8M5D7M2D164M9D4M2I4M1I11M2I34M7D9M5D46M1D47M1D29M17I19M1D23M1D28M5D84M2I144M6I30M2I114M
77	3396	0.449	1.020E-78	0	885	886	26	917	925	49M4D8M5D7M2D170M7D4M1I11M2I48M14D29M2D5M1I41M1D41M17I19M1D26M1I18M4D90M2I186M11I15M1D84M
23	3393	0.446	1.200E-78	0	885	886	26	934	935	49M4D8M5D7M2D170M6D24M3I49M6D73M3D36M16I39M10D3M5D33M1D78M2I195M1D16M1D85M
116	3378	0.454	2.694E-78	0	883	886	26	889	893	49M4D8M5D7M2D164M10D2M3I5M1I23M2I48M5D23M2I46M14I27M16I21M2D20M1D21M4D85M2I142M1I43M3I14M10I18M1D64M
13	3376	0.446	3.001E-78	0	885	886	26	889	894	49M4D8M5D7M2D164M7D10M1I20M2I21M3D4M4D6M1D51M2D30M1I43M23I42M13I93M2I141M1I34M7I113M
51	3375	0.441	3.167E-78	0	883	886	26	924	932	49M4D8M5D7M2D166M9D2M3I15M2I43M11D48M2D77M14I20M5D22M1D28M5D84M2I141M1I34M7I111M
54	3373	0.441	3.528E-78	0	885	886	26	918	923	49M4D10M5D5M2D164M9D3M2I5M1I11M2I48M15D76M2D19M6D24M16I47M5I101M2I141M1I34M7I113M
69	3370	0.431	4.148E-78	0	885	886	26	919	924	49M4D8M5D7M2D164M9D3M2I5M1I11M2I44M3D80M2D43M16I23M9D46M5D84M2I142M8D15M16I123M
41	3369	0.430	4.378E-78	0	885	886	26	922	924	49M4D8M5D7M2D164M10D2M3I5M1I23M7D81M2D22M6D30M8D25M18I24M1D32M2I92M2I152M8I16M3I113M3D4M
60	3366	0.412	5.147E-78	16	885	886	53	990	994	33M4D10M5D5M2D168M5D18M2D13M1I36M13D34M3D35M5D25M6D25M16I22M8D19M12D17M2D15M20D80M2I90M1I50M2I16M1I46M5D5M1I84M
45	3364	0.437	5.733E-78	0	885	886	26	922	927	49M3D5M3D5M3D5M2D164M9D4M2I4M1I11M2I48M14D120M18I36M5D13M3D18M2D83M2I141M1I34M7I113M
113	3358	0.443	7.924E-78	0	885	886	26	914	915	49M4D8M5D7M2D165M10D1M3I5M1I20M2I41M4D6M3D27M2D65M1D17M17I6M12D39M1I14M4I90M2I141M1I45M4I9M10I81M5D5M
78	3355	0.436	9.316E-78	0	885	886	26	939	940	49M4D8M5D7M2D165M2D10M4D19M3I41M9D6M3D59M3D50M23I18M8D42M6D8M3D5M5D75M2I150M2D146M
48	3350	0.444	1.220E-77	0	885	886	26	898	899	49M4D8M5D7M2D164M11D5M5I22M4I35M9D34M2I53M1D32M20I35M1I29M1I82M2I149M2D12M12I123M
50	3349	0.441	1.288E-77	0	883	886	26	901	906	49M4D8M5D7M2D164M10D2M3I5M1I11M2I34M13D101M3D6M1I23M23I60M5I83M2I141M1I34M7I111M
35	3346	0.440	1.514E-77	0	885	886	26	928	929	49M4D10M5D5M2D167M10D4M4I11M2I35M14D51M1D53M2I27M17I17M5D23M1D26M5D85M2I141M1I14M4I22M2I107M4D5M
109	3328	0.437	3.997E-77	0	884	886	26	914	915	49M4D8M5D7M2D170M5D5M1D11M2I34M13D57M2D42M2I6M3D27M16I20M2D32M2D100M2I141M1I7M5I22M3I27M4I85M
82	3320	0.439	6.154E-77	0	885	886	52	946	947	49M4D8M5D7M2D164M11D5M5I22M1I38M9D34M3D33M3I14M1I36M14I24M7D42M3D88M2I141M1I45M4I15M4I86M
57	3319	0.438	6.495E-77	0	880	886	26	920	931	49M4D8M5D7M2D165M6D29M3I35M11D12M3D35M2D22M3D55M15I25M4D34M2D94M2I141M1I34M7I108M
43	3316	0.439	7.636E-77	0	885	886	26	926	931	49M4D8M5D7M2D164M10D2M3I5M1I11M2I48M13D38M1D17M16D2M1D19M6D41M23I20M1D39M5I84M2I141M1I34M7I113M
83	3313	0.441	8.977E-77	0	885	886	51	946	947	49M4D10M5D5M2D164M11D5M5I31M3I27M8D34M3D56M4I26M16I9M1I21M8D30M7D11M2D81M2I141M1I45M4I15M4I86M
46	3289	0.437	3.276E-76	0	882	886	26	917	926	49M4D10M5D5M2D164M10D2M4I16M2I34M7D7M4D50M2D21M6D30M2D26M15I2M3I23M2I34M5I84M2I142M4D15M16I91M12D29M
70	3288	0.433	3.458E-76	0	883	886	26	851	858	49M4D10M5D5M2D164M10D2M3I5M1I23M17D8M30I89M21I10M26I36M5I101M2I141M1I34M7I111M
58	3265	0.439	1.196E-75	0	885	886	26	884	889	49M4D10M5D5M2D164M10D2M3I5M1I11M2I48M14D70M9D46M31I19M2I6M15I99M2I138M1D19M16I123M
65	3249	0.418	2.834E-75	0	885	886	21	876	879	49M4D10M5D5M2D170M5D53M2D8M8D17M5D24M2D45M11D11M3I26M14I53M3D99M2I97M1I29M3I4M10I13M23I7M22I82M1D6M
79	3232	0.419	7.090E-75	27	885	886	1	888	889	22M4D10M5D5M2D164M6D30M3I41M9D7M3D74M3D32M8D5M15I42M3D30M4D81M2I143M2D153M
47	3203	0.428	3.389E-74	0	880	886	26	809	820	49M4D8M5D7M2D164M12D4M6I21M2I22M4D32M6D23M12I9M11I46M29I8M4I7M35I4M1D85M2I144M5D7M27I24M8I81M
55	3108	0.425	5.696E-72	0	885	886	26	888	893	49M4D8M5D10M2D8M1I158M5D5M1D20M2I35M14D21M2I33M8I20M5I42M5I38M2D13M9D24M3D81M2I14M1I48M1I44M19I9M5I15M13I10M3I78M1I35M
128	3103	0.336	7.459E-72	0	884	886	27	875	876	49M4D8M5D12M2D159M1D5M7D43M2I76M4I54M4D18M11I2M4I12M44I90M1I178M4D107M3D6M
117	3027	0.344	4.499E-70	0	885	886	28	994	1003	49M4D8M5D11M2D160M5I4M10D2M1D36M11D17M1D27M1D71M1D34M11I47M14D24M6D81M1D6M2I121M1D15M9D8M9D33M17D15M6D99M
81	2996	0.469	2.395E-69	16	780	886	10	816	885	33M4D8M5D7M2D170M5D20M1I19M1I17M2D6M7D13M5D18M2D23M4I20M3D46M1I5M11I34M1D11M16D7M16D97M2I130M1I30M5I25M
92	2958	0.328	1.860E-68	0	885	886	22	1083	1084	49M4D8M5D7M2D164M7D8M2D26M34D81M7D19M2D30M6D1M32D29M13I21M6D10M1D13M5D13M2D228M1I9M44D17M5D46M26D93M
122	2905	0.341	3.244E-67	0	885	886	25	970	1001	49M4D8M5D11M2D231M34D36M5I10M1D19M1D50M18I5M6I14M4I7M2I6M5I18M2D5M3I76M2I3M1D117M1D21M24D13M1I13M15D15M19D89M2D12M5I7M
101	2868	0.344	2.387E-66	0	879	886	41	929	936	49M4D8M5D12M2D159M3I7M2D13M4I38M7I33M1D26M3I42M7D18M13I51M1I20M6D5M4D3M1D62M2D11M2I86M11D54M5I50M1I17M3D77M
8	2828	0.294	2.065E-65	0	885	886	28	1013	1016	49M4D8M5D11M2D165M24D53M8D24M26D70M4D39M16I9M2D19M18D41M8I62M2I18M2D139M21D37M2D31M7D77M1D8M
114	2735	0.340	3.116E-63	0	879	886	26	923	929	49M4D8M5D12M2D109M1D79M2D21M1I37M8D10M5D46M1D17M5D31M14I36M2D45M1D56M2D17M2I70M5I17M3D55M3D7M1I27M5I25M2D78M
126	2723	0.320	5.953E-63	0	881	886	30	807	808	49M3D5M3D5M3D170M5I4M9D18M8I15M6I12M19I11M1I73M4I18M1I7M77I79M2I54M1I36M2I28M4I54M9D34M1D35M1I2M1I41M
18	2703	0.291	1.751E-62	0	884	886	22	1247	1248	49M4D8M5D12M2D160M10D27M3I70M12D50M11D14M2D29M13I16M10D16M15D13M13D26M46D70M1I11M2I3M1D127M1I12M3D14M145D14M3D10M39D9M7D7M11D12M22D86M
100	2698	0.325	2.293E-62	1	885	886	26	798	806	48M4D12M1I5M8D163M5I70M11I37M7I7M4I44M1D4M20I5M68I80M1D1M1I89M1D3M1D34M2D36M2I9M11I21M3I44M1D30M2D10M
98	2639	0.307	5.528E-61	0	885	886	34	775	776	49M4D10M5D5M3D164M12D2M3I4M39I19M19I89M12I5M15I12M57I6M2I63M2I15M1D1M1I74M1I7M5I4M1I28M2I20M1I11M10I38M6I2M1I32M2D20M4D24M2D5M
120	2613	0.322	2.247E-60	0	885	886	28	757	764	49M4D8M5D171M10D2M11I8M17I69M13I27M31I13M17I11M2D15M34I13M4I36M2D43M1I2M1D48M2I16M1D16M2D11M2I22M6I25M15I6M21I10M7I2M1I35M1I45M
97	2597	0.319	5.327E-60	0	885	886	47	780	786	49M4D10M5D5M5D4M2I159M14D1M7I4M36I16M23I17M2I36M1I17M19I9M30I19M29I15M2I61M3I16M1D1M1I81M5I6M1I27M2I17M1D13M12I3M4I30M3I43M1D16M2D19M3I7M
91	2592	0.319	6.975E-60	0	885	886	30	785	788	49M4D8M5D7M5D3M2I161M7I16D8M12I39M32I5M14I31M27I15M18I4M6I21M18I18M2I2M2I63M2I11M1D6M1I81M5I6M1I27M2I43M9I28M6I3M1I33M2D17M4D30M
10	2574	0.313	1.842E-59	0	885	886	47	781	784	49M4D10M5D5M3D164M11D17M17I33M19I13M7I25M3I29M13I18M90I62M2I100M5I5M1I27M2I16M1D14M12I16M1D22M9I32M2D20M2D29M
0	2567	0.312	2.687E-59	0	885	886	34	753	754	49M4D10M5D5M3D165M20D2M52I12M21I17M2I15M9I6M4I53M90I63M3I14M1D1M1I77M1D5M5I4M1I28M2I16M6D16M16I33M3I2M3I30M2D25M2D21M2D5M
96	2559	0.272	4.137E-59	0	885	886	59	942	948	9M1I2M4I33M4D10M5D8M2D161M17D2M14I7M7I36M19I19M1I49M1D38M13D4M8D11M2I4M11D19M3D46M2D6M1D62M4I66M1I38M1I48M6D6M1I32M14I10M8I76M2D7M
95	2530	0.297	1.977E-58	0	885	886	22	713	720	49M4D8M5D175M5D66M21I19M7I7M17I14M45I7M73I4M2I35M2D94M2I16M1D20M2D7M2I22M6I15M3I10M11I23M20I4M1I35M1I38M2I5M
124	2527	0.308	2.324E-58	0	875	886	22	707	713	49M4D8M5D7M2D165M5D8M12D11M27I5M45I14M34I12M41I8M9I24M25I17M2I40M1D23M1I111M1I23M3I7M1D22M15I14M7I14M10I36M1D9M1I28M
88	2513	0.287	4.946E-58	0	885	886	28	748	770	49M4D18M7D162M5I24M27I4M2D6M38I74M7I7M18I3M72I36M2D37M2D7M2I47M2I12M1D17M7I29M3I20M1D43M5I15M4I41M2D39M4D6M
63	2504	0.299	8.037E-58	0	884	886	28	749	778	49M4D8M5D11M3D160M2D3M14I6M39I40M2I60M6I11M5I7M18I3M72I36M2D93M2I18M1D11M7I23M3I37M13I40M1D44M2D38M2I4M
7	2484	0.298	2.364E-57	0	885	886	29	820	857	49M4D8M5D7M3D165M5D40M6I11M2D9M18I8M6I9M22I35M13I7M34I15M4I43M2I39M2D37M2I6M3D44M1I4M1I16M1D13M4I4M2I32M2I14M3I16M8I16M3D30M2D32M2D38M2D11M
40	2467	0.291	5.914E-57	0	885	886	27	754	776	49M4D8M5D7M3D168M11I8M27I1M7D16M21I15M3I18M16I15M4I12M47I16M33I13M3I39M2D89M1I4M1I16M1D13M4I5M3I24M3I21M1D58M9I40M2D40M3D5M
123	2462	0.387	7.745E-57	18	696	886	0	713	715	31M5D4M1I7M1I6M8D301M2D19M4D45M14I31M14D18M8D12M9D80M2I70M1D18M1D5M1D14M
20	2458	0.289	9.610E-57	0	885	886	28	750	772	49M4D18M7D170M36I21M6D3M20I15M12I7M14I23M7I15M1I6M30I7M47I8M2I39M2D41M1D2M1I45M1I4M1I15M2D2M1I11M7I29M3I21M1D42M5I15M4I41M2D39M4D6M
89	2458	0.293	9.610E-57	0	885	886	28	755	777	49M4D8M5D10M3D162M1I30M28I6M23I14M3I18M16I15M24I12M27I16M33I13M3I39M2D93M2I12M1D17M5I5M2I24M3I25M13I49M5D41M2D40M3D5M
2	2455	0.311	1.130E-56	0	885	886	31	780	781	49M4D8M5D4M1D63M1I106M1D20M24I22M29I11M3I17M5I16M17I7M45I14M9I36M5I39M1D42M1D49M1D11M1D6M4D18M1D9M1I24M1I11M5D18M10I9M11I22M12I34M1I2M4D8M5D11M3D22M1D4M
87	2443	0.291	2.158E-56	0	884	886	28	741	770	49M4D8M5D11M3D160M2D9M9D13M39I5M23I13M2I18M13I28M5I21M1I3M18I3M72I36M2D37M2I5M2D49M2I18M1D11M7I29M4I9M1D21M13I45M1D39M2D38M2I4M
1	2432	0.296	3.907E-56	0	885	886	26	772	787	49M4D8M5D7M2D184M38I18M15I8M46I17M8I14M35I29M17I43M1D13M2D43M1I2M1D48M2I16M2D14M1I33M8I49M3I23M3I7M3I32M1D4M2D5M7D10M11D21M3D9M
14	2402	0.281	1.971E-55	0	882	886	106	885	886	49M4D12M1I5M15I11M2I9M3I70M1D51M9D2M5I100M1D10M2D46M14I14M28I27M9I27M2I77M1I4M1D126M2I9M5D13M14I8M30I87M
37	2391	0.299	3.567E-55	0	885	886	26	809	829	49M4D8M5D10M2D55M1I105M16D2M11I38M9I10M17I5M42I6M29D20M8I19M34I39M13I49M2D42M1D1M1I49M2I16M1D13M1I14M2I20M4I28M16I17M2I19M1I41M2D47M
36	2373	0.300	9.418E-55	0	884	886	26	807	829	49M4D8M5D12M2D53M1I105M16D2M11I38M9I10M17I5M9I12M23D48M8I14M36I24M38I41M2D42M1D1M1I49M2I16M1D13M1I14M2I20M4I18M5D9M21I13M2I19M1I38M4D2M2I40M1I4M
125	2325	0.278	1.254E-53	0	875	886	48	805	813	49M4D8M5D10M2D162M8D22M13I14M10I8M17I20M18D17M11I56M30I32M33I65M15I121M5I5M3D9M3D9M4D7M16I8M5I15M10I74M
21	2209	0.326	6.545E-51	0	738	886	25	703	745	49M4D18M7D110M1D51M7D9M1I12M10I14M11I17M6I30M9I13M4I19M2D34M21I29M5I8M5I24M3I156M1I17M1I33M4I15M
121	2048	0.292	3.869E-47	0	766	886	16	617	619	49M4D8M5D7M2D168M14D6M2I8M13I19M20I5M57I16M24I2M18I26M4D16M44I7M1D21M1D11M2D96M2I16M2D23M5I22M8I4M4D24M11I9M
12	1974	0.293	2.095E-45	0	777	886	23	674	675	49M4D8M5D7M2D164M3D23M31I14M21I15M6I15M10I28M3I24M26I17M26I20M1D2M2I27M1I11M2D31M1D9M5I48M2I16M1D13M6I15M4D17M6I2M4I54M
9	1856	0.259	1.217E-42	0	885	886	28	617	639	49M4D8M5D7M3D164M3D2M6I24M28I9M44I11M20I5M44I14M73I7M10I3M68I47M2I15M2D2M1I11M7I29M3I29M13I24M5I16M6D37M2D44M3D5M
11	1848	0.290	1.874E-42	0	745	886	26	581	596	19M27I1M1I9M5D7M2D165M3D2M8D25M23I18M16I14M15I22M6I8M19I17M89I4M4I25M1D14M2D42M1I2M1D48M2I17M2D21M5I23M4I19M2I10M
19	1451	0.202	3.742E-33	0	874	886	33	723	735	5M1D18M2D26M3I2M10D5M2D52M1D11M5D6M8D18M1I3M3D27M2D10M4I5M4D34M14D13M18I35M73I14M1I6M17I13M27I5M53I4M4I12M2D6M2D46M1I9M2I6M1D4M2D85M4D31M1I6M2I25M8I4M2I13M2I19M10I6M18I17M1D10M1I16M
90	1014	0.172	6.464E-23	8	879	886	33	693	697	14M5I24M3D3M4D4M2D3M1D49M5D16M1I21M1I29M12I3M1I42M25D3M64I4M9I9M1I22M2I17M16I20M74I5M30I38M3I9M3D29M3D37M1I3M5D10M3I17M2D14M8I4M3I24M7I20M15I31M10I10M1I4M1I10M1D17M1D5M1D15M1D19M
129	1009	0.163	8.464E-23	54	873	886	44	646	656	4M2D3M1D46M2D3M3D16M1I18M1I27M1I4M11I4M1I40M3D6M71I4M55I6M45I48M1I9M3I6M3I46M1I1M1D11M3I7M2D6M1D8M1D12M1D11M1D33M1I1M5D10M3I17M2D14M8I5M3I19M7I22M16I20M2I34M9I3M1D17M1D6M1D12M1D15M
4	971	0.160	6.574E-22	0	879	886	25	685	688	23M4I22M4D5M2D4M4D49M3D5M2D14M1I22M1I22M4D10M12I33M3D3M51I16M22I30M11I10M5D20M7I22M28I23M6I7M20I6M3I25M1I1M1D8M3I14M3D2M1D8M2I9M4I1M5D12M5D30M2D7M2D3M3I18M2D11M8I15M4I11M20I8M3D1M57I6M3I7M3I3M2I19M3D18M3D21M
99	666	0.187	9.180E-15	0	597	886	38	448	450	7M1I14M5I21M5D4M1D7M3D2M1D46M3D3M1D14M1I23M1I24M2D12M12I32M3I5M13D2M26I9M26I4M21I4M1I15M17I21M10I8M46I15M33I3M14I23M1D3M1I10M3I10M4D2M2I3M2D29M
17	519	0.172	2.550E-11	0	812	886	20	899	985	5M2I25M3I13M3D6M4D5M2D3M5D7M4I33M3D19M2I7M11D17M1I18M12D7M1D15M10D30M2I5M37D2M8D6M3D23M16D37M1I34M4D60M9I19M18I4M5I9M1D21M4D13M5D19M3I19M2I20M8I25M2D5M7I5M25I6M15I38M23D8M1I16M22D11M1I89M
93	451	0.136	9.989E-10	1	528	886	29	738	803	14M3D9M10I15M3D5M4D7M2D46M4D3M3D16M3I17M2D28M10D5M8D10M4I31M2I4M16D18M15D28M8D24M111D17M1D37M1I34M8D24M3D44M2D27M2D24M3I18M
 28	7045	1.00	0.000E+00	0	970	971	0	970	971	971M
26	6609	0.991	0.000E+00	0	970	971	0	969	970	367M1I603M
6	6605	0.985	0.000E+00	0	970	971	0	969	970	367M1I603M
27	6605	0.988	0.000E+00	0	970	971	0	969	970	367M1I603M
5	6591	0.989	0.000E+00	0	970	971	0	969	970	367M1I603M
29	6586	0.990	0.000E+00	0	970	971	0	969	970	367M1I603M
25	6574	0.987	0.000E+00	0	970	971	0	969	970	367M1I603M
106	6567	0.976	0.000E+00	0	970	971	0	969	970	367M1I603M
86	6564	0.975	0.000E+00	0	970	971	0	969	970	367M1I603M
85	6545	0.975	0.000E+00	0	970	971	0	969	970	367M1I603M
31	6507	0.985	0.000E+00	0	970	971	0	969	970	367M1I603M
34	6443	0.975	0.000E+00	0	970	971	0	969	970	367M1I603M
24	6419	0.944	0.000E+00	0	970	971	0	969	970	367M1I603M
33	6352	0.935	0.000E+00	0	970	971	0	969	970	367M1I603M
30	6158	0.892	0.000E+00	0	970	971	0	971	972	349M2D18M1I144M1I70M1D388M
64	6114	0.883	0.000E+00	0	970	971	0	967	968	349M2D18M1I50M1I83M1I9M1I6M1I451M
38	6108	0.887	0.000E+00	0	970	971	0	968	969	349M2D18M1I43M2I99M1I458M
112	6105	0.869	0.000E+00	0	970	971	0	970	971	352M2D15M1I135M1I314M1I34M1D118M
75	6083	0.868	0.000E+00	0	970	971	0	969	970	349M2D18M1I144M1I9M1I448M
39	6081	0.883	0.000E+00	0	970	971	0	964	965	349M2D18M1I144M1I8M4I314M1I35M1I95M
53	6027	0.869	0.000E+00	0	970	971	0	963	964	352M2D15M1I144M1I36M7I415M
107	6021	0.863	0.000E+00	0	970	971	0	968	969	367M1I486M1I116M
119	6016	0.875	0.000E+00	0	970	971	0	967	968	349M2D18M1I24M2I118M1I332M1I125M
32	5972	0.984	0.000E+00	42	970	971	1	928	929	325M1I603M
105	5925	0.860	0.000E+00	0	970	971	0	962	963	349M2D18M1I63M1I80M1I305M1I8M6I138M
61	5921	0.853	0.000E+00	0	970	971	0	932	933	349M2D18M1I50M1I70M10I3M28I441M
104	5908	0.912	0.000E+00	0	970	971	0	937	938	43M32I292M1I603M
111	5897	0.857	0.000E+00	0	970	971	0	937	938	349M2D18M1I50M33I367M1I152M
62	5832	0.855	0.000E+00	0	970	971	0	930	931	349M2D18M1I45M15I7M19I58M1I8M4I314M1I35M1I95M
22	5826	0.830	0.000E+00	0	970	971	0	957	958	334M1I32M1I50M7I38M2I47M1I305M1I152M
131	5792	0.817	0.000E+00	0	970	971	0	895	896	349M2D18M1I50M1I68M78I285M3D121M
108	5607	0.787	0.000E+00	0	970	971	0	927	928	334M1I14M2D18M1I19M1I23M35I64M1I35M1D17M2I253M1I58M4I90M
110	5590	0.969	0.000E+00	90	970	971	0	879	880	277M1I603M
67	5587	0.761	0.000E+00	5	970	971	6	963	964	329M1I13M2D19M1I89M2I53M1I311M5I8M1D9M1I124M
94	5581	0.781	0.000E+00	0	970	971	0	923	924	334M1I14M2D18M1I19M1I23M34I43M3I21M1I50M2I253M1I57M5I90M
102	5204	0.696	0.000E+00	0	970	971	0	963	964	334M1I13M2D19M1I86M2I20M6I355M1D134M
118	5089	0.689	0.000E+00	0	969	971	0	977	978	338M1I11M2D17M1I39M1I39M4D50M1D35M1D46M1I180M1I13M2D49M1D20M1I13M3D114M
72	5080	0.673	0.000E+00	0	969	971	0	957	958	333M1I16M2D17M1I39M1I38M7I42M1D37M1D30M1I17M1I178M1I58M1I18M1I16M1I115M
127	5015	0.655	0.000E+00	0	969	971	43	1012	1013	337M1I12M2D17M1I39M1I38M4D57M1D31M2D28M1I17M1I178M1I58M1I20M1I14M1I115M
73	4787	0.631	0.000E+00	23	969	971	2	932	933	311M1I13M2D19M1I41M1I36M5I43M1I5M3I51M5I200M1I34M1I34M1D141M
81	4759	0.813	0.000E+00	39	882	971	7	875	885	310M2D18M1I43M2I64M1I34M1I305M2D38M26D27M
115	4741	0.591	0.000E+00	0	969	971	0	981	982	305M3D43M2D48M1D37M2I30M3I19M1D15M4D30M1D47M1D217M1D34M1D46M2D94M
16	4725	0.605	0.000E+00	5	968	971	39	977	978	299M1I20M1I28M1I12M1I25M1D25M3I23M2I5M1D18M2I30M1D31M10I19M2I12M2I177M1I60M1I19M1D42M2I90M
68	4684	0.614	0.000E+00	0	969	971	0	900	901	4M4I10M1I9M2I320M2D17M1I42M1I14M39I11M9I5M13I30M1D26M2D22M1I178M1I58M1I25M1I125M
15	4673	0.588	0.000E+00	0	968	971	36	982	983	303M1I21M1I34M3I34M1D17M3I27M1I56M1D30M8I5M2I15M2I19M2I170M1I214M
130	4609	0.568	0.000E+00	0	969	971	0	982	983	295M3D52M2D48M1D46M2D39M3I35M5D14M1D46M1D218M1D22M1I49M1D102M
74	4585	0.616	0.000E+00	7	958	971	1	924	926	360M1I38M1I24M3D55M20I38M1D26M1I188M2I31M1I25M6I21M1I11M1I87M2D14M
84	4583	0.639	0.000E+00	47	969	971	0	928	929	286M1I16M2D17M1I42M1I36M4D56M1D21M1D42M6D14M1I178M1I67M1I9M1I33M1I98M
80	4548	0.657	5.428E-104	42	969	971	1	930	931	291M1I16M2D17M1I39M1I38M4D57M1D29M1D26M1D22M1I178M1I58M1I17M1I133M
56	4450	0.515	1.000E-101	0	970	971	0	927	931	268M8D6M7I41M2I87M8I20M7I54M6I30M3I10M1D19M4I221M1D24M4I10M11I22M1I106M
59	4445	0.559	1.304E-101	0	970	971	0	979	982	7M1D287M3D54M2D48M1D36M2D54M1D18M4D34M2D12M6D23M1D183M1I39M1D16M2I10M11I6M2I21M1D107M
54	4431	0.521	2.741E-101	0	970	971	0	919	923	281M1D68M2D41M2I19M11I37M8I8M7I18M2I48M3I6M6I231M1D24M15I29M1I106M
41	4406	0.511	1.033E-100	0	970	971	0	923	924	266M5D11M4I18M3I25M1D12M2I68M17I86M5I6M6I55M1I211M1D15M19I6M1D28M1I101M3D5M
3	4400	0.520	1.421E-100	0	969	971	0	881	882	268M9D5M8I51M17I62M8I12M8I27M3I6M19I26M7I18M3I7M1I17M8I215M1D24M15I29M1I105M
51	4390	0.530	2.415E-100	0	968	971	0	925	932	281M1D62M2I66M11I37M1I15M9I56M8I13M2D232M1D27M15I29M1I104M
44	4384	0.529	3.321E-100	0	970	971	0	882	886	268M2D9M1I55M2I6M15I55M8I12M8I27M3I6M19I26M10I25M1I10M10I8M2D212M1D24M15I29M1I106M
35	4365	0.514	9.103E-100	0	970	971	0	925	929	268M10D5M9I45M1D56M1I37M16I21M2I50M8I3M4I14M2I255M1D25M4I5M10I24M1I106M
42	4364	0.515	9.599E-100	0	969	971	0	932	933	279M1D21M2I34M7I51M1I14M8I33M1D26M4I27M3I35M1I20M2I19M6I200M1D27M3I17M4I39M1D87M
43	4360	0.519	1.187E-99	0	970	971	0	927	931	266M5D11M4I102M1I90M8I19M3I4M9I8M9I6M1I20M2D235M1D24M15I29M1I106M
49	4352	0.509	1.815E-99	0	970	971	0	858	862	267M9D6M8I51M17I63M44I19M6I17M28I19M5I32M2D214M1D24M15I29M1I106M
77	4352	0.510	1.815E-99	0	970	971	0	923	925	277M1D77M1D36M1I76M2I2M10I26M8I12M7I20M9I228M1D33M17I23M1I101M5D5M
50	4350	0.516	2.018E-99	0	970	971	0	904	906	267M5D10M4I101M2I69M29I19M3I4M9I33M3I6M6I231M1D16M8I11M7I26M1I106M
109	4349	0.513	2.128E-99	0	968	971	0	914	915	281M1D131M8I19M7I31M4I60M16I239M1D22M1D8M17I31M5I90M
76	4347	0.518	2.366E-99	0	970	971	0	921	925	267M5D10M4I45M1I63M1I83M8I23M12I17M5I6M5I10M3I233M1D12M3I19M12I22M1I106M
52	4345	0.506	2.631E-99	0	970	971	0	904	913	267M9D6M8I50M4I77M20I6M24I13M6I29M2D286M1D24M15I29M1I106M
78	4345	0.522	2.631E-99	0	969	971	0	939	940	280M1D21M1I26M1I61M1I32M27I26M5I43M4I33M3D10M3D10M2D10M5D205M1D11M2I24M5I49M1D83M
46	4344	0.517	2.774E-99	0	966	971	0	917	926	267M5D10M4I62M2I66M8I13M2I40M13I14M3I4M9I23M8I13M2D232M1D29M19I23M1I75M12D27M
113	4329	0.519	6.150E-99	0	965	971	0	905	915	271M5D6M4I59M4I3M2I58M5I3M3I21M7I29M9I19M2D12M2I8M9I262M1D18M3I3M15I39M5I87M
57	4325	0.524	7.605E-99	0	965	971	0	921	931	278M1D23M1I44M1D75M1I21M8I12M1I11M4I33M5I5M17I3M2D12M1I15M2D12M3D214M1D24M15I29M1I101M
23	4324	0.527	8.020E-99	0	969	971	0	934	935	279M1D22M1I31M7I51M1I26M2D30M7I20M6I27M1D24M4I42M10I2M2D207M1D21M8I12M1D42M1D90M
48	4312	0.516	1.516E-98	0	969	971	0	898	899	267M5D10M4I12M2I32M1D12M5I47M4I31M7I23M4I15M4I29M9I6M6I25M10I12M5I215M1D28M18I128M
69	4309	0.514	1.778E-98	0	970	971	0	920	924	267M5D10M4I58M1I6M9I34M2I30M1I8M10I35M7I77M6I228M1D17M6D4M21I29M1I106M
45	4309	0.514	1.778E-98	0	970	971	0	926	927	267M5D10M4I73M1D36M2I76M14I26M9I33M3I6M6I231M1D24M15I29M1I101M3D5M
13	4297	0.504	3.361E-98	0	970	971	0	890	894	268M8D4M7I43M3D14M1D8M9I54M19I49M21I30M4I16M12I16M5I217M1D21M4I10M11I22M1I106M
71	4296	0.517	3.544E-98	4	966	971	16	926	934	263M5D10M4I73M1D36M2I19M8I12M8I62M3I4M9I14M8I3M1I253M1D24M15I29M1I102M
116	4280	0.524	8.285E-98	0	970	971	0	892	893	266M5D11M4I50M7I8M1I37M4I19M3I4M8I20M4I37M3I21M8I14M7I16M14I227M1D16M2D12M20I41M4I15M1D70M
60	4263	0.520	2.042E-97	6	970	971	2	991	994	4M2D21M10D7M3D256M3D95M1D22M6I14M4D4M3D18M1D109M1D21M2D4M8D169M1I31M1D24M2I25M6I41M1D85M
83	4254	0.507	3.293E-97	7	965	971	32	942	947	260M7D8M6I20M1I31M1I6M3I4M1I44M1D21M3D33M1D23M12I47M5I15M15I230M1D31M18I37M1D87M
70	4251	0.497	3.861E-97	0	970	971	0	857	858	267M5D10M4I20M1I5M14D5M37I41M2I20M17I4M27I10M11I20M3I4M9I14M8I3M1I250M1D27M15I29M1I103M3D3M
82	4224	0.511	1.618E-96	5	965	971	30	942	947	2M1D260M5D10M4I29M1D22M4I56M1D30M12I30M5I4M9I19M3I37M1I13M2I239M1D15M12I13M6I37M1D87M
66	4196	0.500	7.150E-96	0	969	971	0	922	923	82M1D198M1D21M1I34M13I11M2I29M1I71M5I7M6I26M1D18M7I46M10I208M1D35M7I42M1D90M
58	4150	0.510	8.214E-95	0	970	971	0	885	889	267M5D10M4I73M1D36M2I20M17I4M27I9M5I38M5I33M3I6M6I231M1D10M1I13M21I23M1I106M
65	4132	0.527	2.135E-94	7	970	971	2	876	879	296M2D47M2D61M6I16M30I23M1D17M4D24M1D24M2D30M1D175M1I36M30I4M35I109M
47	4097	0.491	1.368E-93	0	965	971	0	810	820	268M8D6M7I65M3I34M1I37M12I15M1I9M42I6M59I17M1I213M1D18M3D10M18I17M23I84M
55	3993	0.491	3.413E-91	0	970	971	0	889	893	112M1I168M1D62M1D27M2I42M8I9M8I44M3I22M9I49M2I112M1I49M1I38M20I7M4I2M1I17M21I23M1I69M1I36M
79	3917	0.504	1.927E-89	52	969	971	0	888	889	228M1D21M1I26M1I61M1I21M8I30M3I22M6I89M1D17M6I200M2D4M1I12M3I27M4I36M1D90M
117	3801	0.382	9.087E-87	0	970	971	0	1002	1003	2M2D268M9D3M8I11M1I13M2I16M6D9M7I34M5I27M3I36M6I6M3I16M5I49M2D27M10D107M1D129M2D16M22D36M4D24M7D94M7D8M
92	3743	0.370	1.973E-85	5	969	971	1	1083	1084	264M2D9M2D14M1I47M1D19M5D16M18D35M1D22M5D17M4D27M4I12M2D56M5D27M9D94M2D137M33D41M7D17M18D21M9D85M
103	3732	0.487	3.538E-85	26	969	971	0	885	886	49M4I8M5I7M2I170M5I15M1D23M1D40M13I23M2I36M1I55M11D25M20I24M11I3M3I97M2D122M1D66M5I19M3I88M
128	3693	0.374	2.803E-84	3	968	971	1	875	876	2M3D262M6I6M9D21M8I25M50I15M10I11M22I17M9I9M10I35M1D47M10D101M1D120M1D31M5I60M1D78M3D6M
122	3502	0.347	7.077E-80	7	970	971	6	971	1001	261M2D35M6I3M5I18M8I16M23D10M10I17M3I34M7I37M4I7M1D21M1I14M18I30M8I8M3I77M1D119M2D21M4D6M17D18M17D22M8D25M3D68M3I21M
18	3488	0.321	1.488E-79	5	968	971	1	1247	1248	261M5D39M2I43M12D51M6D37M7D36M8I31M3D62M17D10M21D70M1I11M1D141M6D4M22D5M63D8M124D10M1D44M6D90M
8	3480	0.353	2.275E-79	0	970	971	0	1014	1016	2M2D265M14D50M7D23M2D27M3D11M1I97M6I82M2D11M1D12M6I78M2D127M1D11M12D54M10D99M1D9M
101	3442	0.366	1.709E-78	0	963	971	15	929	936	265M6I22M9I9M3I20M4I6M6I17M1I10M10I11M3I24M5I14M2I28M14I15M1I81M7D5M3D3M2D58M2D104M11D40M1D12M2I10M9I21M3I34M3D77M
126	3290	0.350	5.446E-75	6	964	971	10	806	808	98M2I164M9D1M10I19M7I26M8I5M3I25M5I38M5I9M39I13M20I5M73I6M7D133M1I31M1D4M3I28M4I4M1D13M2D113M1I2M1I40M
100	3244	0.328	6.256E-74	0	970	971	0	801	806	2M1I269M10I13M17I34M3I7M5I10M10I49M57I22M21I11M22I17M11I75M1D5M1D85M3I3M5D30M3D21M22I19M3I20M3D7M2I44M1D23M4D18M
91	3237	0.337	9.071E-74	5	970	971	9	787	788	97M1D165M15D10M33I23M15I20M37I15M21I19M9I5M14I15M6I3M15I14M27I20M2I64M2I10M4D5M2I79M3I3M3I36M1I12M17I31M3I18M2I4M1I3M1I33M2D17M4D27M1D4M
114	3206	0.347	4.701E-73	0	963	971	0	923	929	220M1D45M5I22M2I41M3D8M2D52M1I47M8I23M10I23M3I30M9I101M2D86M5I12M3D43M1D12M6D10M1I53M14I78M
97	3125	0.334	3.460E-71	5	970	971	26	784	786	99M1D162M9D12M1I7M27I5M34I22M29I7M41I8M23I18M3I15M20I24M1I15M5I6M2I62M3I10M1D5M1D84M6I34M1I14M2D7M11I11M9I4M1I3M2I25M5I36M1D16M2D31M
98	3122	0.321	4.057E-71	5	970	971	13	774	776	99M1D162M9D10M2I8M27I5M34I15M37I11M2I23M11I21M18I15M28I7M27I87M2I10M1D5M1D75M1I8M6I34M1I14M5I11M14I12M1I3M2I25M3I2M1I32M2D22M4D28M
124	3110	0.346	7.670E-71	5	959	971	1	707	713	258M3D2M8D3M12D11M36I6M5I12M109I13M15I12M8I9M40I3M6I21M10I4M2I40M1D23M1I17M2D82M1I32M1I25M19I7M7I11M7I16M7I39M1D6M1I28M
7	3105	0.312	1.000E-70	5	970	971	8	822	857	100M1D173M21I7M17I10M8I33M23I4M43I10M6I16M7I38M13I54M2I39M2D43M3D46M2I18M1D21M6I30M1I22M11I19M6I6M1D29M2D32M2D38M3D12M
96	3068	0.325	7.126E-70	5	970	971	38	941	948	30M5I225M14D16M9I46M12I25M17I10M8I34M7I27M28D10M7I45M3I2M8I12M4I18M3D6M1D62M4I9M4D5M2I48M1I32M1I38M1D19M18I18M6I34M1I82M
10	3050	0.323	1.852E-69	5	970	971	26	782	784	99M1D161M10D14M4I3M27I5M34I16M21I30M45I12M6I7M8I11M9I6M28I21M1I5M5I6M2I62M2I11M4D5M2I82M6I34M1I17M10I4M5I16M1I6M6I23M5I32M2D21M2D29M
89	3044	0.317	2.547E-69	0	970	971	0	760	777	5M2D99M1D171M6I30M19I4M15I20M39I10M27I17M22I19M68I10M2I5M2I39M2D39M4D3M2I47M2I16M1D13M3I3M4I26M2I21M15I20M3I41M2D36M2D39M7D7M
120	3043	0.335	2.686E-69	5	970	971	7	758	764	98M2I163M5D17M7I40M27I11M2I6M2I15M12I13M21I10M16I27M3I11M36I6M32I6M4I33M2D39M1D7M1D47M2I18M1D51M5I18M20I17M24I6M7I2M1I35M1I46M
87	3033	0.320	4.566E-69	5	970	971	7	749	770	100M1D162M1I10M7D12M32I11M64I21M12I8M49I22M48I23M3I5M2I39M2D42M2D47M2I18M1D23M7I19M2I21M5I10M3I7M5I18M5I10M3I10M1D35M2D43M4D7M
0	3032	0.325	4.815E-69	5	970	971	13	752	754	99M1D163M18D10M72I19M24I5M5I8M41I7M29I16M14I7M26I10M5I24M2I62M3I10M1D5M1D77M1D7M6I34M1I15M1D7M15I13M5I32M5I31M2D21M2D31M
40	3007	0.309	1.815E-68	0	970	971	0	759	776	5M1D98M1D165M16I10M6D10M17I10M22I12M35I13M14I10M51I13M6I3M31I4M5I28M7I3M2I39M2D39M4D3M2I45M2I18M1D13M3I3M4I36M2I11M15I20M3I41M2D36M2D39M7D7M
95	3005	0.319	2.018E-68	5	970	971	1	715	720	99M2I161M5D5M11I25M5I30M11I18M4I9M18I3M9I9M42I16M105I4M2I32M2D44M2D51M2I16M1D51M5I14M34I36M8I2M1I35M1I38M1I7M
63	3004	0.324	2.128E-68	5	970	971	7	756	778	100M1D162M1I28M25I12M64I21M12I15M43I19M33I16M7I11M9I5M2I39M2D39M4D2M2I46M2I17M1D11M2I7M5I23M2I21M8I19M4I12M1I6M5I15M2I40M4D3M2I40M3D6M
20	2980	0.305	7.604E-68	0	970	971	2	752	772	275M39I19M5D3M16I17M36I26M16I15M89I15M11I10M3I39M2D39M4D3M2I45M2I18M1D24M7I16M2I21M14I57M2I41M2D42M5D7M
1	2970	0.306	1.293E-67	0	970	971	0	786	787	269M1D8M40I45M51I7M1I29M37I14M72I15M1I26M1D13M2D38M1D5M1D49M2I16M2D15M1I8M7I44M14I59M3I30M1D6M2D9M7D6M8D2M3D22M16D7M
88	2964	0.304	1.778E-67	5	970	971	7	752	770	270M10I4M9I8M47I8M89I7M33I31M14I19M3I31M2I39M2D39M4D3M2I47M2I12M1D14M2I7M5I23M2I21M14I56M2I45M2D38M7D8M
37	2964	0.307	1.778E-67	4	970	971	2	810	829	11M2D144M1I105M12D11M16I17M13I8M31I8M34I23M49I3M14D9M1I12M10I31M2I32M1D13M2I39M2D37M1D5M1D49M2I16M1D13M1I15M2I19M3I19M3D11M14I15M5I5M11I52M2D48M
36	2948	0.307	4.155E-67	3	970	971	1	810	829	11M2D145M1I105M12D11M16I17M13I8M31I8M34I23M45I6M10D10M1I12M10I31M2I25M1D20M2I39M2D37M1D5M1D49M2I16M1D13M1I15M2I19M3I17M10D11M36I8M1I56M4D3M2I46M
2	2944	0.307	5.138E-67	3	968	971	8	780	781	103M1I54M1I169M18I29M25I21M27I21M9I8M50I2M49I36M1D43M3D49M1D11M1D6M4D62M5D22M21I8M13I20M7I33M3D11M5D12M3D17M2D8M
125	2918	0.312	2.042E-66	3	967	971	25	812	813	264M1D4M2D27M17I18M16I10M35I12M14D14M4I38M20I5M3I14M39I33M7I4M6I61M13I127M1I10M1D14M11I17M19I19M3I75M1I4M
14	2868	0.326	2.901E-65	2	966	971	79	885	886	3M3D105M25I3M4I2M1D70M1D53M5D8M6I23M4I22M8I27M18I17M5I7M1D10M27I24M17I18M2I13M3I11M1I4M3D37M4I5M2I76M1D5M1D128M1I13M25I12M22I95M
123	2765	0.442	6.862E-63	44	773	971	0	713	715	226M2I21M4I59M1I43M1I29M4I13M1D29M7D28M12I37M3I181M1D17M2D20M
21	2722	0.363	6.723E-62	1	812	971	0	701	745	213M1D51M7D10M6I10M31I18M1I27M30I19M2D10M4I20M2D11M22I23M7I12M4I11M6I11M5I5M1I19M2I76M1D5M1D72M1I10M5D1M6I34M3I15M
12	2517	0.331	3.568E-57	5	854	971	2	674	675	260M7D13M4I25M52I12M1I2M29I26M5I15M45I13M17I28M15I21M2I27M1I7M2D35M1D7M1I3M2I45M2I18M1D13M2I36M9I47M1I9M
121	2507	0.313	6.066E-57	11	832	971	1	618	619	256M12D10M5I14M24I10M29I11M37I9M48I6M5I30M64I23M1I22M1D11M2D43M2D51M2I16M2D14M2I9M3I22M5I3M2D37M
9	2319	0.276	1.306E-52	5	970	971	7	623	639	100M1D162M3D23M32I11M58I15M68I9M99I11M32I4M44I45M2I18M1D13M4I4M3I25M2I21M13I33M9I24M2D32M2D43M8D7M
11	2106	0.306	1.060E-47	5	817	971	5	581	596	37M32I192M3D6M3D19M9I9M33I13M3I16M27I23M23I24M15I5M99I25M1D10M2D41M1D5M1D49M2I16M2D14M2I8M3I23M3I17M2D10M
19	1772	0.201	5.290E-40	5	970	971	12	732	735	27M1D14M5D1M3I43M1I11M1I42M1D11M5D4M8D20M1I3M3D27M2D8M5D4M5I34M12D17M40I8M60I16M34I9M31I22M61I17M3I5M4I12M2D6M2D47M1I4M1D16M2D76M3D5M1D38M4I5M2I11M18I18M5I16M10I12M11I23M1D8M1I20M3I7M
90	1349	0.162	2.971E-30	0	963	971	0	693	697	4M1I2M1D25M1I14M5I53M1I40M5D17M1I21M1I29M12I3M1I34M3D5M25D5M27I28M25I6M50I5M77I13M12I2M16I6M21I13M1I2M12I38M3I7M2D6M1I5M5I16M12D33M1I3M5D7M3I19M2D18M14I25M3I17M26I9M5I12M3I14M1D8M1I4M1I10M1D12M1D11M1D14M1D19M
4	1249	0.164	5.994E-28	9	964	971	8	686	688	39M4I53M1I37M3D4M2D16M1I22M1I22M4D10M12I39M51I14M14I18M21I11M4I17M13I7M7I11M25I17M36I7M11I72M3I14M3D2M1D8M2I11M5D9M5D41M2D2M3I18M2D14M1I7M7I6M4I11M84I8M3D7M3I7M1D2M6I15M3D23M3D21M
129	1154	0.153	9.274E-26	10	957	971	0	646	656	2M1D2M1I16M1I11M35I3M2D4M1D20M1I40M3D4M2D13M1I18M1I33M13I36M9D14M196I11D28M33I18M3I15M1D18M6I28M2I5M1I7M2D6M1D8M1D7M3D14M1D32M1I2M5D9M3I16M2D19M14I16M2I10M1I19M4I35M15I8M6I2M1I7M9I3M1D16M1D6M1D13M1D15M
99	979	0.260	1.002E-21	5	349	971	17	361	450	7M1D2M1I16M1I13M5I55M1I37M3D4M1D14M1I23M1I24M2D12M12I34M16D53M1I28M
17	787	0.157	2.667E-17	9	894	971	3	921	985	21M2I26M2I5M1I9M1I4M1D26M1I38M2D3M1D15M2I6M11D17M1I16M12D9M3D15M8D33M17D31M2D57M14D20M5D30M1D9M6D66M7I27M10D34M20D15M3D28M5I10M2I14M4I10M17I5M3I13M10D3M6I3M8D17M57I6M1I47M6D21M1D46M3D9M1D10M
93	693	0.149	3.913E-15	11	606	971	13	762	803	34M7I41M1I12M1I38M3D3M4D16M2I3M1I13M2D29M4I7M21D4M3I32M9D21M21D64M107D53M1I33M1D13M4D6M2D46M1D11M4D77M4I10M1I5M
 111	6896	1.00	0.000E+00	0	937	938	0	937	938	938M
27	5978	0.855	0.000E+00	0	937	938	0	969	970	349M2I66M1D5M32D366M1D150M
86	5968	0.858	0.000E+00	0	937	938	0	969	970	349M2I68M33D370M1D149M
38	5944	0.859	0.000E+00	0	937	938	0	968	969	417M31D63M1I306M1D151M
29	5941	0.855	0.000E+00	0	937	938	0	969	970	349M2I68M33D367M1D152M
64	5934	0.845	0.000E+00	0	937	938	0	967	968	422M32D47M1I10M1I6M1I299M1D151M
33	5932	0.839	0.000E+00	0	937	938	0	969	970	349M2I68M33D368M1D151M
24	5929	0.846	0.000E+00	0	937	938	0	969	970	349M2I68M33D370M1D149M
6	5918	0.854	0.000E+00	0	937	938	0	969	970	349M2I71M33D364M1D152M
30	5907	0.831	0.000E+00	0	937	938	0	971	972	448M19D5M14D27M1I70M1D238M1D149M
5	5904	0.856	0.000E+00	0	937	938	0	969	970	349M2I68M33D367M1D152M
26	5902	0.859	0.000E+00	0	937	938	0	969	970	349M2I68M33D367M1D152M
31	5884	0.852	0.000E+00	0	937	938	0	969	970	349M2I56M14D15M19D364M1D152M
28	5881	0.857	0.000E+00	0	937	938	0	970	971	349M2I18M1D50M33D367M1D152M
119	5876	0.839	0.000E+00	0	937	938	0	967	968	393M2I24M33D61M1I307M1D24M1I125M
34	5875	0.858	0.000E+00	0	937	938	0	969	970	349M2I68M33D370M1D149M
25	5864	0.854	0.000E+00	0	937	938	0	969	970	349M2I68M33D367M1D152M
112	5860	0.828	0.000E+00	0	937	938	0	970	971	423M33D48M1I346M1D120M
85	5845	0.855	0.000E+00	0	937	938	0	969	970	349M2I68M33D370M1D149M
106	5843	0.859	0.000E+00	0	937	938	0	969	970	349M2I68M33D370M1D149M
53	5841	0.849	0.000E+00	0	937	938	0	963	964	419M33D61M1I34M6I4M1I261M1D151M
75	5829	0.837	0.000E+00	0	937	938	0	969	970	419M33D61M1I10M1I297M1D149M
62	5824	0.861	0.000E+00	0	937	938	0	930	931	414M1I65M1I7M4I296M1D6M10I3M9D33M1I97M
39	5817	0.831	0.000E+00	0	937	938	0	964	965	456M33D24M1I7M4I296M1D18M1I33M1I97M
105	5795	0.834	0.000E+00	0	937	938	0	962	963	419M32D61M1I313M6I138M
107	5780	0.812	0.000E+00	0	937	938	0	968	969	356M2I59M1D39M32D333M1D32M1I116M
61	5749	0.830	0.000E+00	0	937	938	0	932	933	433M1I56M5I292M1D151M
22	5661	0.796	0.000E+00	0	937	938	0	957	958	336M1I14M1I4M1I79M3D13M2D6M19D26M1I456M
131	5608	0.789	0.000E+00	0	937	938	0	895	896	460M5I12M10D5M51I256M1D28M3D121M
108	5608	0.815	0.000E+00	0	937	938	0	927	928	336M1I50M1I25M1I6M1I57M1I35M1D14M2I314M4I90M
94	5598	0.813	0.000E+00	0	937	938	0	923	924	336M1I50M1I31M1I36M3I21M1I47M2I313M5I90M
67	5446	0.738	0.000E+00	5	937	938	6	963	964	331M1I88M31D55M1I307M4I146M
104	5414	0.814	0.000E+00	0	937	938	0	937	938	44M32I273M2I68M33D370M1D149M
32	5327	0.847	0.000E+00	42	937	938	1	928	929	307M2I71M33D364M1D152M
102	5110	0.685	0.000E+00	0	937	938	0	963	964	336M1I82M31D27M6I338M1D13M1D135M
118	5054	0.666	0.000E+00	0	936	938	0	977	978	338M1I83M36D43M1D33M1D48M1I180M1I13M2D47M2I11M1I19M7D116M
127	5038	0.654	0.000E+00	0	936	938	43	1012	1013	337M1I84M36D49M1D31M2D28M1I18M1I176M1I86M1I7M1I115M
72	5030	0.668	0.000E+00	0	936	938	0	957	958	337M1I83M17D26M8D24M1D29M1D30M1I15M1I179M1I76M3I8M2D7M1I115M
110	4984	0.840	0.000E+00	90	937	938	0	879	880	259M2I68M33D370M1D149M
68	4838	0.639	0.000E+00	1	936	938	6	900	901	10M10I7M2I393M30I18M1D17M1D38M2D23M1I176M1I86M1I123M
115	4653	0.583	0.000E+00	0	936	938	0	981	982	305M3D59M1D33M1D21M13D22M15D15M1D15M4D30M1D47M1D217M1D25M2D54M2D94M
81	4645	0.775	3.483E-104	39	856	938	7	882	885	378M31D28M1I34M1I305M3D37M26D34M
16	4634	0.597	5.830E-104	5	930	938	39	972	978	299M1I28M2I11M2I46M1D17M11D11M18D18M2I27M1D37M10I13M2I13M2I177M1I77M1D26M2I102M
80	4627	0.654	8.286E-104	42	936	938	1	930	931	295M1I84M36D49M1D29M1D26M1D23M1I176M1I77M1I132M
73	4622	0.617	1.077E-103	23	936	938	2	932	933	313M1I85M27D40M4I36M1D12M6I207M1I33M1I32M2D143M
130	4621	0.577	1.134E-103	0	936	938	0	982	983	295M3D73M1D28M1D25M35D30M3I32M5D14M1D49M1D215M1D71M1D102M
84	4548	0.643	5.069E-102	47	936	938	0	928	929	287M1I87M36D49M1D17M1D46M6D12M1I179M1I76M3I8M2D24M1I98M
15	4543	0.585	6.577E-102	0	930	938	38	977	983	3M2I298M1I22M1D12M3I5M3I49M1D14M18D6M11D51M1D32M10I18M2I14M2I176M1I71M1D136M
3	4495	0.532	8.010E-101	0	936	938	0	881	882	268M8D4M7I53M19I16M1D40M5I27M5I17M4I23M10I14M3I22M1D15M2D212M1D24M14I30M1I104M
74	4482	0.611	1.576E-100	7	932	938	1	912	926	327M1I11M1I63M1I39M3D22M13D28M1D38M1I188M2I30M1I27M1D7M6I12M1I11M1I81M17I10M
44	4470	0.542	2.945E-100	0	937	938	0	882	886	268M2D10M1I53M19I16M1D40M5I27M5I17M4I19M10I15M3I27M1D13M2D212M1D24M14I30M1I105M
54	4452	0.528	7.518E-100	0	937	938	0	919	923	281M1D87M1D23M2I14M5I122M1D230M1D24M14I30M1I105M
59	4438	0.554	1.559E-99	0	931	938	0	973	982	7M1D287M3D74M1D29M1D33M35D24M1D13M1D13M3D26M2D12M6D14M1D192M1I39M1D16M2I5M11I14M1I18M1D101M
50	4433	0.535	2.022E-99	0	937	938	0	904	906	266M5D11M4I87M1I14M2I22M5I28M3I62M2D7M1D10M12I230M1D24M14I30M1I105M
49	4430	0.529	2.364E-99	0	937	938	0	858	862	266M5D9M4I53M19I16M1D45M18I9M20I29M10I11M3I25M1D13M2D214M1D24M14I30M1I105M
56	4417	0.535	4.653E-99	0	937	938	0	930	931	266M5D11M4I41M2I23M2I18M1D42M3D21M2D15M3D8M5D41M1I9M5I8M2I17M1D226M1D23M14I33M1I101M3D4M
41	4414	0.530	5.439E-99	0	936	938	0	923	924	266M5D11M4I18M3I32M1I31M1I40M3I50M8D74M1I229M1D15M3I6M13I17M1I13M1I100M4D4M
51	4408	0.538	7.435E-99	0	933	938	0	923	932	281M1D59M4I24M1D40M9D38M1D7M2D69M6I236M1D24M14I30M1I101M
77	4397	0.526	1.318E-98	0	937	938	0	919	925	277M1D114M1I15M5I27M5I20M2D29M3D35M2D234M1D17M6I10M10I27M1I100M1D5M
46	4392	0.528	1.710E-98	0	933	938	0	917	926	266M5D11M4I59M4I24M1D105M2I47M6I236M1D23M18I27M1I74M12D27M
109	4380	0.523	3.195E-98	0	935	938	0	914	915	281M1D65M2I20M1D39M5I49M1D65M2D238M1D14M2D15M17I31M5I90M
78	4376	0.529	3.935E-98	0	936	938	0	939	940	280M1D21M1I44M3I19M1D23M1I20M2D29M1I83M1I13M3D20M7D205M1D11M3D12M9I58M1D83M
45	4369	0.525	5.666E-98	0	937	938	0	926	927	266M5D11M4I110M2I14M5I60M1I34M1D14M3D13M3D230M1D24M14I30M1I100M3D5M
52	4368	0.525	5.969E-98	0	937	938	0	904	913	266M5D9M4I52M4I31M1I40M5I28M3I48M7I266M1D22M7I7M7I25M1I105M
71	4368	0.524	5.969E-98	4	933	938	16	926	934	262M5D11M4I110M2I14M5I122M1D230M1D24M14I30M1I101M
76	4364	0.535	7.352E-98	0	935	938	0	919	925	266M5D11M4I65M3I19M1D23M1I15M3I24M13D31M3D26M7I15M3I12M4I4M1D228M1D12M3I7M6I9M5I26M1I103M
42	4358	0.530	1.005E-97	0	936	938	0	932	933	279M1D12M3I16M1D28M9I20M1D28M1I56M1D48M4D15M1D41M4D208M1D27M6I28M1D112M
35	4352	0.526	1.373E-97	0	935	938	0	928	929	268M10D5M9I45M1D19M2I20M1D16M1I22M3D21M4D81M5I17M1I232M1D28M13I27M1I99M5D4M
113	4349	0.531	1.606E-97	0	935	938	0	914	915	274M2D4M1I51M7I7M1I22M1D46M4D13M4D34M1I11M2D38M9I245M1D14M10I12M7I34M5I87M6D3M
48	4345	0.535	1.977E-97	0	936	938	0	898	899	265M5D12M4I12M2I42M1I6M5I14M1D21M4I33M1I37M3I30M6I40M3I10M1D213M1D24M17I132M
57	4345	0.537	1.977E-97	0	932	938	0	921	931	278M1D23M1I40M1I25M1D92M1I33M4I25M3D15M2D13M3D213M1D17M7I12M7I25M1I100M
69	4343	0.532	2.194E-97	0	937	938	0	920	924	277M1D62M1I18M10I22M2I15M3D21M7D42M5D57M6I231M1D17M7I13M7I24M1I105M
43	4337	0.528	2.999E-97	0	935	938	0	925	931	266M5D11M4I65M2I20M1D16M1I22M3I24M3I75M8D22M3D230M1D24M14I30M1I103M
13	4334	0.524	3.507E-97	0	937	938	0	890	894	266M5D11M4I41M3D5M2D12M1I5M3I12M7I42M6D32M1I27M3I16M10I8M5I1M3I4M7I20M5I213M1D24M14I30M1I105M
23	4322	0.534	6.551E-97	0	932	938	0	930	935	279M1D22M1I41M8I41M1I19M12D15M1D9M1I16M4D20M2I20M2I56M3I2M2D207M1D23M6I53M1D86M
116	4311	0.531	1.162E-96	0	937	938	0	892	893	266M5D11M4I51M7I7M1I20M1I17M4I18M3I15M8I6M3I17M1I6M1I12M5D30M3I252M1D22M17I39M4I22M1D70M
70	4304	0.507	1.673E-96	0	937	938	0	857	858	266M5D11M4I20M17I3M15D12M16I11M7I24M2I14M5I27M18I9M3I6M8I8M7I8M3I25M1D230M1D24M14I30M1I102M3D3M
83	4282	0.521	5.260E-96	0	932	938	25	942	947	4M1I2M1D258M5D12M4I20M1I31M7I28M1D25M1D28M1I37M1D16M1D58M4D231M1D23M5I4M12I38M1D87M
58	4277	0.528	6.824E-96	0	937	938	0	888	889	266M5D11M4I110M2I22M3I7M8I5M5I21M5I45M3D8M12I230M1D10M1I13M20I24M1I100M3D5M
82	4249	0.531	2.933E-95	5	932	938	30	942	947	2M1D258M5D12M4I29M1D29M4I4M2I19M1D25M1D28M1I37M1D16M1D289M1D24M17I41M1D87M
66	4244	0.518	3.805E-95	0	936	938	0	922	923	82M1D198M1D21M1I30M6I20M10I24M1I16M5D16M3I13M1I88M3D22M2D212M1D28M6I33M1D106M
60	4205	0.503	2.900E-94	6	937	938	2	991	994	4M2D21M8D6M5D257M3D39M2I31M1D24M1D22M27D10M8D108M1D25M10D169M1I39M1D12M1I35M6I28M1D92M
65	4197	0.530	4.399E-94	7	937	938	2	876	879	296M2D60M1D52M5I21M12D52M4I12M1D10M1D20M1D185M1I36M64I113M
47	4118	0.507	2.692E-92	0	932	938	0	810	820	268M8D4M7I61M4I40M1I22M3I15M19I30M59I13M1I217M1D17M7I12M7I21M23I82M
55	3962	0.492	9.084E-89	0	937	938	0	892	893	112M1I168M1D90M2I43M5I42M11D12M1I23M10I8M1I14M4D19M5D97M1I49M1I44M44I14M1I30M1I68M1I32M3D4M
79	3873	0.512	9.357E-87	53	936	938	1	888	889	227M1D21M1I43M3I15M1D28M1I43M2D6M1I50M2D30M3I14M3D22M8D203M1D16M2I12M4I33M1D106M
117	3746	0.372	6.973E-84	0	937	938	2	995	1003	270M9D3M8I11M1I30M3D53M1D80M1D21M5D47M8D17M1D91M1D132M2D13M10D5M13D31M4D23M7D102M
128	3701	0.390	7.264E-83	2	935	938	0	875	876	3M3D262M6I6M9D21M8I22M1D32M16I4M20I17M2I20M7I18M1I43M13D14M26I87M1D127M1D39M4I45M1D78M3D6M
103	3692	0.488	1.161E-82	26	936	938	0	885	886	49M4I8M5I7M2I170M5I15M1D23M1D24M9I13M5I26M2I40M1I19M2I23M21D4M4D15M4I10M2I16M7I99M2D128M1D18M2I54M5I95M
92	3680	0.371	2.168E-82	5	935	938	1	1083	1084	264M2D9M2D25M22D81M3D29M1D30M5D33M5D10M2D25M19D14M7D20M13D92M2D136M25D3M9D33M7D27M18D16M9D80M1D4M
122	3575	0.357	5.139E-80	7	930	938	6	979	1001	261M2D35M6I33M28D14M27I33M4I20M2I30M1D8M2I38M1D35M6I75M1D119M1D9M1D13M10D9M10D15M19D20M11D92M2D11M10D7M
8	3502	0.361	2.301E-78	5	937	938	7	1015	1016	262M14D50M7D23M2D15M18D34M2D33M3D22M5D86M1I7M2I99M2D122M1D16M13D46M4D29M6D75M2D11M
101	3489	0.377	4.528E-78	5	930	938	20	929	936	260M6I22M9I9M3I17M4I27M5I73M3I13M1I14M1I79M3D4M6D8M3D57M2D103M11D41M1D12M2I17M3I13M4I37M1I78M
18	3376	0.322	1.628E-75	5	933	938	1	1247	1248	264M5D36M2I49M2D15M3D69M13D45M9D21M25D36M20D13M18D68M1I11M1D141M6D7M20D5M66D8M6D6M64D5M12D20M32D17M17D83M2D7M
126	3311	0.364	4.805E-74	6	932	938	10	807	808	97M2I160M10I4M9D21M7I26M61I25M3I19M11I25M1I6M3I9M31I7M11I10M7D133M1I37M2I27M3I34M1D56M2D39M1I3M1I41M
100	3271	0.345	3.858E-73	2	937	938	1	801	806	270M10I13M17I21M15I6M5I4M10I38M1I19M4I6M7I12M1I16M21I13M22I13M11I77M1D5M1D85M3I3M5D30M3D23M1I2M19I10M1I35M2I44M1D34M4D7M
114	3258	0.356	7.592E-73	5	930	938	5	923	929	215M1D45M5I22M2I41M3D34M1D27M3D44M5D38M3D32M9I101M2D85M5I5M4I5M7D40M1D12M6D57M16I4M2D78M
91	3240	0.352	1.938E-72	5	937	938	9	786	788	99M1D161M14D7M10I6M11I19M8I20M1I13M20I20M3I20M10I5M18I20M15I15M48I2M2I64M2I10M4D5M2I79M3I3M3I36M1I11M16I15M4I41M3I34M2D17M4D31M
98	3166	0.320	9.142E-71	5	937	938	13	774	776	101M1D160M10D16M18I26M26I14M37I36M25I19M53I22M4D63M2I11M1D5M1D75M1I6M1I2M5I34M1I11M9I2M7I11M2I13M1I3M2I23M1I4M3I32M2D22M4D28M
97	3155	0.331	1.621E-70	5	937	938	26	784	786	101M1D160M9D12M1I7M50I2M44I32M28I26M3I15M26I44M2I62M3I11M1D5M1D84M6I34M1I30M11I8M7I3M2I9M5I52M1D16M2D31M
124	3151	0.349	1.997E-70	5	926	938	1	707	713	258M3D2M8D3M12D13M18I23M80I6M43I8D16M54I12M10I13M2I40M1D23M1I17M2D82M1I32M1I24M10I5M19I28M10I41M1D6M1I28M
7	3135	0.334	4.594E-70	0	937	938	2	823	857	5M1D100M1D172M5I16M30I37M24I31M3I9M1I6M7I24M8I13M15I14M13I23M2I39M2D43M3D46M2I18M1D10M2I11M4I34M1I18M9I44M4I47M2D36M2D6M2D6M
89	3084	0.321	6.541E-69	5	937	938	7	760	777	100M1D163M2I23M36I9M31I15M18I7M5I24M26I3M5I16M8I7M35I18M2I39M2D39M4D3M2I47M2I16M1D10M2I6M5I35M2I46M15I65M2D39M7D7M
10	3079	0.325	8.486E-69	5	937	938	26	782	784	101M1D159M10D14M76I8M22I61M15I15M9I5M9I14M23I10M2I8M2I61M2D1M4I10M4D5M2I82M6I34M1I17M16I7M2I13M1I20M2I9M5I32M2D21M2D29M
120	3067	0.338	1.585E-68	5	936	938	7	757	764	98M2I163M5D20M2I12M22I9M67I5M2I33M19I48M8D13M23I12M3I35M2D39M1D7M1D47M2I18M1D50M4I7M1I13M17I12M10I10M21I2M3I31M1I49M
87	3063	0.327	1.952E-68	5	937	938	7	749	770	100M1D162M1I10M7D14M2I31M16I5M62I9M1I6M27I19M44I9M24I9M2I39M2D42M2D47M2I18M1D10M2I5M5I27M2I25M17I46M3I5M1D36M2D42M4D7M
0	3060	0.325	2.283E-68	5	937	938	13	752	754	101M1D161M18D10M105I26M40I37M34I8M5I24M2I62M3I11M1D5M1D77M1D5M1I2M5I34M1I12M4D4M8I5M13I13M1I3M2I28M3I30M2D21M2D31M
63	3059	0.326	2.405E-68	5	935	938	7	756	778	100M1D162M1I25M34I9M15I12M35I11M5I23M24I23M32I8M7I10M9I6M2I39M2D39M4D2M2I46M2I17M1D11M2I5M5I25M2I31M17I42M2I42M2D42M5D5M
40	3048	0.321	4.264E-68	0	937	938	0	757	776	5M1D100M1D172M41I16M3D4M31I15M18I7M5I24M65I12M2I25M7I7M2I39M2D39M4D3M2I45M2I18M1D10M2I7M5I34M2I14M1D36M16I60M2D39M5D7M
96	3044	0.324	5.252E-68	5	935	938	38	942	948	30M5I227M14D14M9I44M14I18M14I58M2D20M32D22M2I49M7I21M1D60M4I11M4D5M2I48M1I32M1I38M1D32M14I5M9I34M1I74M3D6M
20	3031	0.319	1.033E-67	5	937	938	7	767	772	270M39I20M3D3M73I22M10I39M33I3M13I14M6I6M2I39M2D39M4D3M2I45M2I18M1D10M2I6M5I25M1I12M1I8M7I43M6I13M2I42M2D42M20D7M
88	3028	0.310	1.208E-67	5	937	938	7	752	770	270M10I4M29I17M11I13M37I29M8I17M15I18M63I10M2I39M2D39M4D3M2I47M2I12M1D14M2I7M5I24M1I12M1I8M10I12M7I51M2D36M2D38M7D8M
95	3024	0.339	1.488E-67	5	937	938	1	715	720	97M2I163M5D13M27I21M66I7M1I21M3I13M13I9M13I10M47I9M8I13M3D32M2D44M2D51M2I16M1D51M5I16M15I19M18I16M6I1M3I32M1I41M1I7M
1	3013	0.320	2.639E-67	0	937	938	0	786	787	269M1D11M6I15M54I8M30I26M18I4M21I17M25I16M15I21M1I26M1D13M2D38M1D5M1D49M2I16M2D14M2I7M2I6M1I18M3I24M14I49M1D7M3I32M1D4M2D9M7D6M8D2M3D22M16D7M
2	2993	0.322	7.477E-67	1	935	938	6	780	781	103M1I56M1I169M80I30M9I25M39I16M18I46M1D43M3D49M1D11M1D6M4D62M5D10M2I13M18I7M15I5M6I11M1D34M1D3M2D10M5D12M3D16M2D9M
37	2984	0.314	1.195E-66	2	937	938	0	810	829	13M2D144M1I107M14D10M13I21M3I14M6I13M4I6M26D5M40I22M1I14M7I9M11I14M34I11M18I13M2I39M2D37M1D5M1D49M2I16M1D13M1I15M2I22M1I5M2I9M10I32M2I17M14I39M2D48M
125	2972	0.308	2.232E-66	3	932	938	25	812	813	264M1D4M2D27M17I18M16I20M16D6M15I25M2I21M14I13M1I15M49I25M3I61M10I3M3I127M1I10M1D14M2D7M4I4M5I21M25I70M1D10M
36	2929	0.306	2.095E-65	2	937	938	0	810	829	12M2D145M1I107M14D11M51I4M15I8M26I40M28D15M15I29M7I19M7I11M18I13M2I39M2D37M1D5M1D49M2I16M1D13M1I15M2I22M2I6M1I8M12I2M4D16M4I27M14I39M2D48M
14	2847	0.328	1.499E-63	5	933	938	85	885	886	104M25I4M4I2M1D70M1D53M5D8M6I23M9I8M2I11M1I24M22I75M1I35M1D19M3I21M16I5M2I76M1D5M1D128M1I12M8I14M6I9M32I85M
21	2783	0.357	4.200E-62	5	780	938	4	701	745	209M1D51M4D13M3I11M31I11M8I16M31I38M1I7M13I21M2D89M5D76M1D5M1D72M1I10M4D2M5I27M3I22M
123	2679	0.423	9.448E-60	44	741	938	0	713	715	228M2D123M4I4M5I16M1D33M2D5M20D34M2I17M2I12M1D176M1D23M2D14M
121	2521	0.315	3.538E-56	11	800	938	1	618	619	256M12D10M5I14M33I37M9D9M35I14M116I20M1I22M1D11M2D43M2D51M2I16M2D14M2I9M3I22M3I42M
12	2483	0.328	2.560E-55	5	842	938	2	674	675	261M3D40M16I7M75I21M2I14M11I11M3I23M10I9M9I6M3I8M3I19M2I27M1I7M2D35M1D7M1I3M2I45M2I18M1D9M2I40M9I10M19I8M2I38M
9	2333	0.283	6.320E-52	5	937	938	7	619	639	100M1D169M69I20M56I5M74I8M36I13M13D6M32I4M44I45M2I18M1D13M3I4M4I25M2I19M19I6M5I24M3D26M2D33M2D43M4D6M
11	2211	0.319	3.630E-49	0	793	938	0	587	596	42M32I201M6D16M9I14M69I19M15I13M31I19M23I7M26I18M4I25M1D10M2D41M1D5M1D49M2I16M2D14M2I8M3I23M3I35M
19	1857	0.214	3.683E-41	2	935	938	9	730	735	31M1D16M2D44M1I11M1I42M1D11M5D6M8D18M1I3M3D27M2D51M12D10M104I8M18I5M1D21M12I19M3I5M13I3M45I17M3I5M4I12M2D6M2D68M2D78M4D41M4I5M2I41M2I20M32I9M9I10M1D8M1I20M3I5M
90	1329	0.162	3.219E-29	0	930	938	0	692	697	4M1I2M1D26M1I14M5I51M1I41M5D17M1I21M1I29M12I3M1I40M27D11M26I18M27I13M44I9M42I6M19I7M18I2M23I21M9I26M2I5M1I7M2D6M1I5M3D18M6D3M2I31M1I3M5D7M3I19M2D18M14I25M3I19M11I16M9I14M13I3M1D8M1I4M1I10M1D12M1D11M1D33M
4	1269	0.175	7.324E-28	9	930	938	8	683	688	40M4I51M1I38M3D6M2D17M1I19M1I22M4D10M12I46M47I9M20I8M23I42M20I12M18I9M13I15M9I72M3I14M3D2M1D8M2I11M5D8M3I8M2D4M1D9M3D10M2D8M2D2M3I18M2D14M1I7M7I6M4I11M18I12M62I6M3I7M3I2M2I18M3D21M3D9M2I9M
129	1177	0.165	8.820E-26	10	931	938	0	655	656	2M1D2M1I18M1I9M35I3M2D4M1D19M1I41M3D4M2D13M1I18M1I33M13I38M2D14M31I7M15D13M89I11M3I4M13I13M61I6M9I24M4D27M2I5M1I7M2D6M1D6M1D9M3D14M1D35M4D9M3I16M2D16M8I3M6I16M2I11M1I18M7I24M12I14M2I3M4I11M4I4M4I16M1D6M1D23M3D12M
99	971	0.258	4.022E-21	5	352	938	17	364	450	7M1D2M1I18M1I11M5I54M1I38M3D4M1D14M1I23M1I24M2D12M12I34M16D53M1I31M
17	819	0.154	1.102E-17	9	856	938	3	898	985	22M2I25M3I14M1I4M1D26M1I38M2D3M1D14M2I7M11D17M1I18M12D8M8D3M7D7M4I30M12D25M1I48M1I24M2D10M3D7M6D33M13D34M2D32M12D21M9D59M5I12M4D13M6I13M5I5M7I22M3I3M17I5M4I4M25I10M5I14M15D28M20D66M1D31M
93	671	0.163	2.452E-14	11	575	938	13	738	803	34M7I41M1I11M1I39M3D3M4D15M2I4M1I13M2D29M4I6M2I6M20D32M3D9M6D12M21D65M105D23M1D29M1I14M2D38M3I28M14D21M4D25M1I19M3D5M4I17M
 