59	6989	1.00	0.000E+00	0	981	982	0	981	982	982M
60	5588	0.794	0.000E+00	12	981	982	9	993	994	20M8D6M5D299M2I229M3I273M7D138M
115	4927	0.600	0.000E+00	0	978	982	0	981	982	7M1I438M4I18M1I5M2I58M1I30M6I210M1D58M15D33M2D107M
65	4776	0.653	0.000E+00	7	981	982	1	878	879	293M1I101M1I27M2I6M41I7M5D82M5I249M52I108M
130	4758	0.587	0.000E+00	0	978	982	0	982	983	7M1I482M1I5M3I12M1D28M1I27M6I208M1D66M14D132M
75	4604	0.559	0.000E+00	0	973	982	0	963	970	7M1I289M3I72M1I29M1I47M2I43M1I13M1I17M4I8M3I24M6I15M1I191M1D39M1I16M2D16M9D4M4D25M1I93M
31	4591	0.558	4.349E-104	0	981	982	0	969	970	7M1I289M3I52M2I18M1I29M1I17M2I73M1I18M4I34M2I12M6I23M1I183M1D39M1I18M2D8M11D10M2D32M1I86M2I6M
61	4579	0.545	8.625E-104	0	979	982	0	932	933	7M1I289M3I72M1I29M1I18M1I28M2I47M10I19M3I8M13I11M4I13M22I179M2D5M1I31M1I15M15D6M1I13M1D18M1I107M
16	4575	0.565	1.066E-103	0	977	982	33	977	978	295M3I12M1I33M3I20M2I58M1I17M5I25M2I18M1I22M3I13M5I22M6I21M2I7M10I211M1I16M1D9M8D16M6D17M3I98M
105	4570	0.552	1.387E-103	0	981	982	0	962	963	7M1I289M3I67M1I28M1I43M1I9M2I42M1I31M5I9M2I24M6I23M1I183M1D39M1I16M2D8M5D132M2I5M
38	4568	0.560	1.545E-103	0	981	982	0	968	969	7M1I289M3I72M1I29M1I18M1D44M5I25M1I30M5I9M2I24M6I23M1I184M2D6M1I31M1I13M2D12M13D43M1I86M2I6M
34	4568	0.559	1.545E-103	0	979	982	0	969	970	7M1I289M3I52M2I18M1I29M1I36M2I54M1I9M7I40M1D14M6I23M1I183M1D39M1I16M2D10M11D10M2D32M1I92M
24	4552	0.564	3.580E-103	0	973	982	0	963	970	7M1I289M3I52M2I18M1I29M1I47M2I43M1I18M4I22M2I24M6I23M1I183M1D39M1I16M2D10M12D9M1D33M1I86M
118	4550	0.569	3.977E-103	0	981	982	0	977	978	7M1I287M3I33M1I40M1I30M1I25M1D66M1I10M2D20M5I3M1I31M6I28M2I195M2D21M1I16M9D3M6D31M2D103M3I7M
86	4548	0.561	4.419E-103	0	973	982	0	963	970	7M1I289M3I52M2I16M1I31M1I36M2I54M1I9M7I40M1D14M6I23M1I183M1D39M1I16M2D10M11D10M2D17M1I101M
72	4539	0.565	7.095E-103	0	978	982	0	957	958	7M1I287M3I33M1I40M1I28M1I26M1D9M1D13M12I20M7D5M8I10M3I33M1I25M6I10M3I232M1I16M13D27M1I9M1I106M
26	4539	0.558	7.095E-103	0	979	982	0	969	970	7M1I289M3I52M2I18M1I29M1I35M2I55M1I18M4I34M2I12M6I23M1I183M1D39M1I16M2D10M11D6M2D21M1I107M
25	4535	0.558	8.757E-103	0	981	982	0	969	970	7M1I289M3I52M2I18M1I29M1I36M2I54M1I18M4I34M2I12M6I23M1I183M1D39M1I16M2D10M12D9M1D33M1I86M2I6M
30	4534	0.547	9.230E-103	0	981	982	0	971	972	7M1I289M3I72M1I29M1I32M3D38M20I2M14D31M5I3M1I11M1I19M6I207M1D39M1I16M2D9M7D8M6D28M1I93M2I6M
62	4532	0.533	1.025E-102	0	973	982	0	924	931	7M1I289M3I72M1I29M1I19M15I19M2I3M18D27M8I10M6I16M3I8M19I7M5I3M15I191M2D7M1I31M1I28M14D25M2I100M
53	4532	0.553	1.025E-102	0	973	982	0	957	964	7M1I289M3I72M1I29M1I47M2I43M1I30M5I9M2I40M14I184M1D38M1I16M2D10M8D27M4D102M
29	4526	0.559	1.406E-102	0	981	982	0	969	970	7M1I289M3I52M2I18M1I29M1I36M2I54M1I18M4I34M2I12M6I23M1I183M1D39M1I16M2D10M11D6M2D39M1I83M2I6M
85	4526	0.561	1.406E-102	0	973	982	0	963	970	7M1I289M3I52M2I18M1I29M1I36M2I54M1I18M4I34M2I12M6I23M1I183M1D39M1I16M2D10M11D10M2D32M1I86M
15	4525	0.555	1.482E-102	0	978	982	35	982	983	295M3I12M1I19M5I31M1I60M5I21M1I41M1I22M3I13M1I14M8I4M2I31M9I4M3I208M1I14M3D8M11D13M1D33M1I85M1I5M
64	4521	0.556	1.829E-102	0	973	982	0	961	968	7M1I289M3I70M1I31M1I21M1I25M2I43M1I13M1I23M8I25M6I23M1I183M1D39M1I16M2D5M12D14M1D18M1I101M
67	4517	0.549	2.258E-102	0	973	982	0	957	964	295M3I33M1I40M1I30M1I36M2I27M2I51M6I18M2I18M6I30M1I174M2D9M1I31M1I16M2D16M8D21M1I101M
106	4500	0.558	5.522E-102	0	981	982	0	969	970	7M1I289M3I52M2I18M1I29M1I34M3D16M5I37M1I18M4I34M2I12M6I23M1I183M1D39M1I16M2D10M11D10M2D17M1I101M2I6M
33	4497	0.555	6.466E-102	0	973	982	0	963	970	7M1I289M3I52M2I18M1I29M1I47M2I43M1I18M1D68M14I185M2D5M1I31M1I16M2D7M12D12M1D33M1I86M
112	4492	0.553	8.412E-102	0	973	982	0	964	971	7M1I289M3I72M1I23M1I53M2I43M1I30M5I21M2I12M6I23M1I183M1D36M1I19M2D5M11D47M1D87M
127	4481	0.560	1.500E-101	0	978	982	42	1012	1013	295M3I33M1I40M1I28M1I26M1D67M1I9M3I59M6I10M3I232M1I24M9D31M2D105M
5	4478	0.558	1.757E-101	0	981	982	0	969	970	7M1I289M3I52M2I18M1I29M1I47M2I43M1I18M4I34M2I12M6I23M1I183M1D39M1I16M2D10M11D6M2D36M1I86M2I6M
107	4473	0.524	2.286E-101	0	973	982	0	962	969	7M1I289M3I60M2I10M1I29M1I32M3D40M17D7M8I21M19I16M2I18M6I34M1I173M2D6M1I27M2I5M1D14M2D20M5D36M6D83M
43	4469	0.539	2.821E-101	0	981	982	0	929	931	7M1I258M10D5M9I12M3I42M1I17M1I39M2I24M13I6M4I55M4I8M1I8M5I15M13I39M4I185M1D98M1I11M1I90M
6	4457	0.556	5.304E-101	0	973	982	0	963	970	7M1I289M3I52M2I18M1I29M1I36M2I54M1I18M4I34M2I12M6I23M1I182M6I6M7D28M1I16M2D10M11D6M2D21M1I101M
39	4453	0.540	6.547E-101	0	973	982	0	958	965	7M1I289M3I72M1I29M1I47M2I30M14D28M20I6M6I24M6I14M1I192M2D7M1I31M1I16M2D16M8D20M2D103M
111	4448	0.553	8.517E-101	0	973	982	0	931	938	7M1I289M3I72M1I29M1I33M35I24M1I13M1I13M3I26M2I12M6I14M1I192M1D39M1I15M13D20M1D18M1I101M
45	4445	0.533	9.973E-101	0	981	982	0	925	927	7M1I258M10D5M9I15M3I39M1I51M3I36M17I69M1D13M7I28M4I3M4I10M18I6M1D174M1D98M1I11M1I90M
27	4437	0.557	1.519E-100	0	973	982	0	963	970	7M1I289M3I52M2I18M1I29M1I32M3D30M5I25M1I18M4I34M2I12M6I23M1I182M6I6M7D28M1I15M9D12M4D5M2D39M1I83M
28	4435	0.557	1.688E-100	0	981	982	0	970	971	7M1I289M3I52M2I48M1I36M2I54M1I18M4I34M2I12M6I23M1I183M1D39M1I16M2D10M11D6M2D21M1I101M2I6M
78	4407	0.555	7.364E-100	0	973	982	0	934	940	7M1I273M1D12M4I37M2I19M1I42M2I18M2I4M8I10M4I23M1I12M1I7M4I17M1I9M8I2M3I17M2I56M5I165M1D54M2D7M5D10M1D124M
56	4404	0.542	8.623E-100	0	981	982	0	929	931	7M1I258M10D5M9I12M3I38M3I20M1I41M1I29M17I47M4I15M1I8M5I16M12I39M4I185M1D54M1D8M1I35M1I7M1I94M
57	4403	0.540	9.089E-100	0	981	982	0	929	931	8M1I267M1D20M4I34M1I56M1I27M17I8M1D48M4I12M1I23M2D27M4I17M23I178M1D98M1I11M1I87M1D3M
77	4400	0.539	1.064E-99	0	981	982	0	920	925	7M1I267M1D17M3I44M1I61M2I25M15I9M2I10M1I32M3I11M1I8M5I16M22I19M3I195M1D56M2I49M2I93M
119	4400	0.539	1.064E-99	0	973	982	0	961	968	7M1I289M3I72M1I23M3I31M2I66M1I27M5I9M2I24M6I23M1I183M2D7M1I31M1I28M13D127M
76	4391	0.538	1.709E-99	0	981	982	0	922	925	7M1I258M10D5M9I12M3I40M1I19M2I41M2I18M17I64M4I8M1I8M5I16M16I8M3I29M3I181M1D50M1I21M1D26M1I7M1I86M1I7M
69	4388	0.540	2.001E-99	0	981	982	0	921	924	7M1I258M10D5M9I12M3I44M12I45M3I29M2I8M15I12M1D34M4I17M5I16M1I14M10I26M4I185M1D53M6D9M6I30M1I11M1I82M1I7M
109	4387	0.548	2.109E-99	0	976	982	0	913	915	7M1I274M1D10M3I52M2I47M1I31M8I7M9I47M4I17M5I35M2I11M16I8M7I177M1D54M1I43M1I4M5I88M
102	4387	0.512	2.109E-99	0	974	982	0	958	964	7M1I287M3I33M1I33M1I37M1I41M2I17M2I21M6I33M5I9M3I9M1D13M6I33M1I176M2D5M1I28M1I18M14D17M2D21M1I102M
131	4386	0.525	2.223E-99	0	979	982	0	895	896	7M1I289M3I72M1I29M1I18M1I18M35I20M16I19M9D10M8I14M44I175M2D5M1I31M1I16M15D5M1I20M4D11M1I107M
35	4386	0.541	2.223E-99	0	981	982	0	927	929	7M1I258M12D6M11I9M3I60M1I39M2I22M17I32M3I21M8I25M5I11M1I15M11I20M3I190M1D54M1D44M1I11M1I90M
42	4384	0.556	2.470E-99	0	980	982	0	932	933	7M1I269M1D26M5I25M9I53M2I20M2I21M12I17M1I15M1I4M4I17M1I8M2I42M4I34M12I166M1D55M3D6M4D9M1D124M2I5M
113	4383	0.528	2.603E-99	0	981	982	0	912	915	7M1I258M10D5M9I12M3I39M8I49M1I36M17I58M1D34M1D3M3I4M6I9M6I13M19I181M1D54M3I41M1I4M5I93M
54	4379	0.534	3.213E-99	0	981	982	0	921	923	7M1I260M9D4M8I15M3I91M3I36M17I32M1I14M4I18M1D13M7I28M4I3M4I10M17I181M1D98M1I11M1I90M
41	4377	0.539	3.569E-99	0	981	982	0	922	924	7M1I260M8D5M7I12M6I39M2I17M1I34M10I41M9I26M1I26M5I10M5I14M1D6M13I35M4I185M1D59M3I36M1I11M1I90M
83	4377	0.539	3.569E-99	0	978	982	24	946	947	266M12D6M11I13M5I12M1D21M7I73M5I18M6I11M2I34M4I17M1I8M5I25M12I30M9I180M1D54M3I141M
71	4375	0.531	3.965E-99	7	981	982	18	932	934	259M10D5M9I15M3I39M1I51M3I29M10I15M7I24M1I14M4I18M1D13M7I28M4I17M21I177M1D98M1I11M1I90M
22	4373	0.518	4.405E-99	2	973	982	0	951	958	6M1D289M3I31M1I20M2I16M1I31M1I22M4I35M7I11M14D28M20I10M2I24M6I28M1I177M6I6M7D28M1I13M13D22M1D33M1I86M
116	4367	0.516	6.041E-99	0	979	982	0	892	893	7M1I258M10D5M9I12M3I36M7I24M3I33M5I25M17I54M8I10M8I23M5I25M25I178M1D54M3I46M5I24M1D67M
52	4363	0.529	7.456E-99	0	980	982	0	905	913	7M1I258M12D6M11I9M3I36M5I20M1I41M1I29M2I8M15I9M27I32M8I15M2D26M14I197M1D50M1D12M1I35M1I11M1I89M
82	4363	0.537	7.456E-99	3	978	982	28	946	947	263M12D6M11I23M2I30M6I82M5I6M8I45M4I17M1I8M5I45M25I186M1D54M3I141M
51	4355	0.535	1.136E-98	0	979	982	0	927	932	7M1I258M10D5M9I12M3I42M1I16M3I37M1I31M8I8M9I26M1I23M5I14M5I30M11I26M4I185M1D98M1I11M1I88M
23	4342	0.541	2.251E-98	0	978	982	0	934	935	7M1I272M1D13M4I37M2I5M7I47M2I21M2I8M12I29M1I15M1I4M4I17M1I8M5I20M3I33M5I23M4I167M1D53M7D17M1D129M
66	4337	0.524	2.928E-98	0	973	982	0	917	923	7M1I75M1D185M1D36M4I32M17I39M2I20M2I20M12I16M1I16M1I4M4I17M1I9M11I71M11I165M1D55M7D16M1D124M
94	4331	0.530	4.015E-98	5	981	982	5	923	924	3M1I288M3I31M1I40M1I25M2I38M36I23M4I45M7I9M9I208M2D7M1I28M1I19M2D9M1D25M2D25M3D80M2I6M
3	4322	0.533	6.446E-98	0	978	982	0	881	882	7M1I258M12D6M11I9M3I35M19I44M1I34M2I8M15I6M9I21M15I17M8I6M9I40M15I182M1D98M1I11M1I87M
74	4321	0.534	6.795E-98	7	947	982	0	902	926	285M3I49M2I26M1I25M1I82M10D17M1I34M27I12M14I15M2I183M1I27M2I19M5D5M3D24M2I82M
50	4318	0.531	7.956E-98	0	980	982	0	905	906	7M1I258M10D5M9I12M3I40M1I19M1I40M3I22M35I19M7I29M1I8M5I15M14I38M4I185M1D98M1I11M1I89M
108	4310	0.531	1.212E-97	0	973	982	0	921	928	8M1I288M3I31M1I40M1I25M2I19M19I4M16I11M2I23M1I76M2I18M13I174M2D8M1I31M1I24M3D52M6D79M
48	4307	0.527	1.419E-97	0	981	982	0	898	899	7M1I258M12D6M11I12M5I38M6I54M5I11M5I17M8I25M2I5M2I12M4I17M5I4M5I16M21I30M9I180M1D54M3I39M1I95M3I6M
13	4300	0.536	2.051E-97	0	981	982	0	892	894	7M1I258M10D5M9I12M3I42M7I47M1I43M20I11M4I13M9I40M2I6M3I8M11I13M28I178M1D54M1D8M1I33M2I103M
44	4290	0.534	3.471E-97	0	981	982	0	884	886	7M1I258M7D6M6I14M3I46M19I33M1I34M2I8M15I6M9I21M15I17M8I6M9I40M15I182M1D98M1I11M1I90M
46	4289	0.531	3.659E-97	0	980	982	0	925	926	7M1I258M10D5M9I12M3I42M1I16M3I37M1I24M1I5M7I10M9I10M2I14M3I8M14I9M1I8M5I30M11I26M4I185M1D64M4I30M1I11M1I57M12D25M3D7M
49	4287	0.521	4.065E-97	0	981	982	0	860	862	7M1I258M12D6M11I9M3I35M19I44M1I34M2I8M15I8M5I19M21I25M4I21M50I175M1D98M1I7M1I94M
80	4227	0.562	9.550E-96	43	978	982	1	930	931	252M3I33M1I38M1I30M1I26M1D67M1I9M3I26M5I29M3I247M1I16M2D7M2D3M1D16M8D16M1I101M
73	4216	0.537	1.704E-95	24	978	982	2	932	933	268M3I36M1I40M1I30M1I12M7I51M1I30M4I76M19I213M2I16M15D144M
70	4213	0.506	1.995E-95	0	981	982	0	856	858	7M1I258M10D5M9I15M3I12M15D6M41I32M3I36M17I25M12I29M1I3M9I27M53I177M1D98M1I11M1I90M
68	4208	0.537	2.595E-95	22	981	982	16	900	901	7M2I264M3I74M1I28M1I25M20I18M6I17M9I21M1I11M27I3M13I245M1I23M8D16M5D14M1I99M3I7M
47	4180	0.507	1.132E-94	0	979	982	0	815	820	7M1I258M13D2M12I12M3I49M4I8M1I38M2I24M10I11M66I9M50I15M5I194M1D83M24I92M
58	4178	0.525	1.258E-94	0	981	982	0	887	889	7M1I258M10D5M9I15M3I39M1I51M3I29M48I45M1D13M7I28M4I3M4I10M17I181M1D63M7I28M1I11M1I90M
84	4125	0.549	2.045E-93	48	978	982	0	928	929	247M3I33M1I40M1I28M1I26M1D67M1I9M3I60M3I247M1I16M6D14M1I12M7D17M1I99M
104	4106	0.527	5.557E-93	0	981	982	0	937	938	6M1I37M32I221M3I52M2I18M1I29M1I36M2I54M1I18M4I16M1I11M1I19M6I23M1I183M1D39M1I16M2D21M5D37M7D81M2I6M
32	4075	0.555	2.839E-92	43	973	982	1	922	929	254M3I52M2I18M1I29M1I17M2I73M1I18M4I34M2I12M6I23M1I184M1D38M1I12M2D14M11D10M2D32M1I86M
55	3972	0.501	6.407E-90	0	981	982	0	891	893	8M1I104M1I168M1D5M3I42M1I43M2I13M2I12M1D23M8I7M9I23M16I6M12D20M14I37M3D14M15I12M1D95M1I48M1I27M1D12M20I5M5I2M1I17M6I30M1I13M1I49M1I38M
79	3947	0.527	2.387E-89	53	973	982	0	883	889	228M1D12M4I37M2I19M1I42M2I18M2I20M12I17M1I15M1I4M4I17M1I46M11I16M1I23M5I165M1D55M5D6M2D10M1D124M
110	3718	0.527	4.078E-84	91	981	982	0	879	880	206M3I52M2I18M1I29M1I36M2I54M1I18M4I34M2I12M6I23M1I183M1D39M1I16M2D10M5D46M7D83M2I6M
92	3674	0.385	4.129E-83	5	974	982	0	1079	1084	264M4D18M3D63M4D28M5I68M1I43M1I69M2D16M6D26M15D86M2D87M2D5M1I32M1I10M60D22M3D19M15D25M3D80M
128	3634	0.393	3.387E-82	8	980	982	8	875	876	259M2I10M5D22M11I50M25I19M4I24M23I55M3I7M17I6M9D4M17I2M4I11M25I78M1I7M2D89M1D48M1D61M9D89M
117	3633	0.378	3.570E-82	0	973	982	0	989	1003	3M2D4M1I261M11D3M10I11M8I28M7D5M3I37M10I20M3I48M3I16M2I52M7I32M4I34M3I86M1D85M5D2M4I34M1D12M5D57M18D5M24D81M
81	3583	0.515	4.956E-81	40	902	982	7	875	885	257M3I72M1I29M1I31M1D31M5I17M1I7M1I9M7I54M6I23M1I182M2D8M1I31M1I16M4D42M27D26M
122	3506	0.354	2.848E-79	0	981	982	0	1000	1001	5M2I261M2D20M5I11M9I16M23I26M13D34M8I33M3I32M12I61M6I19M15I10M3I79M1D85M1D31M1D22M5D11M5D27M14D8M37D19M2D59M25D15M1I11M
8	3430	0.360	1.553E-77	5	981	982	7	1012	1016	2M1I261M18D5M1D39M1I64M6I65M1I19M1I5M2I37M3I33M3I53M8I81M2D82M1D54M9D28M7D10M3D25M17D78M3I7M
103	3419	0.430	2.770E-77	27	981	982	0	885	886	49M4I8M5I7M2I164M1D6M6I15M2I13M1D24M3I16M8I5M4I31M3I33M2D40M5I7M13D8M9I8M1I7M4I25M17I13M19I92M2D90M1D51M4D20M2D122M3I6M
101	3417	0.367	3.077E-77	8	977	982	22	934	936	258M1I8M5I13M7I29M12I27M17I30M4I12M1I23M1I7M7I19M5I52M4I4M4I37M8I6M1I6M2D1M1D58M2D103M9D4M3D51M1I14M1D22M1D25M2D83M
18	3337	0.327	2.071E-75	5	974	982	1	1244	1248	2M1I259M5D38M13D106M1I39M1I40M2D85M21D100M1I15M1D88M1D37M1I12M7D11M72D6M5D9M77D21M61D7M8D9M6D81M
126	3277	0.348	4.865E-74	0	973	982	3	806	808	103M2I165M9D2M10I12M41I9M10I17M17I7M24I13M31I6M23I26M15I18M26I14M5I5M7D9M10D133M1I43M1I21M4I19M4D14M3I24M4D15M4D6M7D37M2I41M
100	3211	0.315	1.567E-72	1	981	982	0	798	806	5M1I261M4I4M6I24M13I5M8I16M63I29M4I14M11I4M11I70M58I80M1D2M1D90M3D32M2D39M4D17M14I53M1D34M1I8M
114	3196	0.355	3.451E-72	5	977	982	5	928	929	2M1I213M1D51M5I16M5I17M13I47M9I56M9I11M8I60M2I80M4I59M2D87M5I6M2I10M6D48M3D64M2D83M
91	3157	0.339	2.686E-71	5	981	982	9	786	788	3M1I98M1D159M16D14M24I5M77I14M1D30M3D17M3I7M29I14M17I6M19I16M13I11M22I7M2I64M2I10M1D5M1D81M4I6M1I32M2I12M6I48M3I9M1I33M2D17M4D25M2I6M
98	3143	0.325	5.610E-71	0	981	982	6	774	776	5M2D3M1I98M1D160M15D1M51I7M32I16M17I12M15I8M47I4M25I25M25I8M2I6M7I29M1D9M6D63M2I14M1D2M1D74M1I6M4I6M1I33M2I12M3I11M2I34M6I8M1I32M2D22M4D22M2I6M
7	3088	0.336	1.013E-69	0	981	982	0	820	857	5M3D2M1I96M1D172M11I19M18I30M34I12M6I15M11I38M21I8M5I37M31I12M23I4M2I39M2D43M3D46M2I17M1D12M2I6M3I35M2I11M1D33M1I65M2D42M1I9M
97	3054	0.325	6.061E-69	1	969	982	22	774	786	7M1I98M1D159M110I6M8D5M10I8M13I22M30I14M22I18M14I9M8I120M3I14M1D2M1D83M4I4M1I32M2I12M3D12M10I39M5I35M1D16M4D6M2I13M
10	3035	0.325	1.647E-68	0	981	982	18	782	784	7M2D100M1D160M15D6M84I10M17I22M37I40M1I13M38I24M17I6M21I9M2I62M2I13M4D3M2I79M4I6M1I32M2I14M3I8M1D26M1I16M10I32M2D19M4D6M2I17M2I6M
96	3025	0.316	2.787E-68	5	981	982	38	940	948	3M1I27M5I227M16D9M61I22M24I17M2I6M1I18M2I10M6I17M12I11M4I40M38D10M4D14M1D24M2I28M3D6M1D63M4I14M2D49M1I98M11I119M3I6M
0	3000	0.327	1.039E-67	0	981	982	6	752	754	8M1D99M1D160M114I3M16D1M15I5M13I22M30I14M22I12M40I8M3I39M1D4M2I62M3I13M1D2M1D78M1I4M2I6M1I32M2I12M3D12M10I41M3I30M2D21M4D6M2I17M2I6M
20	2999	0.303	1.095E-67	1	981	982	0	752	772	4M3D2M1I272M7D7M85I4M3I9M1D20M21I7M8I17M15I11M79I3M21I20M3I39M2D43M2D46M2I17M1D11M2I9M4I21M3I23M1I13M1I83M2D37M2I6M5D6M
89	2995	0.307	1.351E-67	5	973	982	7	747	777	2M1I97M1D169M140I9M9I14M28I25M23I13M12I3M3I38M5I15M2I39M2D43M2D46M2I18M1D12M6I30M3I21M1I13M1I82M2D44M
124	2994	0.345	1.424E-67	7	969	982	2	708	713	257M3D2M3D6M103I6M5D12M71I32M15I1M7D20M9I10M48I12M2I37M1D25M1I18M2D113M2I25M2I16M16I13M8I45M1D6M1I29M
40	2978	0.307	3.305E-67	0	973	982	0	746	776	5M1D2M1I97M1D166M28I9M70I8M27I9M18I1M34I24M23I13M12I3M3I44M5I9M2I39M2D43M2D46M2I18M1D12M6I28M3I23M2I99M2D40M
120	2950	0.317	1.442E-66	0	981	982	0	763	764	8M1D95M2I162M114I2M7D13M13I13M1I17M10I19M16I46M10I18M6D17M24I11M4I33M2D39M1D7M1D47M2I18M1D15M4D8M3I23M4I4M2I15M29I11M2I6M6I8M1I32M1I42M3D9M
88	2946	0.309	1.780E-66	5	981	982	7	749	770	2M1I260M10I12M42I15M2D13M33I13M6I7M14I12M31I19M2I13M91I10M2I39M2D37M3D5M1I46M2I14M1D16M6I28M3I21M3I11M1D89M2D34M2I6M4D6M
1	2942	0.321	2.196E-66	0	981	982	0	771	787	7M1I258M113I6M28I42M25I43M44I21M12I12M1I25M1D14M2D39M1D3M1D45M1I4M1I16M2D14M8I50M4I61M1D32M1D3M2D11M7D5M8D2M3D21M1I9M
63	2940	0.307	2.440E-66	5	981	982	7	764	778	2M1I94M1D165M114I14M13I31M5I16M4I4M20I35M32I20M28I8M2I39M2D43M2D46M2I17M1D13M6I24M3I25M5I51M1I42M2D44M9D8M
87	2929	0.317	4.353E-66	5	971	982	7	737	770	2M1I94M1D177M6D12M5I30M3D29M36I11M49I4M1I9M142I4M2I39M2D42M2D47M2I17M1D13M6I34M2I7M1I8M2I31M4I62M2D42M
95	2907	0.326	1.385E-65	5	981	982	1	718	720	3M1I94M2I163M108I4M1I10M9I9M2I14M46I11M11I25M4I19M16I4M1I20M28I4M2D34M2D44M2D49M2I18M1D18M4D11M3I17M4I4M2I13M7I17M19I10M2I9M1I32M1I51M
2	2898	0.320	2.224E-65	4	977	982	7	778	781	4M1D95M1I58M1I112M4I19M93I6M4I18M48I6M19I25M7I16M10I12M3I4M2I32M10I36M1D43M3D49M1D11M1D6M4D19M2D8M1I36M4D9M20I33M5I7M2I32M3D11M5D12M3D25M
37	2874	0.303	7.861E-65	2	981	982	0	810	829	5M1I8M2D144M1I106M16D15M30I23M10I10M5I14M11D23M19I19M25I28M4I7M3I23M80I3M4I40M2D40M1D2M1D47M2I18M1D12M7I8M5D22M4I19M3D9M2I12M14I62M2D36M2I12M
14	2869	0.313	1.023E-64	7	973	982	86	883	886	104M25I3M4I2M1D70M1D51M10D7M11I6M12I48M35I40M15I5M16I14M7I4M16I101M6I2M2I76M1D5M1D86M3D5M2I31M2I34M34I5M1D81M
36	2849	0.299	2.929E-64	3	981	982	0	810	829	12M2D145M1I106M16D15M29I16M5I32M8I2M8D23M19I19M25I28M4I7M3I25M84I41M2D42M2D47M2I18M1D12M7I8M5D22M4I18M5D11M4I9M14I59M4D3M2I34M2I12M
125	2799	0.295	4.066E-63	8	968	982	29	805	813	264M3D24M27I15M10I26M6D38M78I46M8I21M6I13M32I61M13I89M5D3M4I23M3I5M1D18M9I7M3D12M4I15M4I9M4I70M
123	2767	0.425	2.190E-62	45	795	982	0	713	715	221M1D26M8I42M3D30M16I11M1I37M1I12M2I37M12D14M6I13M6I13M6I35M11I169M1D19M3D15M
21	2699	0.343	7.837E-61	7	836	982	5	702	745	208M1D51M8D9M7I10M2I53M10I14M21I29M10I22M5I4M4I29M6I13M21I8M10I6M27I5M13I7M2I81M2D72M1I11M1D7M1I24M4I23M
12	2442	0.308	5.841E-55	5	885	982	2	674	675	2M1I258M9D7M11I3M47I25M30I17M71I21M2I29M2I18M15I31M14I2M2I27M1I7M2D35M1D6M1I5M2I45M2I17M1D13M9I36M2I31M9I25M
121	2434	0.311	8.898E-55	12	855	982	1	618	619	254M18D6M11I9M7I3M27I13M2I23M8I4M3D14M6I2M79I12M62I13M43I7M1D21M1D11M2D44M2D46M1I4M1I16M2D14M8I7M4D20M4I42M
9	2229	0.271	4.300E-50	5	973	982	7	609	639	2M1I94M1D165M114I8M32I5M83I10M36I7M11I8M12I20M62I3M11D5M13I45M2I17M1D14M6I29M3I19M6I10M2I38M2D43M2D44M
11	2122	0.302	1.198E-47	0	842	982	0	581	596	7M1I35M32I200M4D2M2D15M94I5M9I51M15I7M1I9M10I6M7I9M48I5M47I23M1D10M2D44M1D2M1D47M2I18M2D14M4I31M4I29M
19	1641	0.204	1.172E-36	2	966	982	9	722	735	6M1I23M1D19M2D43M1I12M1I41M1D11M5D6M8D19M1I2M3D27M2D51M15D6M64I16M10I7M25I22M7I4M74I14M45I8M28I13M5I13M2D6M2D47M1I13M1D5M2D84M5D32M1I35M9I27M1I6M26I24M1D5M1I17M
4	1242	0.167	1.534E-27	5	973	982	2	686	688	6M1D41M4I48M1I39M3D6M2D14M1I22M1I22M4D10M12I33M3D8M1I12M49I42M5I15M8I24M9I9M11I14M7I5M22I12M95I39M3I11M3D2M1D8M2I11M5D8M3I2M6D29M2D8M2D2M3I16M2D13M7I15M4I9M2I12M68I7M1I7M4D12M7I7M1D22M3D21M
90	1235	0.154	2.218E-27	1	969	982	0	690	697	33M1I13M5I50M1I40M3D7M2D13M1I21M1I24M16I5M3D35M110I7M26D41M3I14M35I20M65I4M48I38M3I7M2D6M1I4M3D16M4D42M2D2M2D6M3I18M2D19M10I32M5I4M8I4M2I19M11I12M3I12M2D5M1I10M1D12M1D10M1D15M1D16M
129	1138	0.160	3.650E-25	11	966	982	0	646	656	23M1I9M35I3M2D4M1D17M1I40M3D7M2D13M1I21M1I30M13I37M1D4M3D6M36I9M54I8M8D22M7I27M110I9M41I12M3I37M3I7M2D6M1D8M1D10M3D11M1D33M1D2M3D9M3I16M2D19M10I19M7I14M14I52M3D2M1I7M9I3M1D16M1D6M1D13M1D15M
99	890	0.252	1.694E-19	3	358	982	15	362	450	3M1I27M1I13M5I50M1I40M3D4M1D14M1I20M1I27M2D12M12I31M3D2M15D18M8I22M2I41M
17	812	0.158	1.026E-17	10	905	982	3	899	985	22M2I11M1D13M4I14M1I4M1D26M1I38M2D3M1D14M2I7M11D17M1I18M12D8M8D3M7D7M4I29M4D7M28D45M3D26M7D37M9I41M7D25M2D47M7D36M3D77M4I3M1D16M13I12M18I15M1D10M1D4M10D17M63I18M1D10M4D26M1D68M
93	749	0.157	2.824E-16	12	723	982	13	802	803	32M3D8M10I32M1I11M1I39M3D3M4D15M2I4M1I13M2D29M4I6M2I6M20D33M3D11M1D27M1D49M1D33M96D16M3D42M1D37M3D15M1I51M1D54M1D9M5I17M15I6M20I23M1I9M2I17M
 123	5063	1.00	0.000E+00	0	714	715	0	714	715	715M
39	2832	0.440	1.283E-65	0	713	715	44	769	965	226M2D21M4D22M2D82M4D69M2D13M1D241M1I17M2I20M
73	2827	0.434	1.681E-65	0	713	715	23	736	933	228M2I53M2D71M1D45M4D6M2D17M7I21M5D30M1I193M1I19M3I17M
15	2815	0.430	3.214E-65	0	713	715	80	787	983	222M2I15M2I72M1D5M10D58M4I41M3I93M2I155M1I19M3I17M
106	2811	0.438	3.990E-65	0	713	715	44	772	970	230M3D17M3D70M6D6M6I22M1D26M4D14M1I28M3I28M8D31M2D4M2D5M1I182M1I17M2I20M
67	2806	0.427	5.227E-65	0	713	715	45	771	964	222M1I7M4D46M4D75M1I30M1D46M2I17M7D13M1D21M3D193M1I24M2I13M
62	2798	0.429	8.054E-65	0	713	715	44	735	931	222M1I6M1I23M18I35M4I21M2I22M4D66M2D12M1D241M1I17M2I20M
38	2798	0.420	8.054E-65	0	713	715	44	771	969	226M2D21M4D75M4D23M1I17M1D51M3I16M7D63M3D178M1I24M2I13M
72	2797	0.423	8.501E-65	0	713	715	44	764	958	226M2D20M2D23M1I24M1D12M4D11M5D9M8I39M5I51M2I35M11D8M3D44M1I155M1I19M3I17M
6	2790	0.439	1.241E-64	0	713	715	44	772	970	230M3D17M3D131M5D13M1I29M7I28M12D37M3D181M1I24M2I13M
25	2789	0.434	1.310E-64	0	713	715	44	772	970	230M3D17M3D70M6D32M2I69M2D16M3D57M3D181M1I24M2I13M
112	2789	0.435	1.310E-64	0	713	715	44	773	971	226M2D21M4D55M2D49M4D69M7I23M7D17M4D13M1I13M4D180M1I24M2I13M
30	2786	0.440	1.540E-64	0	713	715	44	774	972	221M1D8M1D18M4D22M2D82M4D57M2I23M1D27M7D26M2D11M1I25M1D151M1I24M2I13M
60	2785	0.420	1.626E-64	0	713	715	55	800	994	221M1I14M3D87M10D38M21D3M4D9M4D3M4D44M12I21M1D68M2D155M1I19M3I15M
27	2784	0.439	1.716E-64	0	713	715	44	772	970	226M2D21M4D104M1D8M2D4M1D58M3I6M6D6M2D57M3D181M1I24M2I13M
16	2783	0.447	1.811E-64	0	713	715	78	784	978	222M2I15M5I35M4I8M1I43M5D24M4I25M3D8M12D23M9I25M1D69M1D152M1I23M3I13M
85	2777	0.442	2.505E-64	0	713	715	44	772	970	226M2D21M4D70M6D14M2I87M2D22M3D51M3D181M1I17M2I20M
119	2772	0.432	3.282E-64	0	713	715	44	771	968	226M2D21M4D22M2D76M2D63M2I25M1D29M1D30M7D180M1I17M2I20M
130	2772	0.440	3.282E-64	0	713	715	44	785	983	222M1I39M10D7M3D22M1D26M5D42M2I12M1I30M7D16M5I39M9D18M5D192M1I24M2I13M
28	2771	0.441	3.464E-64	0	713	715	44	773	971	226M2D21M4D59M1D43M1D29M4D13M1I47M5D42M2D10M1D183M1I17M2I20M
59	2771	0.424	3.464E-64	0	713	715	45	795	982	221M1I41M2D29M3D31M16D11M1D37M1D6M2D43M12I14M6D11M1D67M22D152M1I19M3I15M
31	2769	0.434	3.859E-64	0	713	715	44	772	970	226M2D21M4D70M6D32M2I70M7I18M12D47M3D181M1I24M2I13M
107	2766	0.430	4.539E-64	0	713	715	44	772	969	230M3D10M3D77M6D13M1D22M3I53M2I23M1D9M6D51M3D181M1I24M2I13M
54	2764	0.435	5.057E-64	0	713	715	44	737	923	221M4I6M2D5M5D38M1I84M7I54M12I244M1I22M2I13M
105	2762	0.439	5.634E-64	0	713	715	44	772	963	226M2D21M4D22M3D49M4D27M1I45M1I28M7I29M10D12M4D206M1I18M2I19M
33	2762	0.434	5.634E-64	0	713	715	44	772	970	230M3D17M3D104M4D69M7I29M12D37M3D181M1I24M2I13M
65	2761	0.424	5.946E-64	0	713	715	39	744	879	221M4I36M22I44M1I39M1D23M2I22M4D28M7D13M1D17M11D52M1D150M1I18M1I7M2I11M
32	2761	0.438	5.946E-64	0	713	715	3	731	929	226M2D21M4D73M9D40M3I27M2I28M2D16M3D57M3D181M1I24M2I13M
118	2757	0.422	7.381E-64	0	713	715	44	776	978	222M2D22M2D25M4D48M7D28M1I75M7I20M12D22M4D19M1D29M1I156M1I19M3I16M
75	2753	0.427	9.162E-64	0	713	715	44	772	970	226M2D21M4D70M8D3M1D40M3I57M7I29M1D12M12D207M1I17M2I19M
115	2753	0.451	9.162E-64	0	713	715	44	781	982	222M2I35M5I47M3D15M14D28M2D9M1D31M2D16M1I8M9I13M3D27M2D13M4D19M12D24M1D150M1I26M2I11M
68	2750	0.425	1.077E-63	0	713	715	37	706	901	228M4I27M5I19M1I14M14I20M5I54M1I28M12I82M2D160M1I19M3I17M
24	2750	0.436	1.077E-63	0	713	715	44	772	970	226M2D21M4D70M6D9M1I25M1I70M2I16M7D52M3D181M1I17M2I20M
74	2749	0.407	1.137E-63	0	713	715	38	746	926	222M1I101M5D49M9D18M1I25M4I79M1I15M7I152M1I17M4I17M
53	2747	0.432	1.267E-63	0	713	715	44	766	964	228M2I8M8D64M2D15M6D6M6I22M1I38M1D3M4D27M7I29M1D27M6D193M1I22M2I13M
64	2747	0.440	1.267E-63	0	713	715	44	770	968	222M1I7M4D11M3D76M8D3M1D41M2I29M2I26M7I32M11D27M2D11M1I176M1I18M2I19M
5	2747	0.437	1.267E-63	0	713	715	44	772	970	226M2D21M4D70M6D32M2I70M7I18M12D47M3D181M1I24M2I13M
34	2746	0.439	1.337E-63	0	713	715	44	772	970	226M2D21M4D70M6D9M1I24M1I69M7I19M12D46M3D181M1I17M2I20M
86	2741	0.439	1.752E-63	0	713	715	44	772	970	226M2D21M4D70M6D9M1I24M1I69M7I19M12D46M3D181M1I24M2I13M
127	2739	0.425	1.952E-63	0	713	715	87	819	1013	222M4D47M5D76M5D60M2D15M9I23M12D14M1D8M4D44M1I155M1I19M3I17M
43	2736	0.435	2.296E-63	0	713	715	44	745	931	222M11D42M3D10M1D20M3D13M7D18M4I61M2I21M19I47M1I5M8I183M1I22M2I13M
56	2734	0.425	2.558E-63	0	713	715	44	745	931	221M11D7M3I74M2I51M4I11M1I44M12I28M2D218M1I22M2I13M
71	2733	0.423	2.700E-63	0	713	715	56	748	934	222M11D61M2I48M2I20M1I19M5I40M15I9M4I228M1I22M2I13M
3	2732	0.438	2.850E-63	0	713	715	44	700	882	221M11D7M8I17M18I25M2I30M1I19M4I17M6I41M23I24M3I17M2I39M2D152M1I22M2I13M
84	2732	0.417	2.850E-63	5	713	715	2	735	929	217M9D114M1I21M2D16M4D31M2D15M9I6M2D25M1D28M1I18M8D3M12D165M1I18M3I17M
46	2731	0.428	3.008E-63	0	713	715	44	731	926	222M11D6M8I9M1D105M4I5M7I53M13I42M3I199M1I22M2I13M
131	2729	0.422	3.351E-63	0	713	715	44	695	896	224M2I49M8I26M14I8M2I11M3I14M28I30M13I18M4I47M15D173M1I24M2I13M
94	2729	0.413	3.351E-63	0	713	715	44	732	924	222M1I45M2I64M15I29M6I20M3I89M5D180M1I15M2I20M
42	2729	0.437	3.351E-63	0	713	715	44	741	933	226M4I4M7D14M2D21M3D24M4D17M2I27M1D20M4I56M13I61M1D19M1D8M9I145M1I25M2I12M
29	2729	0.438	3.351E-63	0	713	715	44	772	970	226M2D21M4D70M6D32M2I70M7I28M12D38M3D180M1I24M2I13M
41	2727	0.427	3.733E-63	0	713	715	44	741	924	221M10D6M7I19M1D103M7I39M3I17M10I10M1D16M2D218M1I22M2I13M
77	2727	0.430	3.733E-63	0	713	715	44	738	925	271M2D20M4D126M15I26M2D21M1I24M3I11M5I153M1I22M2I13M
44	2723	0.444	4.634E-63	0	713	715	44	700	886	221M4D9M1I31M22I59M3I15M2I8M4I43M14I44M16I22M2D10M2D152M1I22M2I13M
80	2723	0.423	4.634E-63	0	713	715	3	736	931	222M1I8M3D15M2D77M16D36M4I57M9I23M12D14M1D8M3D14M2D29M1I157M1I18M3I17M
51	2720	0.429	5.450E-63	0	713	715	44	745	932	222M11D6M8I9M1D105M4I65M13I8M1D20M6D14M3I199M1I22M2I13M
22	2720	0.417	5.450E-63	0	713	715	44	761	958	228M2I59M1I26M2I35M1I6M1I3M4D68M7D68M3D174M1I17M2I20M
79	2719	0.429	5.752E-63	9	713	715	1	697	889	215M3D24M1D25M5D26M10D11M2I67M2D40M13I39M7I45M4I149M1I16M2I19M
76	2718	0.429	6.072E-63	0	713	715	44	739	925	222M11D64M5I97M4I26M14I10M1D18M1I30M3I182M1I22M2I13M
102	2715	0.420	7.140E-63	0	713	715	44	765	964	226M3D60M4D31M9D60M1D43M12I7M3D42M3D193M1I24M2I13M
81	2714	0.427	7.536E-63	0	713	715	12	738	885	226M2D21M4D107M1D23M4D14M1I28M3I18M6D50M3D185M1I22M2I13M
61	2713	0.436	7.955E-63	0	713	715	44	735	933	226M2D13M4D68M3D11M6D43M4I55M13I23M6I17M1I10M10I176M1I22M2I13M
35	2712	0.430	8.397E-63	0	713	715	44	742	929	221M11D43M3D16M3I4M4I51M1D15M7I27M1I20M1I7M12I38M1D206M1I22M2I13M
26	2712	0.431	8.397E-63	0	713	715	44	772	970	230M3D17M3D70M6D7M1D65M3I29M7I18M12D47M3D181M1I24M2I13M
13	2707	0.431	1.100E-62	0	713	715	44	708	894	221M9D7M6I27M11I18M6I11M7I11M3I19M2D38M10I25M12I44M2I198M1I22M2I13M
55	2705	0.424	1.226E-62	0	714	715	44	741	893	68M1I175M1D114M5I10M2I44M2I18M4I24M1I56M2D94M1I48M1I8M1I22M2I14M
57	2705	0.429	1.226E-62	0	711	715	44	744	931	324M2D35M2I23M3I33M12I75M2D17M3D152M1I35M
83	2701	0.425	1.521E-62	0	713	715	69	766	947	221M11D3M8I44M2I28M1D31M1D36M2I16M1I27M13I11M3D20M1D32M4I177M1I22M2I13M
48	2700	0.428	1.606E-62	0	713	715	44	719	899	221M11D3M8I21M13I11M7I85M5I47M11I44M1I14M1I184M1I22M2I13M
52	2697	0.427	1.888E-62	0	713	715	44	722	913	221M11D7M3I50M2I61M2I43M8I21M14I15M14I215M1I22M2I13M
49	2691	0.429	2.612E-62	0	713	715	44	676	862	221M11D7M8I17M18I25M2I30M1I19M4I9M31I24M19I15M6I27M2I39M2D152M1I22M2I13M
69	2691	0.434	2.612E-62	0	713	715	44	738	924	221M8D42M6D14M1D38M19I27M2I54M15I13M2D13M2D32M1D186M1I22M2I13M
45	2690	0.429	2.757E-62	0	713	715	44	741	927	222M11D42M3D10M1D7M1D16M3I14M8D30M1I45M11I14M17I14M5I225M1I22M2I13M
113	2687	0.418	3.242E-62	0	713	715	44	735	915	222M6I6M6D15M9I50M3D18M8D35M2I27M3I26M13I10M3I231M1I22M2I13M
111	2687	0.427	3.242E-62	0	713	715	44	741	938	228M2I123M4D4M5D16M1I33M2I7M14I60M3I181M1I24M2I13M
109	2686	0.423	3.422E-62	0	713	715	44	739	915	221M4I9M4D91M2D75M1D19M13I18M2D7M4I49M3I163M1I22M2I13M
50	2683	0.429	4.024E-62	0	713	715	44	722	906	221M10D6M7I19M18I44M3I32M3I48M1D18M13I10M1D234M1I22M2I13M
108	2678	0.416	5.272E-62	0	713	715	44	735	928	222M1I30M19I35M5I19M2I21M3D19M1I34M4I5M1D37M3D46M6D174M1I19M2I18M
23	2671	0.430	7.695E-62	0	713	715	44	743	935	233M3D18M3D18M3D43M2D61M2D46M13I58M4I22M9I2M2D147M1I20M3I2M1D14M
116	2669	0.420	8.573E-62	0	713	715	44	715	893	222M11D60M2I23M8D15M7I32M5I7M20I28M7I14M3I26M2I13M12I178M1I22M2I13M
78	2666	0.434	1.008E-61	0	713	715	44	748	940	225M3D23M1D27M5D24M6D67M1D24M3I26M14I91M5I147M1I22M2I13M
58	2663	0.432	1.186E-61	0	713	715	44	710	889	221M10D6M7I19M5I2M13I51M4I33M16I41M9I249M1I22M2I13M
66	2651	0.419	2.267E-61	0	713	715	44	731	923	35M1D191M4I5M3I17M2I103M3I58M11I46M1I195M1I18M2I19M
82	2646	0.425	2.971E-61	0	713	715	70	766	947	221M11D7M3I40M3D13M2I30M2I8M1I34M9I51M11I31M3I49M3D161M1I22M2I13M
70	2637	0.420	4.831E-61	0	713	715	44	672	858	221M10D6M7I24M16D5M17I19M1I17M19I19M52I13M11I21M1I223M1I22M2I13M
92	2617	0.386	1.424E-60	0	713	715	40	820	1084	222M27D20M6D25M13D26M3D13M2D8M1D43M1D8M17D29M17D26M12I68M1D16M8I83M2D67M1I18M2I19M
47	2595	0.431	4.674E-60	0	713	715	44	655	820	222M6I1M9D24M31I28M1D22M3I23M3I5M6I24M9I13M12I18M1D6M7I18M20I10M13I152M1I22M2I13M
122	2532	0.386	1.406E-58	0	713	715	43	729	1001	222M6I28M5I24M1I23M24D29M9I48M2D26M11I21M11I52M11I81M1D69M1I25M1D11M
128	2512	0.401	4.143E-58	0	713	715	45	680	876	228M2D53M3I3M13I26M8I17M14I13M7I31M17I47M9D1M18I18M7I76M1I7M2D69M1I21M2I13M
117	2501	0.382	7.507E-58	0	713	715	46	763	1003	225M10D34M5I9M6D6M5I124M3D12M12I30M2I28M11D116M1D66M1I24M2I13M
104	2485	0.405	1.782E-57	28	713	715	39	740	938	17M1D181M2D21M4D104M4D70M7I28M12D37M3D183M1I22M2I13M
103	2480	0.386	2.335E-57	0	713	715	18	696	886	31M5I4M1D7M1D6M8I300M2I20M4I45M14D40M27I17M4I84M2D70M1I18M1I5M1I14M
110	2479	0.418	2.465E-57	46	713	715	0	682	880	180M2D21M4D104M1D26M5D15M2I27M7I28M12D37M3D183M1I22M2I13M
18	2441	0.377	1.921E-56	0	713	715	40	830	1248	222M8D18M1D31M9D23M10D8M10D30M10D14M5D50M5D9M8D15M12I22M5D37M21D100M1I15M1D67M1I24M2I13M
101	2436	0.366	2.516E-56	0	712	715	59	748	936	221M2I6M2I44M9I24M2I107M15I9M1I23M1I49M5I8M4D61M2D85M1I19M4D7M5D12M
100	2403	0.372	1.497E-55	0	713	715	43	620	806	228M8I18M9I6M1I8M20I29M59I34M12I7M13I10M1D18M9I27M6I4M1I81M2D66M1I17M2I5M2D15M
96	2392	0.338	2.712E-55	6	713	715	78	772	948	216M19D42M2I30M2I24M5I29M36I33M20D43M8I48M3D4M1D63M4I14M2D49M1I17M1I25M1D12M
8	2392	0.360	2.712E-55	0	713	715	46	793	1016	226M10D7M2D68M3D30M3D37M7D7M13D6M6D22M4D17M12I46M1D27M3D17M5I82M2D65M1I17M2I20M
126	2348	0.365	2.923E-54	1	713	715	49	618	808	58M2I161M2I10M3D22M4I9M9I14M3I29M5I16M1I14M24I24M7D19M97I133M1I16M1I21M4I14M
114	2332	0.371	6.938E-54	0	713	715	44	741	929	171M1D61M3I24M1I9M1I74M3D77M10I74M2D17M5I4M1D56M2D85M13I4M1I7M5D3M4D14M
21	2284	0.360	9.282E-53	3	713	715	46	665	745	167M1D51M7D9M4I31M9I11M1I53M13I28M12I7M3I17M16I13M20I23M1I17M17I82M2D66M1I6M1I12M3I17M
91	2255	0.355	4.448E-52	0	713	715	48	608	788	61M1D160M14D1M7I17M40I26M2I31M12I5M31I19M23I13M4I16M24I4M8I18M8I60M2I11M1D5M1D66M1I15M8I16M
124	2232	0.367	1.541E-51	0	713	715	40	562	713	219M3D3M1I10M11D8M42I7M18I7M15I21M72I8M1I17M4I21M48I3M2I40M1D22M1I18M2D69M1I16M1I4M2I13M
98	2228	0.334	1.913E-51	0	713	715	52	598	776	62M1D159M14D4M11I18M42I13M25I14M4I6M50I9M15I9M26I55M4I3M5D61M2I14M1D2M1D66M1I8M1I6M8I16M
120	2217	0.352	3.466E-51	0	711	715	46	620	764	60M2I159M10D34M21I6M1I43M3I11M1I5M29I10M6I2M16I12M2I23M54I12M15I35M2D46M2D47M2I34M1D21M
7	2206	0.344	6.281E-51	0	713	715	47	635	857	58M1D164M6I6M4I59M20I39M21I17M38I44M22I17M10I41M2D43M3D46M2I31M2I7M6I11M
1	2195	0.346	1.138E-50	0	689	715	44	555	787	222M6I1M2D4M14I8M41I49M42I15M8I5M17I9M30I9M25I20M1I26M1D10M2D43M1D3M1D45M1I4M1I15M1D16M
97	2189	0.338	1.574E-50	0	713	715	65	611	786	62M1D160M8I4M10D1M92I31M36I8M9I9M13I69M3I12M7I65M3I14M1D2M1D66M1I17M8I14M
10	2183	0.353	2.176E-50	0	713	715	65	609	784	62M1D159M10D1M6I6M96I29M30I30M13I50M19I16M5I3M2I63M2I14M1D2M1D66M1I15M8I16M
2	2177	0.336	3.010E-50	0	713	715	49	608	781	61M1I55M1I104M1I10M4I15M30I30M33I11M28I13M10I8M17I16M8I26M14I7M3I10M11I36M1D35M1D11M2D46M1D11M1D8M3D25M2I13M
63	2164	0.325	6.076E-50	0	713	715	46	576	778	57M1D171M23I3M30I14M11I9M72I30M12I40M10I6M18I20M1I39M2D43M2D46M2I32M10I12M1D3M
37	2158	0.317	8.402E-50	1	713	715	45	641	829	114M1I105M15D1M8I6M5I16M38I14M12I16M70I17M10D4M4D20M1D11M3I17M2I22M2I20M2I39M2D42M2D47M2I43M5I9M
0	2153	0.353	1.101E-49	0	713	715	52	576	754	62M1D160M9D17M100I19M36I4M9I9M17I14M15I53M13I62M3I13M1D2M1D66M1I11M1D4M8I16M
87	2139	0.316	2.346E-49	0	713	715	46	568	770	57M1D171M7I6M8D13M44I17M94I12M11I25M6I9M10I4M10I19M11I40M2D42M2D47M2I32M5I6M4I10M
121	2134	0.324	3.073E-49	0	713	715	34	562	619	222M6I1M13D5M98I17M7I14M22I9M5I32M9I2M9I18M32I8M8I3M1D25M1D11M2D44M2D46M1I4M1I15M1D26M7I7M
36	2110	0.324	1.124E-48	3	713	715	47	641	829	112M1I105M15D1M8I6M5I16M38I14M12I16M68I16M8D7M4D20M1D11M3I15M2I33M2I11M2I39M2D42M2D47M2I43M5I9M
20	2100	0.332	1.929E-48	0	713	715	46	566	772	228M19I9M4D1M48I17M11I18M33I15M8I8M17I9M3I6M23I13M19I12M9I40M2D43M2D46M2I32M9I16M
88	2097	0.325	2.269E-48	0	713	715	46	564	770	224M7I12M11I2M37I4M11I13M72I23M16I26M5I26M27I9M2I39M2D43M2D46M2I32M5I4M4I12M
89	2074	0.325	7.862E-48	0	713	715	46	572	777	60M1D162M1I5M16I13M48I16M71I27M13I8M2I12M20I16M4I25M6I41M2D43M2D46M2I31M9I17M
40	2061	0.325	1.587E-47	0	713	715	45	571	776	60M1D168M10I6M7D6M35I5M27I7M25I15M41I14M13I15M27I16M4I25M6I41M2D43M2D46M2I32M9I16M
125	2048	0.292	3.204E-47	0	713	715	66	652	813	254M30I20M90I3M5I18M2D12M14D34M5D54M7I64M13I73M1I21M2I13M
95	2041	0.317	4.677E-47	0	713	715	40	570	720	59M2I161M6I1M7D7M5I13M4I11M14I32M17I10M32I10M9I10M3I23M95I2M5I31M2D44M2D49M2I57M
14	2006	0.331	3.099E-46	1	713	715	125	740	886	65M25I3M4I2M2D5M1I64M1D51M9D8M3I19M14I7M14I19M17I39M2I27M4I25M13I44M2I11M1I29M8I76M1D5M1D67M1I19M2I17M
11	1923	0.302	2.748E-44	30	713	715	42	542	596	192M4D12M96I15M60I12M15I24M4I56M13I23M1D10M2D44M1D2M1D47M2I17M1D26M3I11M
12	1905	0.303	7.267E-44	0	713	715	41	599	675	221M5D10M53I6M7I20M21I8M15I7M25I26M13I42M8I34M7I32M1I6M2D45M2I48M2I30M8I17M
19	1413	0.210	2.551E-32	6	713	715	60	588	735	43M1I8M1I45M1D13M13D22M1I3M3D27M2D52M6I6M185I10M1D11M4D46M5I24M11I15M2D6M2D47M1I13M1D7M2D59M1I25M2D14M
9	1399	0.234	5.436E-32	0	713	715	46	601	639	57M1D165M9I5M14I4M48I5M68I37M1I28M70I6M5D16M5I15M1D8M8I9M1D3M2I5M11D5M35D18M14D4M13D4M12I6M2D6M1D10M3I18M3D18M5I17M
4	971	0.178	6.009E-22	9	711	715	48	586	688	52M1I37M3D6M2D17M1I19M1I21M1D6M12I6M3D33M2D8M15I11M43I7M5I15M4I20M3D4M41I25M13I14M17I11M24I23M1D4M2I6M5I28M3I11M3D2M1D8M2I11M5D8M3I2M6D29M2D8M2D3M3I18M1D16M4I15M
90	929	0.163	5.812E-21	9	713	715	47	550	697	52M1I37M3D7M2D13M1I21M1I24M12I8M1I35M3I7M9D2M180I24M1I43M8I10M2D13M1I4M12I31M1I5M2I9M3D26M5D42M4D7M3I18M1D17M3I20M
129	900	0.166	2.785E-20	28	690	715	28	489	656	4M2I11M3D16M1I37M3D7M2D13M1I21M1I24M1I4M11I4M1I35M2D4M2D6M175I8M1I25M6I9M22I45M1D14M1D24M1I8M2I4M2D6M1D8M1D10M3D11M1D33M4D12M3I15M1D17M
99	751	0.141	8.737E-17	9	611	715	59	448	450	52M1I37M3D4M1D14M1I23M1I36M10I34M193I17M2D16M6I66M10I36M3I9M3D4M1D23M2D7M
93	487	0.118	1.369E-10	16	637	715	55	802	803	33M1I12M1I38M3D3M4D15M2I4M1I13M2D29M4I6M2I9M20D29M1I22M1I19M3I34M9D33M118D12M1D72M10D7M19D28M12D67M18I11M16I5M19I25M3I24M
17	481	0.165	1.893E-10	2	545	715	44	628	985	10M9I10M1I4M1D26M1I36M3D26M9D19M1I18M12D7M1D16M10D32M19D28M4I33M6D64M3D74M11I3M6D46M8D36M10I19M
 52	6740	1.00	0.000E+00	0	912	913	0	912	913	913M
3	5919	0.878	0.000E+00	0	903	913	0	881	882	338M13I81M3D65M1I22M11I373M
44	5837	0.872	0.000E+00	0	907	913	0	885	886	338M13I81M3D65M1I22M11I377M
56	5812	0.833	0.000E+00	0	908	913	0	930	931	331M2D104M3D4M1D32M4D6M1D25M12D397M1I9M
49	5773	0.856	0.000E+00	0	907	913	0	861	862	338M13I86M21I39M1I21M11I378M
76	5761	0.823	0.000E+00	0	905	913	0	923	925	327M2D6M2D7M1I38M1I55M4D36M4D6M1D12M1D6M2D6M3D401M1D4M
51	5754	0.831	0.000E+00	0	902	913	0	925	932	327M2D6M2D9M2I90M3D37M4D6M1D12M1D6M6D5M6D403M
71	5695	0.814	0.000E+00	4	904	913	16	933	934	323M2D4M2D8M1D49M2I42M3D40M2I15M1D6M9D406M3D4M
54	5654	0.819	0.000E+00	0	907	913	0	922	923	327M2D4M2D7M2D50M2I42M3D40M2I15M1D6M9D413M
50	5649	0.815	0.000E+00	0	905	913	0	905	906	327M2D6M2D55M2I42M15I9M2I13M4D6M1D12M1D6M8D9M1D402M
13	5609	0.807	0.000E+00	0	907	913	0	893	894	323M2D10M2D8M5I67M3I28M6I22M2I26M6D20M4I3M4I377M
35	5609	0.805	0.000E+00	0	905	913	0	927	929	327M2D6M3D54M1I50M1D34M2D18M1D4M6D6M6D265M1D137M1D4M
43	5597	0.822	0.000E+00	0	905	913	0	929	931	327M2D4M2D59M1I44M4D36M4D6M1D12M1D5M4D6M6D402M1D4M
69	5586	0.799	0.000E+00	0	905	913	0	922	924	327M2D4M8I50M2I44M4D15M1D20M5D7M1D12M1D6M9D7M3D402M1D2M
45	5583	0.810	0.000E+00	0	907	913	0	926	927	327M2D4M2D8M1D49M2I42M3D25M5D15M2I15M1D6M9D413M
41	5564	0.781	0.000E+00	0	907	913	0	923	924	292M3I32M2D7M1D82M1I18M3D37M4D5M1D12M1D11M11D263M3I142M
109	5549	0.804	0.000E+00	0	901	913	0	913	915	327M2D3M2D102M3D7M1D33M5D5M1D12M1D12M5D26M3I247M1I37M4I83M
46	5539	0.803	0.000E+00	0	900	913	0	917	926	327M2D6M2D9M2I88M13I12M2D14M4D6M1D12M1D6M6D5M6D262M4I108M12D27M
57	5466	0.784	0.000E+00	0	902	913	0	924	931	303M1I24M4D16M1D81M1D10M4D38M4D4M1D14M6D10M4D30M2I370M
113	5459	0.778	0.000E+00	0	905	913	0	913	915	327M2D4M2D11M6I88M4D42M1D14M7D12M3D255M3I49M4I86M2D5M
116	5422	0.766	0.000E+00	0	904	913	0	892	893	331M4D20M8I20M4I55M4D39M1I23M2I256M3I34M1D15M4I24M1D66M
77	5394	0.776	0.000E+00	0	908	913	0	924	925	327M2D6M2D5M4D21M3I22M1I48M3D27M1D10M4D8M1D12M1D14M2D260M2I137M2D6M
58	5380	0.788	0.000E+00	0	907	913	0	888	889	327M2D4M2D8M1D49M2I32M5D13M28I9M2I15M1D6M9D259M7I147M
70	5366	0.763	0.000E+00	0	907	913	0	857	858	308M33I13D47M2I45M38I16M1D6M9D413M
48	5214	0.737	0.000E+00	0	903	913	0	898	899	303M2I22M4D18M4I34M4I28M4D58M1D16M1D32M3I235M3I47M1D95M
47	5165	0.747	0.000E+00	0	901	913	0	812	820	328M2D5M2D9M3I45M1I20M23I13M12I12M31I30M1I256M11I6M11I85M
83	5128	0.741	0.000E+00	7	903	913	32	946	947	296M2I5M1D17M2D6M2D10M5I35M1D32M4D20M4D35M4D8M1D11M1D6M7D27M1I245M3I39M2D94M
82	5095	0.729	0.000E+00	5	903	913	30	946	947	2M1D299M1D21M2D4M2D13M4I37M1D30M4D20M4D35M4D7M1D12M1D6M6D12M1D20M5I227M2D6M5I40M2D94M
78	4916	0.676	0.000E+00	0	903	913	0	939	940	303M1I42M3D39M1I29M3D37M2D18M4D8M1D13M4D37M11D231M4D20M4D31M2D94M
42	4889	0.673	0.000E+00	0	903	913	0	932	933	268M5I8M5D13M2I50M3I30M1I34M3D30M2D26M4D8M1D12M5D19M9D8M4D19M3I234M4D6M4D31M2D94M
23	4835	0.662	0.000E+00	0	903	913	0	934	935	294M1I53M3I28M1I35M3D29M2D26M4D8M2D19M4D13M9D8M2D17M1I2M1D240M8D32M2D94M
55	4831	0.715	0.000E+00	0	907	913	0	892	893	112M1I216M4D11M1D27M2I66M3D24M1D19M3I9M1D5M6D8M4D14M6D113M1I48M1I44M32I112M1I39M
66	4749	0.638	0.000E+00	0	903	913	0	922	923	82M1D212M1I51M11I22M1I28M1I6M4D29M2D26M4D12M11D29M1D247M4D21M4D31M2D94M
130	4702	0.613	0.000E+00	0	903	913	0	982	983	275M1I21M3D33M4D11M2D45M1D22M10D5M1D11M6D11M4D38M6D4M19D12M6D38M2D246M14D37M2D94M
61	4416	0.523	2.905E-102	0	904	913	0	932	933	266M5I9M4D47M4D36M1D136M8D14M1D232M1I24M7D6M8D34M1D95M
62	4406	0.529	4.974E-102	0	904	913	0	930	931	275M2I3M1D55M4D30M1D69M16D26M1D36M5I11M3I230M1I29M14D130M
30	4402	0.506	6.167E-102	0	904	913	0	971	972	275M2I3M1D51M4D32M1D60M34D11M16D36M3I56M1D216M1I24M15D29M1D106M
38	4396	0.514	8.514E-102	0	904	913	0	968	969	275M2I3M1D51M4D32M1D45M9D35M1D10M16D49M7D13M12D230M1I12M7D7M8D35M1D105M
115	4395	0.534	8.985E-102	0	903	913	0	981	982	275M1I18M3D44M6D47M1D24M10D18M3D8M5D35M5D12M1D15M24D33M2D233M6D12M10D34M3D95M
25	4388	0.515	1.309E-101	0	904	913	0	969	970	275M2I3M1D51M4D32M1I44M20D3M2D9M9D14M19D23M1I12M1I274M1I24M15D29M1D106M
33	4368	0.509	3.836E-101	0	904	913	0	969	970	275M2I3M1D51M4D32M1I40M36D36M5D36M7D269M1I12M7D7M1D10M7D21M1D109M
39	4364	0.515	4.756E-101	0	904	913	0	964	965	275M2I3M1D54M4D10M2D19M1I58M1D29M11D6M16D43M1D14M14D231M1I29M14D130M
105	4358	0.522	6.567E-101	0	904	913	0	962	963	268M2I9M1D52M4D13M2D19M1I44M8D10M2D25M8D39M9D17M18D14M1D232M1I24M8D26M1D109M
112	4354	0.513	8.142E-101	0	904	913	0	970	971	275M2I3M1D52M4D31M1D45M20D7M11D20M13D17M2D17M1D275M1I13M6D18M7D7M2D18M1D104M
111	4352	0.529	9.066E-101	0	904	913	0	937	938	275M2I3M1D52M4D31M1D51M3D13M1D6M4D65M7D247M1I23M7D6M7D25M1D105M
79	4350	0.653	1.010E-100	53	903	913	1	888	889	250M1I42M3D33M1I35M3D37M2D18M4D8M1D11M1D4M3D29M9D8M3D229M4D20M4D31M2D94M
31	4345	0.505	1.321E-100	0	904	913	0	969	970	275M2I3M1D55M4D27M16D22M16D29M11D15M6D29M1I12M1I274M1I17M8D13M7D23M1D106M
72	4342	0.528	1.552E-100	0	903	913	0	957	958	266M5I9M4D50M3D9M1D3M1D21M1I40M3D30M2D22M6D27M26D17M1D2M3D26M1I178M1I37M1I18M13D25M1I9M1D105M
131	4340	0.522	1.728E-100	0	904	913	0	895	896	266M5I9M4D47M4D36M1D40M9I13M2I30M27I13M3I9M10D236M1I24M7D7M4D13M7D22M1D93M
34	4338	0.504	1.924E-100	0	904	913	0	969	970	275M2I3M1D51M4D31M16D22M16D29M11D15M6D41M2I274M1I24M15D29M1D106M
59	4337	0.529	2.031E-100	0	905	913	0	980	982	6M1D259M10I5M9D14M3D34M5D20M1D45M1D25M2D9M15D8M27D32M8D18M2I23M14D197M1I50M1I12M1D35M1D11M1D89M
27	4333	0.519	2.518E-100	0	904	913	0	969	970	275M2I3M1D51M4D32M1I44M20D3M2D9M10D9M18D28M1I12M1I274M1I25M3D6M12D22M1D106M
6	4325	0.519	3.871E-100	0	904	913	0	969	970	275M2I3M1D51M4D32M1I44M20D3M2D9M10D9M18D28M1I12M1I274M1I24M15D28M1D107M
22	4323	0.505	4.310E-100	0	904	913	0	957	958	268M9I5M8D50M3D31M1I39M24D31M17D78M3I230M1I12M7D18M7D25M1D104M
94	4318	0.506	5.639E-100	0	904	913	0	923	924	266M10I4M9D52M3D31M1D16M1I31M2I11M2D10M16D33M6I13M2I256M1I13M14D51M4I92M
28	4317	0.517	5.951E-100	0	904	913	0	970	971	275M2I3M1D51M4D77M20D3M2D9M9D14M19D23M1I12M1I274M1I24M15D29M1D106M
67	4316	0.513	6.280E-100	0	904	913	1	963	964	265M5I10M4D52M3D30M1D57M15D17M2D38M9D24M18D17M1D230M1I12M5D16M5D28M1D103M
29	4316	0.517	6.280E-100	0	904	913	0	969	970	275M2I3M1D55M4D28M1I44M20D3M2D9M10D9M18D28M1I12M1I274M1I24M15D29M1D106M
75	4308	0.516	9.654E-100	0	904	913	0	969	970	275M2I3M1D51M4D34M1D43M8D7M11D44M20D6M1D16M5D32M1D232M1I13M5D10M3D7M7D34M1D95M
127	4299	0.526	1.566E-99	0	903	913	43	1012	1013	266M5I9M4D51M4D73M3D22M15D6M3D11M1D23M2D35M5D15M23D191M1I37M1I18M13D25M1I9M1D105M
118	4297	0.526	1.744E-99	0	903	913	0	977	978	265M5I10M4D53M5D30M1I42M7D9M3D9M8D22M4D22M8D11M3D24M19D200M1I20M2D21M1I31M11D14M7D11M1D102M
26	4296	0.506	1.840E-99	0	904	913	0	969	970	275M2I3M1D51M4D31M16D49M5D9M10D9M18D28M1I12M1I274M1I24M15D29M1D106M
119	4290	0.514	2.541E-99	0	904	913	0	967	968	275M2I3M1D51M4D13M2D19M1I15M2I28M20D2M2D9M5D13M23D29M3I280M1I29M14D24M1D106M
5	4290	0.514	2.541E-99	0	904	913	0	969	970	275M2I3M1D51M4D32M1I44M20D13M5D8M25D28M1I12M1I274M1I24M15D29M1D106M
108	4289	0.517	2.681E-99	0	904	913	0	927	928	275M2I3M1D55M3D28M1D24M1I23M1D16M4D3M10D24M3I57M1I230M1I12M14D42M2I16M1I86M
86	4284	0.509	3.508E-99	0	904	913	0	969	970	275M2I3M1D51M4D32M1I59M32D6M18D40M2I274M1I24M15D29M1D106M
53	4282	0.507	3.906E-99	0	904	913	0	963	964	267M9I7M8D49M4D33M1D43M8D21M5D30M7D17M8D27M11D12M1D230M1I22M8D7M7D36M1D94M
85	4275	0.511	5.691E-99	0	904	913	0	969	970	275M2I3M1D51M4D32M1I58M1D46M40D8M7D269M1I24M15D29M1D106M
64	4272	0.511	6.687E-99	0	904	913	0	967	968	266M5I9M4D47M4D36M1D45M10D20M8D31M11D15M14D39M1D232M1I23M8D6M7D37M1D93M
106	4267	0.514	8.749E-99	0	904	913	0	969	970	275M2I3M1D51M4D32M1I59M18D24M23D49M9D6M1D10M3I225M1I29M15D29M1D106M
107	4253	0.500	1.857E-98	0	904	913	0	968	969	268M2I10M1D52M4D31M1I55M31D16M19D73M1I5M1I230M1I29M15D130M
24	4252	0.503	1.960E-98	0	904	913	0	969	970	275M2I3M1D51M4D32M1I40M31D32M13D40M4D269M1I24M15D29M1D106M
15	4248	0.526	2.430E-98	0	903	913	36	982	983	274M1I35M1I11M2D35M2I36M1D13M1D16M10D11M4D23M3D14M5D8M2D4M1D7M12D38M7I169M1I39M1I13M9D7M6D39M1D93M1I5M
16	4222	0.535	9.831E-98	0	903	913	34	977	978	274M1I35M1I11M2D36M1I36M1D13M1D16M10D6M2D31M3D11M5D7M2D5M1D19M3D17M2D185M1I39M1I31M15D41M1I79M1I5M
102	4131	0.485	1.310E-95	0	904	913	0	963	964	268M5I9M4D86M4D49M11D40M5D27M5D11M1I12M2D12M18D224M1I13M12D24M4D20M1D103M
65	4121	0.520	2.242E-95	7	905	913	2	877	879	268M2I3M1D21M2D38M6D85M5I9M11D29M1D29M14D209M1I38M50I112M
68	4120	0.514	2.366E-95	2	903	913	7	900	901	9M10I7M2I236M5I9M4D52M4D12M2D19M1I40M3I55M2I65M7I169M1I39M1I24M13D31M1D103M
73	4107	0.518	4.759E-95	23	903	913	2	932	933	243M5I9M4D53M5D30M1I77M7D17M11D19M1D17M13D41M1D168M1I40M2I11M16D55M1D92M
60	4106	0.500	5.022E-95	5	905	913	1	992	994	10M2D16M10D7M3D227M10I5M9D17M3D26M2D22M2D48M1D25M17D13M4D37M9D16M6D10M2D16M4D8M4D4M6D14M9D169M1I54M5D5M2D41M1D13M1D87M
74	4021	0.515	4.846E-93	7	902	913	1	915	926	268M2I3M1D51M4D32M1I39M14D9M3D41M13D255M2I31M2I28M8D21M1I9M1D71M17I13M
80	3914	0.502	1.526E-90	42	903	913	1	930	931	234M1I55M3D12M2D18M22D53M2I20M1D28M3D15M8D9M8D22M5D7M7D187M1I39M1I25M13D42M1D91M
104	3910	0.477	1.892E-90	0	904	913	0	937	938	44M32I199M2I3M1D51M4D32M1I44M20D11M11D15M10D42M7D265M2D3M3I28M15D25M1D105M
32	3907	0.494	2.223E-90	42	904	913	1	928	929	233M2I3M1D51M4D31M16D49M6D5M8D18M19D23M1I12M1I270M2D3M3I23M15D28M1D107M
84	3901	0.508	3.069E-90	47	903	913	0	928	929	229M1I55M3D12M2D19M1I40M20D6M1D27M1D28M3D15M8D9M8D22M5D5M12D191M1I37M1I24M13D134M
117	3806	0.394	5.071E-88	0	912	913	0	1000	1003	5M2D261M1D13M1I20M29D20M2D20M2D19M1D49M1D17M2D45M1I25M11D22M6I7M3I86M1D126M1D13M5D38M9D21M35D79M3I13M
128	3782	0.417	1.842E-87	3	904	913	4	875	876	264M6D11M4I43M3I20M1D24M3I20M3I20M2D36M36I13M10D16M14I78M1I8M2D151M5D32M9D12M2I80M1D8M
92	3600	0.386	3.270E-83	5	903	913	1	1083	1084	275M3D28M7D45M7D66M14D35M5D11M20D13M6D23M32D21M6D97M2D126M1I8M36D29M2D6M25D13M17D14M3D88M
122	3575	0.368	1.254E-82	7	910	913	6	972	1001	261M6I52M5I20M25D77M2I78M1I17M3I7M4I79M1D117M1D22M27D9M26D25M11D17M1D73M5I10M3I11M
110	3530	0.475	1.409E-81	90	904	913	0	879	880	191M1I49M4D32M1I81M41D31M7D265M2D3M3I23M15D29M1D106M
101	3454	0.370	8.381E-80	0	897	913	15	929	936	270M7I24M3I11M2I37M3D33M4D24M3D102M2D18M4D4M5I65M2D99M11D81M6D35M1I77M
8	3452	0.375	9.332E-80	0	905	913	0	1012	1016	3M2D264M2D78M12D25M10D26M2D33M1D11M12D10M15D19M3D29M11D24M1I98M2D139M9D21M11D29M1D9M17D79M2I6M
103	3435	0.440	2.328E-79	26	903	913	0	885	886	49M4I19M7I160M7I9M1D12M2D45M9I39M2I34M8I49M27D50M5D87M2D141M3D30M5D117M
126	3377	0.351	5.261E-78	0	898	913	4	806	808	101M2I163M1D13M3I28M5I43M18I25M11I31M9I10M33I5M25I144M1I37M2I27M4I22M1D42M11D15M6D37M2I41M
81	3374	0.487	6.181E-78	39	815	913	7	822	885	236M2I3M1D51M4D32M1D41M34D26M13D49M3I263M1I24M4I2M3I24M1I12M
18	3372	0.330	6.883E-78	5	897	913	1	1242	1248	270M4D26M2D6M1I30M13D43M2D19M3D23M26D24M3D6M10D37M4D7M5D39M41D67M1I15M1D125M1I27M229D9M3D37M6D80M
91	3324	0.363	9.088E-77	1	905	913	5	787	788	104M1D170M4D6M1I13M57I8M18I18M3I17M14I25M10I4M9I54M3I2M2I63M2I8M1D8M1D82M1D8M7I29M2I11M3I54M4I3M1I33M2D17M4D32M
100	3285	0.357	7.396E-76	1	912	913	0	805	806	264M11I20M1D47M2I4M1I16M1D30M6I19M9I30M78I80M1D2M1D85M3I4M5D31M2D17M4I18M4I78M1D49M
98	3269	0.351	1.748E-75	1	905	913	9	775	776	105M1D173M1D10M67I44M4I9M19I4M9I24M9I29M17I14M2I62M2I14M1D2M1D74M1I6M1I3M5I35M2I34M5I27M4I5M1I32M2D22M4D29M
114	3217	0.381	2.862E-74	5	897	913	5	923	929	215M1D45M10I8M4D41M4I32M3D41M6D13M4D12M2D31M2I29M15D111M2D87M5I16M3D63M1I18M1I31M9D77M
97	3208	0.344	4.642E-74	1	909	913	22	785	786	105M1D160M2D54M2I4M2I16M46I13M1I7M28I16M28I23M10I13M11I61M3I14M1D2M1D84M6I35M2I12M4D15M11I23M2I11M1I36M1D16M2D23M4I9M
124	3180	0.373	2.092E-73	5	894	913	1	708	713	258M3D5M10D11M26I12M1I3M30I20M13I6M9D6M6I22M17I7M6I5M80I40M1D24M1I16M2D82M1I32M2I21M4D5M19I10M3I18M6I40M1D6M1I29M
120	3158	0.364	6.825E-73	0	909	913	2	763	764	104M2I220M2I7M3I10M7I40M15I7M29I12M5D15M15I7M35I4M5I35M2D39M1D7M1D47M2I18M1D50M4I5M2I34M35I5M1I32M1I54M
7	3141	0.352	1.702E-72	0	912	913	0	827	857	3M3D100M1D162M10I28M6I40M2I7M2I11M7I10M10I8M1I35M43I28M6I18M2I39M2D43M3D46M2I17M1D24M6I30M2I75M2D32M2D58M
10	3132	0.345	2.761E-72	0	905	913	21	783	784	106M1D160M3D14M85I6M19I6M5I14M7I33M4I22M5I47M7I62M2I14M3D1M1I82M1D8M7I29M2I33M5I31M6I32M2D21M2D30M
0	3121	0.350	4.988E-72	0	905	913	8	753	754	106M1D173M6D8M72I23M25I12M5I29M34I26M17I8M2I63M3I12M1D2M1D77M1D4M1I3M5I35M2I11M7D17M11I33M4I30M2D21M2D32M
96	3120	0.339	5.264E-72	5	905	913	38	941	948	30M5I239M3I11M2I58M1I8M12I21M4I47M1D12M40D6M2D76M1D63M4I14M2D49M1I32M1I73M1D31M9I5M1I76M1I6M
95	3119	0.356	5.555E-72	5	910	913	1	719	720	96M2I173M7I10M35I9M25I19M13I15M2I18M2I5M31I3M30I32M4I4M2I32M2D44M2D51M2I16M1D51M6I29M11I21M15I2M1I32M1I41M3I11M
1	3109	0.334	9.509E-72	0	912	913	0	778	787	267M6I33M39I9M40I31M1I15M1I8M8I12M53I12M1I1M1I26M1D13M2D40M1D3M1D49M2I16M2D14M1I33M8I79M1I32M1D4M2D5M7D10M8D2M3D37M
40	3090	0.346	2.641E-71	0	912	913	1	762	776	104M1D162M14I11M7D9M5D14M15I20M10I12M18I5M30I5M2D4M5I15M47I10M22I5M2I39M2D37M3D4M1I47M2I18M1D14M7I25M3I123M2D34M1D7M1D13M
87	3087	0.336	3.103E-71	3	912	913	5	754	770	98M1D168M8D22M5I24M18I6M3I34M29I7M22I17M84I38M2D42M2D47M2I17M1D16M7I27M3I48M5I27M1D36M2D38M1D20M
89	3081	0.345	4.284E-71	3	912	913	5	763	777	101M1D161M10I30M26I8M11I15M36I27M3I6M7I26M32I9M22I4M2I39M2D37M3D4M1I49M2I16M1D14M7I28M3I120M2D34M1D7M1D13M
20	3050	0.337	2.268E-70	3	912	913	5	766	772	264M9I6M2I6M6D10M5D16M8I21M59I5M31I13M3I14M27I8M20I8M6I39M2D36M3D5M1I47M2I17M1D11M2I6M5I23M3I120M2D42M11D15M
63	3047	0.341	2.665E-70	3	912	913	5	772	778	98M1D168M9I27M26I12M12I11M2I6M16I36M17I9M2I16M59I8M2I39M2D43M2D46M2I17M1D16M7I24M3I51M5I19M1D44M2D43M11D15M
2	3029	0.347	7.013E-70	4	904	913	9	780	781	102M1I54M1I104M5I21M36I15M37I14M14I8M12I39M18I49M5I38M1D41M3D49M1D11M1D6M4D65M4D10M6I15M10I23M9I33M3D11M5D12M3D27M
88	3018	0.343	1.267E-69	3	912	913	5	755	770	262M10I8M1I20M2D12M6I13M2I9M10I10M26I4M4I16M26I14M10I3M58I6M5I40M2D37M3D4M1I49M2I12M1D19M7I24M3I123M2D34M1D7M1D13M
37	3001	0.322	3.160E-69	2	912	913	0	816	829	13M2D144M1I105M4D14M5I12M11I18M15I13M7I10M18I8M25D10M6I5M14I25M9I3M21I46M3I40M2D40M1D2M1D49M2I16M1D22M3I25M4I18M4D34M3I11M12I38M2D36M2I18M
14	2998	0.352	3.713E-69	3	898	913	83	883	886	106M25I4M4I2M1D70M1D65M2I93M2I19M10I45M1D32M6I17M7I17M11I75M1D5M1D83M1D4M1I38M2I38M31I82M
125	2945	0.318	6.413E-68	5	893	913	27	805	813	262M2D26M2I45M15D70M3I26M63I12M28I61M13I130M2I22M16I108M
36	2920	0.319	2.459E-67	2	911	913	0	821	829	12M2D145M1I105M4D14M5I12M11I18M15I13M7I10M18I9M25D9M6I5M14I25M9I4M16I9M1I38M7I38M2D40M1D2M1D49M2I16M1D22M3I25M4I19M4D19M10I25M5I35M4D4M2I33M2I9M6D8M
21	2734	0.359	5.412E-63	3	762	913	2	701	745	211M1D76M10I26M7I4M12I56M5I16M5I55M1D27M17I7M2I81M2D72M1I10M4D2M5I27M4I22M
123	2699	0.430	3.552E-62	44	722	913	0	713	715	221M4I57M2I33M7D25M8D10M2D25M4D24M17D243M1D21M2D14M
12	2608	0.337	4.733E-60	4	810	913	1	674	675	263M3I34M3I17M5I15M7I12M13I18M36I36M13I5M11I13M13I8M6I2M2I28M1I6M2D35M1D7M1I4M2I45M2I17M1D13M5I5M1I33M6I9M7I45M
121	2601	0.320	6.895E-60	11	779	913	1	618	619	255M6D38M16I24M95I5M13D12M2D5M40I14M21I3M1D25M1D11M2D44M2D50M2I16M2D14M2I11M3I20M4I17M3D22M
9	2367	0.305	2.004E-54	3	912	913	5	624	639	98M1D168M9I12M3I12M26I12M52I11M118I5M5D5M2I4M22I5M43I5M9I43M2I17M1D14M3I4M4I25M3I48M5I24M1D39M2D38M1D20M
11	2202	0.321	1.426E-50	0	768	913	0	580	596	42M32I206M5D11M8I31M7I7M36I17M35I27M66I9M5I25M1D10M2D41M1D5M1D49M2I16M2D14M2I11M3I20M4I28M
19	1891	0.224	2.601E-43	2	903	913	9	734	735	29M1D18M2D44M1I9M1I44M1D11M5D6M8D18M1I3M3D27M2D8M3I8M3D32M5D25M27I4M6I6M4I16M51I22M51I15M1I12M35I13M2D6M2D46M1I14M1D5M2D82M4D37M1I15M1I10M8I37M6I8M19I17M1D8M1I29M
90	1384	0.168	1.787E-31	0	897	913	0	693	697	31M1I16M5I53M1I36M3D7M2D13M1I21M1I21M1D6M13I4M1I35M16D11M6D8M20I8M2I14M75I11M44I38M43I38M3I3M2D10M1D22M5D38M1I3M5D7M3I18M2D16M8I8M3I14M4I9M14I28M6I30M1I4M1I10M1D12M1D10M1D15M1D19M
4	1295	0.171	2.139E-29	2	898	913	0	687	688	8M1D39M4I53M1I36M3D6M2D14M1I22M1I20M1D3M3D9M12I38M9I7M18I12M5I33M6I7M3D20M4I19M23I21M5I5M7I4M50I13M10I3M3D28M3I11M3D2M1D8M2I7M2D1M6D4M3I3M2I4M5D31M4D8M3I16M2D14M9I6M3I16M2I13M66I7M1I9M1D2M6I13M3D25M3D11M1D10M
129	1239	0.170	4.341E-28	10	891	913	0	646	656	21M1I11M35I3M2D4M1D21M1I36M3D7M2D13M1I18M1I27M16I5M3D35M27D22M68I10M5I3M39I28M13I8M63I15M5I28M1I8M2I4M2D6M1D8M1D10M3D11M1D35M4D9M3I16M2D16M8I6M3I17M4I9M1I18M8I24M1I17M2I2M1I7M9I3M1D16M1D6M1D13M1D15M
99	961	0.176	1.343E-21	5	622	913	17	449	450	26M1I16M5I53M1I36M3D4M1D14M1I23M1I24M1I4M11I5M2D35M7D13M44I12M15I57M33I10M48I3M33I6M4I2M5I27M3I9M3D4M1D17M4D12M
17	850	0.168	5.244E-19	9	828	913	3	900	985	21M2I26M3I14M1I4M1D25M1I39M2D3M1D21M9D19M1I18M12D7M3D5M1I11M9D30M2I8M9D17M30D31M47D27M1D16M2I18M4D61M4D15M1D15M8D7M13D29M9D26M5I10M2I13M6I12M15I3M3I12M1D11M3D3M14D18M57I5M5I18M3I20M2I25M3D10M5D36M
93	581	0.146	1.000E-12	11	532	913	13	636	803	34M7I41M1I12M1I38M3D3M4D15M2I4M1I13M2D26M1I3M3I6M2I6M20D31M2I8M2D19M3I52M3I26M1I15M99D97M2D34M3I9M
 