105	6950	1.00	0.000E+00	0	962	963	0	962	963	963M
75	6089	0.880	0.000E+00	0	962	963	0	969	970	433M1D88M1I298M1D5M6D138M
38	6084	0.886	0.000E+00	0	962	963	0	968	969	416M2I15M1D385M1D9M6D136M
26	6020	0.861	0.000E+00	0	962	963	0	969	970	349M2I81M1D80M1D305M1D8M6D138M
34	6008	0.862	0.000E+00	0	962	963	0	969	970	349M2I82M1D79M1D308M1D5M6D138M
86	6007	0.862	0.000E+00	0	962	963	0	969	970	349M2I82M1D79M1D309M1D4M6D138M
25	6004	0.860	0.000E+00	0	962	963	0	969	970	349M2I82M1D79M1D305M1D8M6D138M
29	6002	0.861	0.000E+00	0	962	963	0	969	970	349M2I82M1D79M1D305M1D8M6D138M
5	5999	0.862	0.000E+00	0	962	963	0	969	970	349M2I82M1D79M1D305M1D8M6D138M
53	5997	0.866	0.000E+00	0	962	963	0	963	964	433M1D115M7I263M1D9M6D136M
64	5984	0.865	0.000E+00	0	962	963	0	967	968	418M1I14M1D69M1I15M1I299M1D9M6D136M
61	5977	0.835	0.000E+00	0	962	963	0	932	933	418M1I14M1D52M37I296M1D9M6D136M
39	5972	0.875	0.000E+00	0	962	963	0	964	965	433M1D87M4I295M1D10M5D36M1I97M
24	5969	0.859	0.000E+00	0	962	963	0	969	970	349M2I82M1D79M1D308M1D5M6D138M
33	5959	0.856	0.000E+00	0	962	963	0	969	970	349M2I82M1D79M1D306M1D7M6D138M
6	5955	0.855	0.000E+00	0	962	963	0	969	970	349M2I82M1D79M1D305M1D8M6D138M
106	5940	0.866	0.000E+00	0	962	963	0	969	970	349M2I82M1D79M1D308M1D5M6D138M
85	5934	0.861	0.000E+00	0	962	963	0	969	970	349M2I82M1D79M1D308M1D5M6D138M
30	5926	0.864	0.000E+00	0	962	963	0	971	972	433M1D152M1D235M1D5M6D138M
27	5924	0.860	0.000E+00	0	962	963	0	969	970	349M2I82M1D79M1D307M1D6M6D138M
31	5920	0.859	0.000E+00	0	962	963	0	969	970	349M2I82M1D79M1D305M1D8M6D138M
28	5918	0.860	0.000E+00	0	962	963	0	970	971	349M2I18M1D64M1D79M1D305M1D8M6D138M
119	5899	0.866	0.000E+00	0	962	963	0	967	968	393M2I38M1D386M1D9M6D9M1I125M
112	5878	0.842	0.000E+00	0	962	963	0	970	971	432M1D393M6D15M1D123M
62	5835	0.845	0.000E+00	0	962	963	0	930	931	414M15I3M18I70M4I295M1D10M5D36M1I97M
107	5831	0.840	0.000E+00	0	962	963	0	968	969	349M2I82M1D79M1D308M1D5M6D20M1I117M
111	5804	0.834	0.000E+00	0	962	963	0	937	938	419M32I61M1D313M6D138M
131	5690	0.802	0.000E+00	0	962	963	0	895	896	418M1I14M1D51M54I3M23I256M1D7M6D17M3D119M
22	5666	0.803	0.000E+00	0	962	963	0	957	958	334M1I17M2I66M7I6M1D30M2I362M6D136M
104	5530	0.826	0.000E+00	0	962	963	0	937	938	44M32I273M2I82M1D79M1D308M1D5M6D138M
108	5489	0.774	0.000E+00	0	962	963	0	927	928	334M1I53M1I24M34I97M1D18M2I261M6D45M4I89M
94	5469	0.769	0.000E+00	0	962	963	0	923	924	334M1I53M1I28M33I38M3I68M2I264M6D43M5I90M
32	5404	0.852	0.000E+00	42	962	963	1	928	929	307M2I82M1D79M1D305M1D8M6D138M
67	5394	0.735	0.000E+00	5	962	963	6	963	964	329M1I98M1D24M2I361M1D9M2D17M1I116M
102	5210	0.682	0.000E+00	0	962	963	0	963	964	334M1I98M1D24M2I20M6I27M1D308M1D6M6D6M1D131M
72	5090	0.673	0.000E+00	0	961	963	0	957	958	333M1I75M1I23M1D13M7I47M1D11M1D20M1D25M1I20M1I179M1I74M3D4M2D9M1I116M
118	5089	0.674	0.000E+00	0	961	963	0	977	978	338M1I69M1I22M1D16M4D50M1D14M1D20M1D46M1I180M1I13M2D47M1D14M6D9M3D120M
110	5055	0.843	0.000E+00	90	962	963	0	879	880	259M2I82M1D79M1D308M1D5M6D138M
127	4957	0.654	0.000E+00	0	961	963	43	1012	1013	334M1I74M1I23M1D13M4D49M1D16M1D22M2D23M1I22M1I177M1I64M1I8M6D32M1I98M
81	4786	0.814	0.000E+00	39	874	963	7	875	885	377M2I15M1D44M1I339M3D10M6D21M26D27M
115	4755	0.581	0.000E+00	0	962	963	0	981	982	305M3D59M1D30M1D45M1I25M3I17M1D16M1D7M4D23M1D47M1D217M1D25M7D5M1D43M2D90M1I4M
16	4695	0.577	0.000E+00	0	960	963	34	977	978	304M1I20M1I15M3I50M1D24M3I42M2I36M1D14M1D19M7I22M5I6M2I178M1I67M7D30M2I107M
80	4651	0.652	0.000E+00	42	961	963	1	930	931	291M1I75M1I23M1D11M4D56M1D11M1D20M1D23M1D25M1I178M1I73M5D130M
68	4650	0.608	0.000E+00	2	961	963	7	900	901	9M10I7M2I381M17I28M38I12M5I20M1D25M2D23M1I178M1I58M1I14M4D5M2D125M
73	4649	0.622	0.000E+00	23	961	963	2	932	933	315M1I71M1I20M1D14M5I44M4I13M1D22M1D14M6I205M1I31M1I33M8D138M
130	4637	0.567	0.000E+00	0	961	963	0	982	983	295M3D73M1D28M1D35M1D10M2D41M3I32M6D14M1D46M1D218M1D28M6D27M1D112M
15	4625	0.567	0.000E+00	0	960	963	36	982	983	303M1I21M1I19M4I49M1D17M3I83M1D14M1D10M7I31M5I16M2I168M1I66M7D140M
84	4585	0.644	0.000E+00	47	961	963	0	928	929	291M1I72M1I21M1D14M4D56M1D8M1D20M1D23M1D12M5D11M1I180M1I73M3D39M1D91M
59	4572	0.553	0.000E+00	0	962	963	0	981	982	7M1D287M3D74M1D29M1D37M1D8M2D43M1D31M5D9M2D24M6D23M1D183M1I39M1D16M2I8M5I132M2D5M
74	4560	0.603	0.000E+00	7	950	963	1	924	926	258M2D7M2I63M2I70M1I37M4D38M5I11M7I9M6I46M1I188M2I30M1I27M1D19M1I12M1I86M2D14M
113	4448	0.531	1.472E-102	0	962	963	0	914	915	277M1D63M8I19M1D46M8I18M6I38M1I19M9I1M2D8M4I35M5I230M1D18M3I3M8I33M5I93M4D5M
109	4442	0.522	2.030E-102	0	960	963	0	914	915	281M1D65M2I20M1D45M8I11M6I75M3I5M2I22M2I19M12I217M1D25M9I31M5I96M
54	4401	0.528	1.822E-101	0	962	963	0	919	923	281M1D87M1D23M2I19M8I18M2I16M5I19M3I25M8I34M9I236M1D24M8I30M1I105M
43	4398	0.528	2.139E-101	0	962	963	0	927	931	265M11D4M10I67M2I20M1D16M1I28M15I24M1D52M4I13M4I8M3I26M1I232M1D24M8I30M1I105M
52	4392	0.518	2.949E-101	0	962	963	0	904	913	265M13D4M12I50M4I12M2I19M1D44M8I7M2I28M8I18M7I15M2I23M18I14M1I232M1D24M8I30M1I105M
45	4392	0.523	2.949E-101	0	962	963	0	926	927	266M5D11M4I71M1I15M1D23M2I19M8I18M2I16M5I23M2I25M4I35M9I236M1D24M8I37M2I12M1D80M2D2M1D3M
3	4390	0.520	3.283E-101	0	961	963	0	881	882	268M8D4M7I53M19I16M1D45M8I18M2I14M5I24M7I16M3I4M14I3M4I16M14I20M2D211M1D24M8I30M1I104M
42	4387	0.534	3.855E-101	0	961	963	0	932	933	279M1D17M3I11M1D36M9I12M1D28M1I11M3I6M4I34M6I5M1D10M1I36M1I52M1I9M3I7M3I207M1D65M1D102M
51	4375	0.540	7.327E-101	0	958	963	0	923	932	281M1D59M4I24M1D44M8I11M2I23M5I50M4I6M4I10M1I27M1I231M1D24M8I30M1I101M
56	4372	0.517	8.603E-101	0	962	963	0	927	931	265M13D4M12I41M2I23M2I18M1D45M8I19M6I38M3I19M7I16M1D37M2I226M1D26M8I38M1I97M
57	4371	0.536	9.076E-101	0	958	963	0	922	931	278M1D23M1I40M1I25M1D44M8I40M5I46M4I35M1I20M10I214M1D24M8I33M2I16M1D81M
116	4370	0.514	9.575E-101	0	962	963	0	892	893	265M11D4M10I53M7I7M1I11M1I26M4I19M3I4M5I19M6I38M7I15M19I36M5I230M1D13M2D12M13I41M4I15M1D70M
35	4348	0.526	3.109E-100	0	962	963	0	927	929	266M12D2M11I48M1D19M2I20M1D16M1I22M15I36M2I43M3I7M4I3M4I37M2I232M1D28M7I27M1I101M2D4M
44	4344	0.528	3.851E-100	0	962	963	0	882	886	268M2D9M1I53M4I5M15I12M1D45M8I12M7I44M2I8M22I15M4I22M14I14M2D211M1D24M8I30M1I105M
76	4340	0.532	4.770E-100	0	962	963	0	922	925	266M5D11M4I69M3I15M1D23M1I20M8I19M6I66M4I18M1I19M12I230M1D17M1I7M7I37M1I94M1D4M
69	4338	0.528	5.309E-100	0	962	963	0	920	924	277M1D62M1I4M11I13M1D26M2I26M10I22M3I39M1I14M2I45M6I231M1D14M6D9M14I25M1I105M
77	4332	0.520	7.320E-100	0	962	963	0	922	925	277M1D114M1I20M8I13M7I49M2I21M1I28M14I9M2I227M1D20M2D9M12I23M1I101M4D4M
48	4327	0.522	9.566E-100	0	961	963	0	898	899	265M11D5M10I13M2I38M1I6M3I4M2I14M1D29M4I30M6I24M4I5M4I39M8I12M13I34M8I212M1D14M3I1M8I141M
50	4322	0.521	1.250E-99	0	962	963	0	904	906	265M11D4M10I67M2I20M1D15M2I27M8I12M7I16M11I3M6I31M7I37M9I236M1D24M8I30M1I105M
78	4322	0.526	1.250E-99	0	961	963	0	939	940	280M1D21M1I44M3I19M1D23M1I32M7I33M1I7M5I24M20I17M2D32M3D20M7D205M1D84M1D83M
71	4314	0.527	1.918E-99	4	958	963	16	926	934	262M5D11M4I71M1I15M1D23M2I19M8I18M2I16M5I19M3I25M8I34M9I236M1D24M8I30M1I101M
49	4313	0.511	2.024E-99	0	962	963	0	860	862	265M13D4M12I51M19I16M1D41M35I10M8I14M6I21M14I14M4I16M14I17M2D214M1D24M8I30M1I100M2D5M
23	4310	0.513	2.376E-99	0	961	963	0	934	935	279M1D22M1I58M8I24M1I23M12I45M1I101M5I6M2I208M1D64M1D102M
60	4307	0.508	2.790E-99	5	962	963	1	991	994	5M2D21M10D7M3D256M3D39M2I31M1D24M1D23M6I13M4D22M5D31M1D76M1D21M2D4M8D169M1I39M1D168M
41	4304	0.524	3.276E-99	0	962	963	0	923	924	265M11D4M10I20M3I31M1I9M2I22M1D40M15I44M1I44M4I27M1I32M6I214M1D14M1I7M9I8M1I22M1I100M3D5M
83	4277	0.512	1.390E-98	0	957	963	24	942	947	7M1D258M11D5M10I21M1I30M7I29M1D25M1D19M8I10M2I82M4I8M2I7M5I32M5I218M1D24M11I35M1D93M
46	4267	0.515	2.374E-98	0	958	963	0	917	926	265M11D4M10I61M4I24M1D44M8I37M18I31M7I8M4I10M1I27M1I231M1D27M12I23M1I74M12D27M
66	4261	0.505	3.273E-98	0	961	963	0	922	923	82M1D198M1D21M1I31M6I19M10I24M1I31M12I39M1I25M3I33M1I28M1I10M3I5M4I206M1D65M1D102M
13	4256	0.514	4.277E-98	0	962	963	0	890	894	265M13D2M12I43M3D14M1D8M11I12M1D40M17I34M10I13M1I6M2I19M8I8M15I14M1I18M5I217M1D24M8I42M1I93M
47	4209	0.497	5.293E-97	0	958	963	0	811	820	265M13D4M12I64M5I14M1D20M1I27M11I25M63I4M26I12M3I12M10I217M1D18M8I24M20I9M3I82M
82	4203	0.514	7.298E-97	5	957	963	30	942	947	2M1D258M11D5M10I30M1D33M6I19M1D25M1D22M8I7M2I79M4I27M16I237M1D14M3I7M8I17M1D114M
70	4167	0.494	5.012E-96	0	962	963	0	857	858	265M11D4M10I22M1I5M14D5M39I17M1D23M2I14M35I11M8I9M11I21M11I37M9I236M1D24M8I30M1I102M3D3M
58	4145	0.505	1.627E-95	0	962	963	0	886	889	265M11D4M10I73M1I15M1D23M2I14M35I11M8I9M5D31M14I35M9I236M1D10M1I13M14I24M1I100M1D5M
65	4138	0.519	2.367E-95	7	962	963	2	876	879	296M2D63M1D48M6I5M11I18M9D9M1I38M17I61M1D175M1I36M11I15M17I9M30I89M
55	3983	0.492	9.489E-92	0	962	963	0	889	893	112M1I168M1D61M1I21M1D7M2I40M10I13M5I39M4D16M15I24M2I143M1I48M1I39M21I7M4I18M14I20M1I72M1I36M
79	3908	0.504	5.256E-90	52	961	963	0	888	889	228M1D21M1I43M3I15M1D28M1I21M8I12M1D16M1I22M5I56M3I50M4I205M1D65M1D102M
103	3798	0.490	1.895E-87	26	961	963	0	885	886	49M4I8M5I8M2I169M5I15M1D23M1D18M2I6M7I13M5I26M2I85M13D8M2I15M18I2M1I10M4I15M10I103M2D128M1D12M3D15M6I41M2D94M
92	3684	0.363	8.466E-85	5	961	963	1	1083	1084	260M7D38M19D81M1D64M3D9M2D21M1D47M4D46M5D13M8D85M2D136M53D16M2D40M10D16M9D85M
117	3665	0.380	2.341E-84	0	962	963	0	1002	1003	5M2D265M9D3M8I11M1I13M2I15M5D10M2I34M10I21M1I4M1I37M1D22M3I18M5I19M1D7M4I34M9D108M1D132M2D13M10D5M13D12M6D26M3D10M8D94M7D8M
128	3663	0.378	2.605E-84	3	960	963	1	875	876	2M3D264M6I3M9D22M8I22M1D15M6I6M30I29M7I19M26I5M8I4M2I15M12I45M9D15M8I80M2D7M1I125M1D12M2D70M1D76M3D8M
122	3526	0.349	3.986E-81	7	962	963	6	967	1001	261M2D35M6I3M5I7M37I11M4I16M23D24M4I33M10I41M1D72M2I8M4I79M1D117M1D9M1D32M2D26M8D5M11D9M35D73M1I11M6I5M
101	3511	0.364	8.896E-81	5	955	963	20	929	936	267M6I19M9I5M3I15M4I37M5I32M1I27M1I19M4I53M4I38M2I7M17I10M4D3M1D58M2D103M11D41M1D12M2I10M1I57M1I78M
8	3449	0.351	2.457E-79	5	962	963	7	1013	1016	265M14D47M7D49M9D5M3I32M3I58M1D32M3I75M1I8M4I80M2D122M1D15M19D41M4D29M6D86M
18	3435	0.324	5.198E-79	5	960	963	1	1247	1248	261M4D7M1D32M2I36M6D46M2D20M9D30M7D20M3D16M3D33M4D24M1D24M21D24M1D4M2D69M1I12M1D141M4D12M88D3M37D7M31D24M10D7M6D6M26D5M27D90M
126	3282	0.341	1.873E-75	0	956	963	4	806	808	102M2I165M9D2M10I19M7I26M8I28M9I6M8I12M26I9M11I15M4I10M62I13M24I12M7D129M1I37M2I31M3I69M2D15M7D36M1I2M1I40M
100	3247	0.343	1.219E-74	0	962	963	0	797	806	2M1I269M10I13M17I21M15I6M5I4M2I5M6I24M9I16M16I11M1I9M5I5M17I12M19I18M11I4M11I13M11I77M1D5M1D85M3I3M5D30M3D21M15I24M3I17M2D7M1I49M1D35M
91	3232	0.334	2.721E-74	5	962	963	9	786	788	99M1D161M18D3M86I9M30I18M12I35M2I14M47I33M2I31M2I64M2I10M4D5M2I79M3I3M3I36M1I12M5I4M9I51M3I34M2D17M4D31M
114	3198	0.344	1.679E-73	0	955	963	0	923	929	220M1D49M5I18M2I43M6I24M8I22M5I12M3I35M3D27M1I59M2I13M3I92M2D87M5I11M3D43M1D12M6D13M11I48M3D77M
98	3152	0.318	1.970E-72	1	962	963	9	774	776	105M1D160M73I14D6M6I12M22I22M10I43M1I5M24I15M11I20M43I73M2I11M1D5M1D75M1I5M1I3M5I34M1I14M5I6M4I30M2I16M5I1M3I32M2D22M4D28M
7	3100	0.323	3.186E-71	5	962	963	8	821	857	98M1D184M61I10M3I6M25I12M15I16M8I13M6I13M1D5M10I16M1I6M7I5M2I60M2I39M2D43M3D46M2I18M1D11M2I10M4I34M1I23M5I13M2I71M2D38M2D12M
97	3091	0.325	5.157E-71	5	962	963	26	784	786	101M1D159M16D3M48I6M32I9M22I22M28I14M1I7M28I21M16I26M1I23M14I2M2I61M3I11M1D5M1D84M6I34M1I14M2D8M4I4M3I9M3I7M11I58M1D16M2D31M
89	3084	0.306	7.501E-71	0	962	963	0	756	777	5M2D99M1D163M1I2M15I11M30I31M80I7M4I10M38I23M6I13M10I9M11I16M4I40M2D37M3D4M1I47M2I18M1D10M2I6M5I35M2I29M7I7M2I75M2D40M3D6M
10	3083	0.321	7.913E-71	5	962	963	26	782	784	101M1D159M15D3M48I4M33I10M22I22M28I13M38I30M1I27M5I16M17I6M2I62M2I11M4D5M2I82M6I34M1I17M9I27M8I7M3I47M2D21M2D29M
96	3074	0.320	1.281E-70	5	962	963	38	941	948	30M5I225M23D46M3I51M11I4M3I45M37D5M4I26M3I11M3I7M25I4M3I26M4I7M4I5M25I62M4I9M4D5M2I48M1I32M1I36M2I5M3D19M5I7M12I40M1I82M
0	3073	0.328	1.352E-70	0	962	963	8	752	754	106M1D159M20D3M85I10M22I22M28I13M38I16M13I8M26I34M7I62M3I10M1D5M1D77M1D4M1I3M5I34M1I13M4D9M15I20M1I22M2I1M3I30M2D21M2D31M
124	3072	0.340	1.426E-70	5	951	963	1	707	713	258M3D2M8D3M12D13M18I24M42I6M4D5M105I30M67I9M2I39M1D24M1I17M2D84M1I30M1I24M15I4M4I10M13I21M1I39M1D6M1I28M
87	3030	0.317	1.350E-69	5	962	963	7	749	770	96M1D166M1I10M7D14M2I46M97I23M9I10M67I9M34I39M2D42M2D47M2I20M1D8M2I5M5I27M2I21M5I5M15I43M7D36M2D43M5D1M1I5M
88	3027	0.308	1.585E-69	5	962	963	7	749	770	268M10I6M41I7M17I12M19I27M8I5M9I13M22I14M41I4M19I13M18I9M2I39M2D37M3D4M1I47M2I20M1D8M2I7M5I31M1I5M1I8M1D11M8I49M2I40M2D39M4D7M
95	3023	0.329	1.964E-69	5	962	963	1	715	720	98M2I162M9D1M15I9M36I8M48I4M41I6M3I3M7I10M27I17M26I34M2I9M7I4M4D6M2I32M2D45M2D48M2I18M1D51M5I14M27I37M6I1M3I35M1I34M1I11M
40	3017	0.316	2.708E-69	0	962	963	0	757	776	5M1D99M1D164M60I9M32I3M2D10M30I2M3D9M9I12M4I10M5I10M14I12M25I22M3I5M19I12M3I40M2D37M3D4M1I47M2I18M1D10M2I7M5I34M2I27M8I11M1I73M2D39M5D7M
120	3005	0.328	5.147E-69	5	962	963	7	758	764	97M2I164M5D17M7I54M2I9M66I10M3I20M55I3M10I12M12I6M2D18M6I6M2D3M4I34M1D3M1D35M1D7M1D47M2I18M1D53M4I4M1I13M41I23M1I1M3I35M1I46M
20	2997	0.310	7.897E-69	0	962	963	0	752	772	5M2D274M7D13M2I35M116I7M11I11M1I5M69I8M4I12M5I7M3I40M2D37M3D4M1I47M2I20M1D22M7I24M1I5M1I14M1D5M8I49M2I37M2D42M5D7M
63	2996	0.322	8.332E-69	5	952	963	7	743	778	96M1D165M106I14M16I12M13I18M1I27M11I22M15I20M11I7M20I8M2I39M2D42M2D47M2I20M1D8M2I5M5I25M2I71M13I42M4D3M2I36M
1	2966	0.309	4.151E-68	0	962	963	0	786	787	269M1D11M6I18M25I11M13I7M35I9M21I16M10I15M26I7M22I15M42I9M1I26M1D13M2D38M1D5M1D47M2I18M2D14M11I32M3D25M8I15M1I37M1I32M1D4M2D5M7D10M8D2M3D22M16D7M
2	2959	0.321	6.037E-68	2	962	963	7	780	781	100M1I58M1I105M1I14M1D21M50I17M14I9M44I15M1I7M1I4M55I16M4I6M8I71M1D33M1D14M2D45M1D11M1D6M4D62M5D22M30I17M1I14M3I30M3D11M5D12M3D27M
125	2919	0.309	5.136E-67	2	951	963	24	805	813	265M1D4M2D27M17I18M64I20M17D1M16I19M14I11M3I21M19I33M3I17M6I5M7I61M13I127M1I10M1D13M5I4M1D12M7I5M12I13M3I74M
37	2918	0.311	5.419E-67	4	962	963	2	810	829	11M2D144M1I105M17D1M17I13M52I8M26I20M5I20M21D18M23I37M11I14M11I11M3I3M18I11M2I39M2D42M2D47M2I18M1D13M1I15M2I22M3I15M14I7M1I38M5I42M2D48M
14	2886	0.314	3.004E-66	5	956	963	85	883	886	104M25I5M3I72M1D51M10D4M11I23M11I23M1I21M22I70M8I20M13I62M29I4M2I81M2D128M1I11M13I4M5I10M17I9M6I4M1D79M
36	2878	0.312	4.610E-66	3	961	963	1	807	829	11M2D145M1I105M16D16M15I15M3I14M3I22M17D3M17I3M38I4M8I31M8I14M37I14M11I11M14I11M5I2M4I40M2D42M2D47M2I18M1D13M1I15M2I22M2I6M1I12M8I6M7I36M5I39M4D3M2I34M2I9M
21	2775	0.345	1.143E-63	5	832	963	4	721	745	209M1D51M7D9M6I11M31I18M1I30M18I18M3I15M9I39M7I27M6I9M2I14M29I20M2I76M4D5M2I70M1I10M4D2M5I37M3I10M5I7M4D11M
123	2742	0.439	6.686E-63	44	772	963	0	713	715	226M2I21M4I22M3I49M4I14M1D58M1D28M7D31M10I10M4I206M1D18M2D19M
12	2493	0.323	4.105E-57	5	867	963	2	674	675	260M5D7M2I29M16I39M34I9M37I17M39I7M22I18M13I6M2I25M2I27M1I7M2D35M1D7M1I3M2I46M2I17M1D13M2I36M9I10M6I5M9I41M
121	2468	0.313	1.565E-56	11	833	963	1	618	619	258M14D3M7I19M6I7M11I11M16I15M5I7M58I14M22I13M88I13M2I3M1D25M1D11M2D43M2D49M2I18M2D14M2I9M3I22M3I31M2I11M
9	2310	0.269	7.367E-53	5	956	963	7	609	639	96M1D165M106I21M45I13M79I20M36I13D7M10I3M66I45M2I20M1D13M4I2M3I25M2I23M20I26M2D20M5D36M2D44M
11	2135	0.306	8.615E-49	5	827	963	5	589	596	37M32I193M11D5M5I15M63I3M66I10M15I14M27I11M18I28M8I16M7I7M4I25M1D10M2D41M1D5M1D49M2I17M2D13M2I8M3I23M3I17M2D10M3I8M
19	1750	0.213	7.671E-40	5	950	963	12	723	735	27M1D17M2D44M1I9M1I44M1D11M5D4M8D20M1I3M3D27M2D51M16D4M59I10M15I6M31I17M33I16M42I3M4I15M8I8M1I5M39I6M4I12M2D6M2D47M1I4M1D16M2D78M3D3M1D38M4I13M1I3M12I18M7I34M19I17M1D8M1I18M
90	1308	0.159	1.444E-29	0	955	963	0	693	697	4M1I2M1D25M1I14M5I50M1I43M5D17M1I21M1I24M16I5M3D39M28D10M27I19M27I10M48I7M19I6M2I11M55I17M62I38M3I9M3D26M5D39M2D4M2D6M3I20M2D17M14I25M3I20M10I14M4I15M13I3M1D8M1I4M1I10M1D12M1D10M1D15M1D19M
4	1269	0.167	1.164E-28	5	956	963	4	686	688	43M4I50M1I40M3D6M2D15M1I21M1I21M1D6M14I3M5D35M5D18M25I15M2I14M11I10M10I3M19I15M21I10M7I14M52I1M6I26M33I7M3I12M3D25M3I14M3D2M1D8M2I12M3D12M5D29M2D8M2D2M3I16M2D16M1I7M7I6M4I11M19I13M58I10M4D12M7I7M1D22M3D21M
129	1140	0.168	1.161E-25	10	949	963	0	646	656	2M1D2M1I16M1I11M35I3M2D4M1D17M1I43M3D4M2D13M1I18M1I27M16I6M3D33M2D18M20I3M18D3M53I4M70I12M2I11M26I7M33I13M22I12M6I7M4I37M3I7M2D6M1D8M1D7M3D14M1D33M1D2M3D9M3I16M2D16M8I3M6I16M3I29M14I38M1I6M1I1M3I7M9I3M1D16M1D6M1D13M1D15M
99	945	0.256	3.960E-21	5	346	963	17	363	450	7M1D2M1I16M1I13M5I52M1I41M3D3M1D14M1I23M1I40M10I33M16D43M4D35M
17	812	0.165	4.890E-18	9	888	963	3	899	985	21M2I26M3I14M1I4M1D26M1I36M2D5M1D14M2I7M11D17M1I18M12D7M5D8M8D7M2I31M17D46M6D7M4D101M11D35M1D27M2I33M2D40M4D27M17D16M5D19M6I7M10I4M5I4M3I15M1I6M3D23M56I15M1D55M2I13M3D49M
93	664	0.145	1.348E-14	11	699	963	13	802	803	34M7I41M1I11M1I39M3D3M4D16M2I3M1I13M2D29M4I6M2I6M20D32M3D9M6D39M1D65M97D24M2I84M3I28M10D18M4D3M5D26M1I17M3D5M4I17M17I6M17I15M8D9M1I9M2I17M
 24	7017	1.00	0.000E+00	0	969	970	0	969	970	970M
29	6556	0.946	0.000E+00	0	969	970	0	969	970	970M
26	6534	0.949	0.000E+00	0	969	970	0	969	970	970M
86	6529	0.949	0.000E+00	0	969	970	0	969	970	970M
5	6520	0.949	0.000E+00	0	969	970	0	969	970	970M
106	6503	0.948	0.000E+00	0	969	970	0	969	970	970M
85	6482	0.947	0.000E+00	0	969	970	0	969	970	970M
33	6474	0.965	0.000E+00	0	969	970	0	969	970	970M
27	6470	0.944	0.000E+00	0	969	970	0	969	970	970M
25	6460	0.943	0.000E+00	0	969	970	0	969	970	970M
34	6452	0.949	0.000E+00	0	969	970	0	969	970	970M
31	6448	0.943	0.000E+00	0	969	970	0	969	970	970M
6	6420	0.944	0.000E+00	0	969	970	0	969	970	970M
28	6420	0.944	0.000E+00	0	969	970	0	970	971	367M1D603M
38	6179	0.881	0.000E+00	0	969	970	0	968	969	349M2D62M2I98M1I458M
30	6167	0.886	0.000E+00	0	969	970	0	971	972	349M2D162M1I69M1D389M
64	6160	0.879	0.000E+00	0	969	970	0	967	968	349M2D67M1I84M1I9M1I6M1I451M
75	6121	0.862	0.000E+00	0	969	970	0	969	970	349M2D162M1I9M1I448M
107	6103	0.856	0.000E+00	0	969	970	0	968	969	853M1I116M
53	6098	0.863	0.000E+00	0	969	970	0	963	964	352M2D159M1I36M7I415M
112	6043	0.865	0.000E+00	0	969	970	0	970	971	352M2D146M1I317M1I35M1D118M
39	6033	0.876	0.000E+00	0	969	970	0	964	965	349M2D162M1I8M4I314M1I35M1I95M
104	6021	0.945	0.000E+00	0	969	970	0	937	938	43M32I895M
119	6018	0.865	0.000E+00	0	969	970	0	967	968	349M2D42M2I118M1I332M1I125M
105	5990	0.859	0.000E+00	0	969	970	0	962	963	349M2D81M1I80M1I308M1I5M6I138M
61	5966	0.851	0.000E+00	0	969	970	0	932	933	349M2D63M1I74M38I445M
111	5966	0.846	0.000E+00	0	969	970	0	937	938	349M2D68M33I370M1I149M
32	5920	0.940	0.000E+00	42	969	970	1	928	929	928M
62	5912	0.846	0.000E+00	0	969	970	0	930	931	349M2D63M15I7M19I58M1I8M4I314M1I35M1I95M
22	5884	0.818	0.000E+00	0	969	970	0	957	958	334M1I82M7I40M2I45M1I308M1I149M
131	5758	0.818	0.000E+00	0	969	970	0	895	896	349M2D63M1I73M78I285M3D121M
108	5641	0.782	0.000E+00	0	969	970	0	927	928	334M1I14M2D37M1I24M35I63M1I35M1D17M2I256M1I55M4I90M
67	5579	0.756	0.000E+00	5	969	970	6	963	964	329M1I13M2D108M2I53M1I311M5I8M1D14M1I119M
110	5534	0.939	0.000E+00	90	969	970	0	879	880	880M
94	5517	0.773	0.000E+00	0	969	970	0	923	924	334M1I14M2D37M1I24M34I42M3I21M1I47M2I259M1I54M5I90M
102	5294	0.695	0.000E+00	0	969	970	0	963	964	334M1I13M2D108M2I18M6I356M1D132M
72	5191	0.674	0.000E+00	0	968	970	0	957	958	333M1I16M2D57M1I38M7I41M1D37M1D30M1I17M1I178M1I57M1I19M1I16M1I115M
118	5173	0.687	0.000E+00	0	968	970	0	977	978	338M1I11M2D56M1I39M4D50M1D35M1D46M1I180M1I13M2D44M1D25M1I13M3D114M
127	5073	0.658	0.000E+00	0	967	970	43	1012	1013	337M1I12M2D57M1I37M4D49M1D39M2D28M1I17M1I178M1I57M1I21M1I14M1I110M1D4M
16	4826	0.598	0.000E+00	5	967	970	39	977	978	299M1I21M1D9M3I54M1D14M3I34M1I26M2I26M1D33M10I19M2I12M2I177M1I124M2I88M
115	4797	0.589	0.000E+00	0	968	970	0	981	982	305M3D43M2D14M1D33M1D37M2I30M3I19M1D17M3D5M1D23M1D47M1D217M1D34M1D46M2D94M
15	4789	0.586	0.000E+00	0	967	970	38	982	983	3M2I298M1I21M1I35M2I33M1D10M3I34M1I54M1D36M10I16M2I19M2I170M1I214M
73	4780	0.629	0.000E+00	23	967	970	2	932	933	311M1I13M2D60M1I37M5I42M4I57M5I199M1I34M1I34M1D136M1D4M
81	4775	0.804	0.000E+00	39	881	970	7	875	885	310M2D62M2I63M1I34M1I304M2D39M26D27M
68	4727	0.623	0.000E+00	21	968	970	16	900	901	7M2I320M2D59M34I20M3I4M12I6M13I30M1D26M2D22M1I178M1I57M1I26M1I125M
80	4721	0.654	0.000E+00	42	968	970	1	930	931	291M1I16M2D57M1I37M4D49M1D37M1D26M1D22M1I178M1I61M1I14M1I133M
130	4719	0.569	0.000E+00	0	968	970	0	982	983	295M3D52M2D19M1D28M1D46M2D40M3I34M5D14M1D46M1D218M1D19M1I52M1D102M
74	4668	0.613	0.000E+00	0	957	970	0	924	926	4M6I400M1I11M1I23M4D42M20I35M1D26M1I188M2I31M1I24M6I22M1I11M1I87M2D14M
84	4642	0.642	0.000E+00	47	967	970	0	928	929	286M1I16M2D57M1I38M4D56M1D21M1D42M6D14M1I178M1I67M1I9M1I33M1I93M1D4M
59	4577	0.560	1.312E-103	0	963	970	0	973	982	7M1D287M3D54M2D18M1D29M1D36M2D54M1D18M4D22M2D24M6D23M1D182M6D6M7I28M1D16M2I10M12I9M1I33M1D86M
45	4431	0.518	2.810E-100	0	969	970	0	926	927	266M5D11M4I73M1D12M1D23M2I14M5I5M6I41M1I8M8I14M3I53M3I6M6I231M1D20M15I33M1I100M3D6M
56	4424	0.519	4.060E-100	0	969	970	0	930	931	266M5D11M4I41M2I41M1D41M11I52M4I38M5I43M7I226M1D25M15I31M1I102M3D4M
43	4423	0.522	4.279E-100	0	969	970	0	927	931	266M5D11M4I85M1D16M1I27M11I52M4I2M3I22M2I18M9I6M1I20M2D235M1D24M15I29M1I106M
54	4421	0.520	4.753E-100	0	969	970	0	922	923	281M1D68M2D17M1D23M2I14M5I5M6I41M1I7M13I10M3I53M3I6M6I231M1D20M15I33M1I100M3D6M
3	4396	0.507	1.768E-99	0	968	970	0	881	882	268M8D4M7I53M17I16M1D40M31I34M10I26M13I40M5I19M2D212M1D20M15I33M1I105M
113	4389	0.525	2.554E-99	0	963	970	0	904	915	274M2D3M1I62M4I3M2I16M1D41M7I43M4I10M13I41M9I262M1D19M4I3M14I28M1I15M4I81M
78	4387	0.520	2.837E-99	0	968	970	0	939	940	280M1D21M1I45M1I18M1D23M1I20M8I35M12I5M12I77M1I10M3D10M2D10M5D205M1D23M7I61M1D83M
41	4383	0.517	3.500E-99	0	968	970	0	923	924	266M5D11M4I18M3I36M1I26M1D41M12I40M1I10M4I38M5I60M7I212M1D14M1I7M16I7M1I22M1I100M4D5M
44	4371	0.519	6.576E-99	0	969	970	0	882	886	268M2D9M1I54M17I16M1D45M8I12M8I27M25I14M5I12M2I30M11I19M2D212M1D20M15I33M1I106M
116	4358	0.531	1.302E-98	0	963	970	0	886	893	266M5D11M4I51M7I44M4I18M5I4M3I13M7I45M3I9M4I10M4I9M13I9M8I241M1D22M4I3M14I44M4I17M1D64M
51	4350	0.532	1.982E-98	0	963	970	0	921	932	281M1D62M2I21M1D39M5I5M6I37M1I12M9I78M6I228M1D20M8I10M7I26M1I100M
49	4342	0.511	3.018E-98	0	969	970	0	858	862	266M5D9M4I53M17I16M1D41M31I19M3I6M16I19M28I31M5I17M2D214M1D17M3I2M12I34M1I106M
50	4336	0.518	4.137E-98	0	969	970	0	904	906	266M5D11M4I85M1D15M2I22M5I4M3I13M8I16M11I5M12I22M2I43M3I6M6I231M1D16M7I6M8I31M1I106M
76	4335	0.524	4.360E-98	0	969	970	0	924	925	266M5D11M4I45M1I39M1D23M1I15M5I16M6I41M4I2M3I22M2I30M1I16M12I230M1D31M15I22M1I100M3D6M
42	4334	0.512	4.595E-98	0	968	970	0	932	933	279M1D21M2I41M6I44M1I14M8I33M1D22M7I2M3I27M11I25M1D41M4D205M1D24M8I7M1D51M1D87M
109	4327	0.513	6.638E-98	0	967	970	0	914	915	281M1D85M1D40M8I15M3I41M8I43M9I17M7I238M1D14M2D11M18I29M5I96M
77	4327	0.512	6.638E-98	0	969	970	0	919	925	277M1D77M2D35M1I77M18I19M2I35M14I9M2I224M1D21M6I13M11I22M1I100M1D6M
60	4326	0.521	6.996E-98	11	969	970	9	991	994	20M8D6M5D257M3D70M1D24M1D22M6I14M3D23M5D108M1D20M2D5M8D169M1I31M1D24M2I25M6I34M1D92M
35	4325	0.506	7.374E-98	0	967	970	0	928	929	266M12D3M11I47M1D39M1D16M1I22M17I19M1D22M2D10M4I21M8I21M6I262M1D25M14I29M1I100M5D4M
69	4323	0.518	8.191E-98	0	969	970	0	920	924	277M1D56M10I23M1D22M2I30M1I45M16I12M1I63M6I228M1D21M2D4M17I29M1I106M
52	4305	0.495	2.109E-97	0	969	970	0	912	913	266M5D9M4I54M4I29M1D40M31I32M13I46M4I263M1D24M15I29M1I100M8D6M
23	4302	0.518	2.469E-97	0	963	970	0	929	935	279M1D22M1I30M6I52M1I14M7I59M7I2M3I27M11I16M1D44M3D8M2D207M1D11M2D10M9I53M1D85M
46	4299	0.517	2.891E-97	0	963	970	0	915	926	266M5D11M4I62M2I21M1D39M5I4M3I13M8I19M1I8M16I22M2I52M6I228M1D15M1D14M20I22M1I75M12D25M
71	4296	0.522	3.384E-97	4	963	970	16	924	934	262M5D11M4I73M1D12M1D23M2I14M5I5M6I41M1I6M4I7M3I24M9I8M9I262M1D20M8I7M7I26M1I100M
57	4282	0.529	7.063E-97	0	963	970	0	920	931	278M1D23M1I44M1D20M1D54M1I21M8I12M1I10M4I2M3I22M2I18M9I45M2I215M1D24M15I29M1I100M
13	4263	0.505	1.917E-96	0	969	970	0	893	894	266M5D11M4I41M3D14M1D10M9I10M1D41M19I29M31I50M5I14M1I22M5I213M1D24M15I29M1I98M3D8M
48	4263	0.514	1.917E-96	0	968	970	0	898	899	265M5D12M4I12M2I32M1D11M5I18M1D29M4I12M7I57M8I29M9I5M6I20M2I9M5I12M8I212M1D28M18I128M
66	4240	0.497	6.418E-96	0	968	970	0	922	923	82M1D198M1D21M1I31M6I12M8I31M1I31M13I19M3I9M16I39M2D35M1I30M4D208M1D39M7I38M1D90M
83	4234	0.515	8.797E-96	7	963	970	32	941	947	258M5D12M4I20M1I21M3D13M7I4M1I18M1D25M1D15M8I10M3I52M3I22M2I15M10I23M2I236M1D31M18I37M1D86M
82	4230	0.519	1.085E-95	5	963	970	30	941	947	2M1D258M5D12M4I29M1D22M4I30M1D25M1D21M7I22M4I35M3I21M2I48M16I225M1D15M12I13M6I37M1D86M
70	4197	0.500	6.147E-95	0	969	970	0	857	858	266M5D11M4I20M1I3M17D7M36I3M4I11M1D23M2I14M21I3M10I17M3I6M22I18M11I8M9I259M1D23M8I7M7I26M1I100M3D6M
65	4160	0.523	4.296E-94	7	969	970	2	876	879	296M2D47M2D11M1D51M6I14M30I23M1D14M4D54M3D27M1D175M1I36M65I113M
58	4153	0.510	6.205E-94	0	969	970	0	888	889	266M5D11M4I73M1D12M1D23M2I15M45I8M1D15M3I5M2D25M9I33M3I6M6I231M1D10M1I13M21I23M1I100M3D6M
47	4102	0.494	9.049E-93	0	963	970	0	809	820	273M5D4M4I65M3I13M1D20M1I23M7I8M1D6M6I22M8I8M94I16M1I213M1D18M2D8M17I17M23I86M
55	4019	0.496	7.090E-91	0	969	970	0	892	893	112M1I168M1D62M1D19M1D7M2I41M8I10M8I27M1I7M1D9M1D2M3I11M10I18M3I23M1D127M1I49M1I38M20I7M4I2M1I20M21I20M1I69M1I32M3D4M
79	3902	0.500	3.316E-88	52	968	970	0	888	889	228M1D21M1I45M1I17M1D24M1I20M8I31M1D20M7I4M3I102M5I202M2D4M1I19M3I20M4I36M1D90M
103	3787	0.491	1.396E-85	26	968	970	0	885	886	49M4I8M5I7M2I170M5I15M1D23M1D26M12I37M2I36M1I55M11D25M20I25M11I2M3I97M2D122M1D64M7I12M1I97M
117	3769	0.383	3.595E-85	0	969	970	0	995	1003	5M2D265M9D3M8I11M1I13M2I15M5D44M10I28M3I34M5D29M12I63M3I5M8D109M1D129M2D16M22D36M4D24M7D102M
92	3728	0.370	3.100E-84	5	967	970	1	1083	1084	264M2D9M2D89M6I65M2D11M1D27M3D6M4D16M1D19M2D19M2D20M4D12M8D12M25D88M2D137M33D48M1D15M24D16M9D80M1D4M
128	3685	0.375	2.969E-83	2	966	970	0	875	876	3M3D262M6I6M9D21M8I25M49I14M25I10M7I25M19I38M1D47M10D101M1D120M1D19M2D32M7I38M1D78M4D5M
122	3596	0.344	3.189E-81	7	969	970	6	971	1001	261M2D35M6I3M5I18M21I13M20D7M16I22M3I12M1I39M10I24M1D8M1I74M6I75M1D119M2D21M21D24M17D22M8D25M3D69M1I8M2I12M
8	3466	0.364	2.953E-78	0	969	970	0	1015	1016	5M2D262M14D50M7D23M2D26M2D3M3I26M5D65M4I8M5I34M1D5M1D42M1I24M2I82M2D127M1D10M12D55M10D97M2D11M
18	3447	0.313	8.014E-78	5	965	970	1	1247	1248	264M5D69M6D32M3I41M14D23M7D57M2D30M2D33M26D27M3D70M1I11M1D142M28D10M65D20M123D40M6D81M2D7M
101	3415	0.358	4.306E-77	5	961	970	20	928	936	260M6I20M3I23M1I42M15I30M5I9M10I41M10I14M13I79M9D8M3D57M2D104M11D40M1D22M11I21M3I34M3D76M
126	3314	0.355	8.688E-75	6	964	970	10	807	808	98M2I164M9D1M10I19M7I26M8I5M12I3M21I26M11I48M6I7M21I6M74I5M8D133M1I31M1D4M3I28M4I4M1D26M2D100M1I2M1I41M
100	3212	0.340	1.847E-72	0	968	970	0	799	806	3M1I268M10I13M17I15M45I44M22I9M10I3M1I6M46I15M1I12M2I10M2I17M1I13M2D79M1D5M1D85M3I3M5D30M3D24M26I16M1D21M2D7M1I43M1D26M3D14M
91	3209	0.337	2.163E-72	5	969	970	9	786	788	97M1D163M14D7M10I6M22I14M67I13M24I30M27I23M25I54M2I64M2I10M4D5M2I79M3I3M3I36M1I12M17I25M1I6M2I18M2I4M1I3M1I33M2D17M4D31M
114	3183	0.350	8.479E-72	5	961	970	5	922	929	215M1D45M5I22M2I39M11I23M8I39M1I36M11D22M4I24M3I37M9I99M2D87M5I11M3D43M1D12M6D51M3I12M12I77M
7	3122	0.328	2.091E-70	5	969	970	8	822	857	100M1D172M40I20M22I5M13I12M27I14M9I29M9I25M3D13M6I7M5I14M5I6M4I25M2I39M2D43M3D46M2I18M1D21M6I34M1I17M11I20M6I6M1I18M2D10M2D32M2D38M3D12M
98	3111	0.320	3.727E-70	5	969	970	13	774	776	99M1D162M9D10M2I8M15I25M24I16M18I15M46I14M1I5M24I15M28I5M31I21M4D64M2I10M1D5M1D74M1I9M6I34M1I14M5I12M1I19M16I20M3I2M1I32M2D22M4D28M
124	3108	0.337	4.364E-70	5	963	970	1	712	713	258M3D2M8D3M12D11M36I17M117I14M7I35M68I14M2I40M1D23M1I17M2D82M1I32M1I26M30I16M3I15M7I41M1D6M1I33M
97	3072	0.332	2.893E-69	1	969	970	22	784	786	103M1D162M9D12M1I7M27I5M34I15M25I16M24I28M25I27M33I8M15I17M1D2M2I63M3I10M1D5M1D84M6I34M1I14M2D7M11I11M9I4M1I3M2I20M5I41M1D16M2D31M
89	3071	0.324	3.049E-69	5	969	970	7	760	777	99M1D172M41I16M8I23M17I7M27I10M16I17M2I9M63I11M19I5M2I11M2I5M2I39M2D39M4D3M2I47M2I16M1D13M3I3M4I26M2I24M15I17M3I41M2D36M2D37M6D4M1D5M
120	3067	0.323	3.763E-69	5	969	970	7	758	764	98M2I163M5D17M7I60M66I12M4I21M1I8M4I14M64I28M15I35M2D39M1D7M1D47M2I18M1D50M4I7M1I12M20I17M24I6M7I2M1I35M1I46M
40	3035	0.314	2.022E-68	0	969	970	1	759	776	103M1D165M69I9M22I2M2D13M3D7M7I26M16I19M2I10M19I21M26I5M41I5M2I39M2D39M4D3M2I45M2I18M1D13M3I3M4I24M2I23M15I20M3I41M2D36M2D38M7D8M
87	3034	0.328	2.131E-68	5	969	970	7	750	770	100M1D162M1I10M7D14M2I25M155I14M2I10M19I7M11I16M9I9M9I7M2I39M2D42M2D47M2I18M1D10M2I7M5I25M2I21M4I5M11I16M2D12M5I15M3I5M1D35M2D42M5D8M
63	3033	0.320	2.246E-68	5	969	970	7	768	778	100M1D162M1I22M5I7M70I4M7I27M18I7M54I10M22I34M7I10M9I6M2I39M2D39M4D2M2I46M2I17M1D11M2I7M5I23M2I23M4I4M9I31M5I15M2I40M4D3M2I38M15D8M
96	3029	0.324	2.771E-68	5	967	970	38	942	948	30M5I225M14D13M5I35M2D36M40I11M2I30M7I29M31D5M7I20M3I34M11I9M1I27M1D62M4I9M4D5M2I48M1I32M1I38M1D22M6I34M9I15M10I74M3D6M
10	3020	0.314	4.447E-68	5	969	970	26	782	784	99M1D161M10D15M74I7M22I22M45I14M18I21M14I36M14I20M2I63M2I11M4D5M2I82M6I34M1I17M10I4M5I16M1I6M6I23M5I32M2D21M2D29M
20	3010	0.316	7.521E-68	5	969	970	7	754	772	274M7D13M2I35M31I9M59I2M16I19M74I14M27I7M2I39M2D39M4D3M2I45M2I18M1D24M7I17M1I12M1I14M15I16M3I34M2D40M2D41M7D8M
0	2999	0.326	1.341E-67	0	969	970	8	752	754	104M1D162M10D3M6D8M36I5M34I15M25I14M44I7M29I15M14I8M26I10M5I23M2I63M3I10M1D5M1D77M1D7M6I34M1I15M1D6M12I22M10I25M3I30M2D21M2D31M
88	2994	0.317	1.743E-67	5	969	970	7	752	770	270M10I4M66I3M16I6M43I19M1I10M30I8M2I11M1I11M16I12M19I24M2I39M2D39M4D3M2I47M2I12M1D14M2I7M5I24M1I12M1I14M15I16M3I41M2D36M2D38M7D8M
37	2985	0.301	2.797E-67	4	969	970	2	810	829	11M2D144M1I107M14D9M18I15M13I8M86I7M12I21M13I9M19D47M12I20M7I23M2I39M2D37M1D5M1D49M2I16M1D13M1I15M2I19M3I19M3D12M15I16M4I3M11I52M2D48M
95	2975	0.327	4.731E-67	5	969	970	1	718	720	99M2I161M5D21M93I5M41I5M4I4M7I10M27I17M17I5M7I11M6I7M8I24M6D4M2I32M2D44M2D51M2I16M1D51M5I16M34I35M6I1M3I35M1I38M2D8M
2	2955	0.305	1.353E-66	4	966	970	9	780	781	102M1I54M1I170M112I20M28I5M1I13M18I42M18I36M1D43M3D49M1D11M1D6M4D62M5D15M27I14M11I22M3I32M3D11M5D12M3D16M3D8M
36	2955	0.302	1.353E-66	2	969	970	0	810	829	12M2D145M1I107M14D9M18I15M13I8M86I7M12I25M11I5M11D2M6D47M12I33M7I10M2I39M2D37M1D5M1D49M2I16M1D13M1I15M2I22M2I6M1I8M8D7M30I2M3I4M1I8M1I56M4D3M2I46M
1	2951	0.315	1.670E-66	0	969	970	0	778	787	269M1D11M6I7M35I17M33I11M91I8M8I7M13I33M14I24M1I26M1D13M2D38M1D5M1D49M2I16M2D15M1I8M7I44M14I59M3I32M1D4M2D9M7D7M11D22M8D8M
125	2907	0.308	1.686E-65	3	965	970	25	812	813	264M1D4M2D21M11I33M20I11M11D7M10I25M16I39M27I6M34I34M25I63M13I127M1I10M1D14M5D3M16I9M19I19M3I79M
14	2866	0.333	1.453E-64	5	965	970	85	885	886	105M25I4M3I72M1D53M5D8M6I23M4I24M8I25M17I20M4I15M27I22M11I60M9I9M1I19M3I5M2I76M1D5M1D128M1I11M25I14M22I95M
123	2745	0.428	8.387E-62	44	772	970	0	713	715	228M2D8M8I79M6I18M1I25M3D58M7D19M12I46M3I181M1D17M2D20M
21	2723	0.349	2.665E-61	5	811	970	4	701	745	209M1D51M7D10M6I10M31I18M1I16M2D10M8I9M1I20M12I6M10I28M22I61M23I20M2I76M1D5M1D72M1I10M5D1M6I37M3I12M
121	2515	0.311	1.487E-56	11	831	970	1	618	619	258M13D6M6I9M91I8M38I4M10I38M4D6M53I5M23I3M5D22M1I22M1D11M2D43M2D51M2I16M2D14M2I9M3I22M5I3M2D37M
12	2508	0.330	2.148E-56	5	853	970	2	674	675	260M7D13M4I28M9I9M15I14M57I14M5I22M30I15M29I19M18I21M2I27M1I7M2D35M1D7M1I3M2I45M2I18M1D13M2I36M9I47M1I9M
9	2323	0.275	3.579E-52	5	969	970	7	621	639	100M1D160M4D12M140I23M1I12M14I5M8D10M75I4M111I45M2I18M1D13M4I4M3I25M2I21M15I28M4I5M3I24M2D32M2D41M6D9M
11	2163	0.309	1.603E-48	5	815	970	5	580	596	37M32I201M6D16M9I5M15I17M60I2M25I22M44I20M43I6M8I18M4I25M1D10M2D41M1D5M1D49M2I16M2D14M2I8M3I23M3I17M2D9M
19	1768	0.204	1.656E-39	5	968	970	12	734	735	28M1D16M2D44M1I11M1I42M1D11M5D4M8D20M1I3M3D27M2D51M12D17M40I8M59I16M34I6M44I9M34I10M9I6M5I17M3I5M4I12M2D6M2D47M1I4M1D16M2D76M3D5M1D36M5I18M19I17M14I7M1I22M11I23M1D8M1I29M
90	1332	0.157	1.474E-29	0	961	970	0	692	697	4M1I2M1D26M1I13M5I53M1I40M5D17M1I21M1I29M12I3M1I34M29D9M28I28M25I11M15I2M99I23M30I5M32I6M12I38M3I7M2D6M1I5M5I16M12D33M1I3M5D7M3I19M2D18M14I25M3I17M26I9M5I12M3I14M1D8M1I4M1I10M1D12M1D11M1D14M1D18M
4	1265	0.167	4.983E-28	7	964	970	5	687	688	3M1D38M4I53M1I38M3D5M2D17M1I19M1I22M4D10M12I49M27I28M8I10M6I13M64I8M4I9M25I16M32I33M15I47M3I14M3D2M1D8M2I11M5D9M5D7M2D12M4I11M2D6M2D3M3I18M2D14M1I7M7I6M4I11M16I8M3D1M68I6M3I7M3I2M2I14M3D25M3D22M
129	1198	0.162	1.684E-26	10	960	970	0	650	656	2M1D2M1I18M1I9M35I3M2D4M1D20M1I40M3D4M2D13M1I18M1I33M13I36M9D14M83I13M98I26M30I9M2I20M2I14M3I11M7I26M3I12M2D6M1D8M1D7M3D14M1D32M1I2M5D9M3I16M2D19M14I16M2I11M1I17M4I36M18I8M3I2M1I7M4I3M2I3M2I14M1D6M1D13M1D19M
99	991	0.262	8.917E-22	5	349	970	17	361	450	7M1D2M1I18M1I11M5I55M1I38M3D3M1D14M1I23M1I40M10I32M16D53M1I28M
17	789	0.157	3.630E-17	9	893	970	3	921	985	22M2I25M3I14M1I4M1D26M1I38M2D3M1D18M2I3M11D17M1I16M12D10M8D3M7D7M4I30M20D2M3I44M6D7M9D22M15D31M7I47M4D21M8D33M1I14M8D38M10D29M2D28M4I10M2I14M4I10M17I5M3I13M10D3M6I3M8D19M55I6M3I45M7D67M3D9M1D10M
93	627	0.161	1.806E-13	11	606	970	13	763	803	34M7I41M1I12M1I38M3D3M4D15M2I4M1I13M2D29M4I6M2I6M20D31M2I2M5D6M6D19M5D35M2D12M5D22M104D25M2D37M2D20M16D20M3D44M1D81M4I10M1I6M
 90	5444	1.00	0.000E+00	0	696	697	0	696	697	697M
129	3181	0.650	3.329E-76	10	696	697	0	655	656	32M27I197M7D19M2I37M1D8M1D19M13I5M2D207M1D17M1I103M
4	1840	0.263	1.002E-43	0	696	697	0	687	688	7M1I24M1D10M1D171M5D42M25I12M5D17M6D14M13D13M9D10M5D19M16D2M1I2M3D42M1D10M2I9M2I5M3D14M2D77M1I24M9I8M3D2M46I10M1D6M2D5M2D16M1I14M3D10M2I12M
99	1803	0.417	7.886E-43	2	448	697	15	445	450	3M1I134M1I76M3D37M10I5M5I35M1I15M4D33M1I53M1D27M5I5M
91	1572	0.212	3.101E-37	0	691	697	3	776	788	7M1D25M1D13M5D54M2D40M5I15M1D23M1D27M13D42M4I10M11I15M3D13M19D8M5D14M9D19M6D1M14D15M8D38M3D3M2I10M1D6M4I14M1I6M2I33M1D3M5I10M3D17M2I16M8D26M12D4M2D54M1I16M1I18M1D6M1I9M3D12M1I10M
1	1557	0.202	7.159E-37	0	691	697	0	761	787	32M1D11M5D56M1D40M5I17M1D21M1D24M1D4M11D4M1D37M1I3M26I48M11D12M11D23M17D24M1D11M5D9M3I27M3D2M6I34M1D3M5I8M1D35M6D25M3D7M19D55M2I4M1D10M1I17M2D11M6D6M10D23M
0	1527	0.203	3.814E-36	2	690	697	9	742	754	5M1D26M1D12M5D54M2D40M5I21M1D17M1D24M2D3M11D42M4I15M9I5M8D19M10D58M8D33M1D7M1I2M1D10M1I7M3I13M1I6M2I33M1D3M5I10M3D17M2I9M1D7M2D12M6D14M20D16M6I36M1I16M1I18M1D9M1I7M1D21M
124	1526	0.217	4.033E-36	7	691	697	3	705	713	26M1D16M5D50M1D40M5I17M1D21M1D24M1D4M11D4M1D31M3D16M6I34M3I18M12D36M1I35M2D20M1D8M4I19M2I33M1D3M5I10M3D13M2I18M1I3M11D20M4I11M3D5M6D15M5I25M1I3M1D10M1I23M2I12M1I8M4I7M
10	1512	0.208	8.805E-36	7	690	697	28	772	784	26M1D12M5D54M2D40M5I17M1D21M1D24M16D6M3I36M18I15M18D40M12D8M5D31M16D31M1D7M1I2M1D10M1D5M3D7M1I6M9D6M16I8M1D9M3I5M1D3M5I10M3D17M2I17M2D11M6D14M2D3M10D49M1I11M1I10M1I18M1D7M1I10M2D13M1I6M
95	1508	0.199	1.101E-35	7	696	697	3	709	720	26M1D12M5D53M1I40M5I15M1D23M1D24M1D4M11D4M1D34M9I8M14I46M2I39M32D6M4D27M5D9M3I26M5I9M2D29M1D3M5I9M1D18M1I20M7D7M1D23M2D14M7I37M1D10M1I11M2I10M1I16M4I18M
98	1507	0.194	1.164E-35	2	690	697	9	764	776	5M1D25M1D13M5D54M2D40M5I15M1D23M1D29M13D40M18I15M2D48M1D34M51D33M3D9M3I11M3I20M6D2M6I10M1D9M3I5M1D3M5I10M3D17M2I8M1I7M8D26M12D60M2I3M1D10M1I18M1D5M1I14M3D18M
63	1507	0.188	1.164E-35	0	692	697	1	746	778	7M1D25M1D12M5D51M2D44M5I17M1D21M1D22M1I5M13D6M1D39M25I11M17D21M12D49M13D33M2D5M3D7M2I6M1I25M3I41M4I9M1D16M1I12M2I6M6D9M1D16M10D8M1D53M6D4M1D10M1I18M1D5M1I34M
87	1497	0.188	2.032E-35	7	692	697	9	738	770	25M1D12M5D51M2D44M5I17M1D21M1D24M16D5M3I39M7D7M20I8M10D17M12D89M2D5M3D7M2I6M1D8M2I13M5I7M2D35M4I9M1D16M1I12M2I5M6D22M1D4M3D4M2D24M8D34M4D3M1D10M1I18M1D5M1I34M
70	1493	0.182	2.540E-35	0	696	697	0	850	858	4M1D2M1I26M1D14M5D52M1D39M5I19M1D20M1D29M12D3M1D36M5I9M27D20M6D18M4D12M21D3M26D48M24D3M9D28M1D3M2D3M2I10M1I22M5I38M1D3M5I7M3D18M2I19M14D16M1D12M21D49M1I8M1D4M1D10M1I12M1I11M1I14M1I22M
120	1489	0.188	3.175E-35	0	696	697	0	751	764	7M2D25M1D13M5D53M1I40M3I3M2I12M1D23M1D24M1D4M11D4M1D37M3I8M19I28M34D5M8D31M2D5M25D15M9D34M5D9M3I28M3D2M6I33M1D3M5I9M1D18M1I14M9D5M2D25M1D6M16I37M2I3M1D10M1I11M2I10M1I16M4I18M
126	1473	0.176	7.750E-35	0	692	697	4	803	808	32M1D10M5D55M1I41M5I17M1D21M1D24M1D4M11D4M1D35M3I9M17I11M5D23M12D33M25D18M37D36M3D7M2I5M1D6M5D3M8I8M4I40M5I2M1D8M2D17M2I15M2D3M7D22M19D25M1D26M5D8M10D6M4D3M1D10M1I11M3I9M1I13M1I4M1I15M
2	1472	0.197	8.194E-35	7	695	697	12	772	781	26M1D10M5D96M5I38M1D21M1I6M13D4M1D41M23I12M22D29M4D11M19D31M13D38M4D3M2I10M1I19M12I7M10D27M1D2M5I10M4D8M1D6M2D20M3D4M8D21M1D12M2I5M1D24M6D18M2I5M1D10M1I12M2D10M1D6M3D16M1I16M
7	1470	0.173	9.161E-35	7	694	697	10	814	857	25M1D10M5D57M2D40M3I4M2I14M1D20M1D28M12D4M1D41M26I7D11M47D9M1D8M35D27M3D25M6D38M5D3M2I10M1D10M3I18M1I38M4I8M1D21M1I16M5D22M18D29M1D39M7D10M1I18M1D4M1I37M
20	1469	0.176	9.687E-35	0	690	697	1	738	772	7M1D25M1D12M3D3M2D52M1D43M5I14M1D21M1D29M13D43M11D3M23I8M10D10M1D30M1D33M8D38M5D7M2I6M1D10M3I10M8I8M6D31M4I8M1D15M1I16M1D20M3D8M22D35M2D27M2I4M1D10M1I18M1D5M1I32M
100	1468	0.184	1.024E-34	0	695	697	0	792	806	6M1I5M1I2M1D17M1D13M5D54M1D40M5I17M1D21M1D24M16D6M3I35M2D5M26I1M24D10M24D43M16D26M17D33M2D5M1D3M2I10M1I22M5I7M2D31M1D3M5I7M3D19M2I13M2D5M11D27M16D20M1I23M5D6M2D2M1I4M2I4M1D10M1I16M1I20M1I23M
97	1466	0.191	1.145E-34	1	681	697	22	766	786	31M1D10M5D57M2D40M5I17M1D21M1D29M13D40M4I11M13I5M11D37M3D12M3D28M36D38M3D7M2I6M1I8M4I18M2I33M1D3M5I10M3D17M2I17M5D11M3D27M5D6M3D7M3D49M1I23M1I11M2D12M
40	1458	0.180	1.789E-34	0	690	697	0	743	776	7M1D25M1D16M5D49M2D42M5I18M1D20M1D24M1D4M11D4M1D35M6D11M20I10M8D48M10D23M9D38M5D7M2I6M1I24M3I42M4I8M1D19M1I10M2I6M6D22M19D12M3D23M2D27M2I4M1D10M1I12M2I3M3D6M1I32M
128	1458	0.193	1.789E-34	7	691	697	8	865	876	25M1D11M5D56M1D40M5I17M1D21M1D24M1D4M11D4M1D36M1I11M13I18M3D10M21D9M20D22M29D8M12D20M25D4M22D33M3D7M2I6M1I23M6I5M2D31M1D3M5I10M3D16M2I18M11D21M2D6M24D40M9D12M1D7M1D4M1D10M1I14M1I8M1I13M1I19M
89	1457	0.183	1.891E-34	0	690	697	0	744	777	7M2D25M1D16M5D51M2D40M5I17M1D21M1D24M1D4M11D4M1D42M25I10M19D36M12D6M2D28M5D38M5D7M2I6M1D10M3I13M2I42M4I8M1D15M1I16M2D20M2D8M18D14M4D18M2D28M1I17M1I12M2I3M3D10M1I28M
88	1436	0.182	6.101E-34	7	690	697	9	736	770	25M1D10M5D57M1D40M5I17M1D21M1D29M13D45M29I8M27D43M1I24M9D38M5D7M2I6M1D10M3I17M2I38M4I8M1D15M1I14M2I6M6D21M1D4M22D75M1I14M1D9M1I32M
47	1431	0.189	8.063E-34	0	690	697	0	805	820	31M1D12M5D56M1D39M5I18M1D21M1D21M1I6M13D4M1D35M12I11M8I4M69D17M6D42M17D5M1I12M24D33M2D5M1D3M2I10M1I22M5I41M2I2M2I6M3D19M2I18M14D21M1D7M3D13M2D30M7I8M1D4M1D10M1I12M1I11M1I14M1I16M
125	1423	0.179	1.260E-33	7	681	697	29	798	813	26M1D10M5D56M1D39M5I18M1D21M1D24M1D4M11D4M1D47M60D16M3I47M5D6M21D66M3D7M2I5M1D4M1I11M19I32M1D3M5I7M3D21M2I16M11D24M7I6M7D4M1D13M1I1M2D21M1I12M7D10M1I18M1I3M1I24M
19	1420	0.193	1.489E-33	1	688	697	9	724	735	5M1I5M1I2M1D18M2D15M7D39M1I50M3I4M1I12M5D5M9D18M3D34M7D2M8D33M5I10M12I64M2D24M2D7M7D10M2D14M1D4M2D9M3I15M1I15M3I22M1D16M4I7M3D19M2I15M12D13M7D68M5D16M1I4M19I20M1I16M
36	1403	0.184	3.843E-33	7	691	697	5	801	829	5M1I3M3D17M1D12M5D54M1D39M5I39M1D24M1D4M11D4M1D37M5I14M11I3M5D20M15D7M46D23M19D16M3D13M10D36M5D9M3I26M5I7M2D35M4I8M1D15M1I18M8D43M8D25M1D22M1D4M1D10M1I15M1D10M1I13M1I17M
131	1399	0.182	4.803E-33	0	693	697	0	888	896	4M1D2M1I25M1D14M5D50M1D43M5I17M1D21M1D24M16D5M3I41M26I3M25D26M27D10M22D10M16D11M15D16M6D9M41D2M9D26M2D5M1D7M2I6M1D5M5D16M12I33M1D3M5I7M3D19M2I18M14D25M3D4M6D12M9D8M1D13M15D16M5D8M1D4M1D10M1I12M1I11M1I14M1I19M
48	1395	0.184	6.004E-33	0	690	697	0	889	899	33M1D14M5D52M1D39M5I18M1D21M1D21M1I6M13D6M1D34M11I4M11I11M18D15M2D8M21D21M6D14M20D10M31D8M5D3M69D2M9D28M2I6M3D10M1I22M5I41M2I2M2I6M3D18M2I20M11D16M3D6M19D63M1D4M1D10M1I12M1I9M1I16M1I16M
116	1390	0.177	7.934E-33	0	690	697	0	882	893	33M1D10M5D56M1D40M5I17M1D21M1D21M1I6M13D4M1D34M9I6M13I14M83D13M33D12M6D13M10D15M25D12M3D11M17D33M3D3M2I10M1I22M5I38M1D3M5I7M3D18M2I19M14D23M4D6M15D15M4I38M1D4M1D7M1D3M1I12M1D3M2I6M1I15M1I16M
121	1388	0.206	8.871E-33	13	588	697	2	617	619	2M1D18M1D14M5D52M1D40M5I15M1D23M1D29M13D41M11I9M5I22M6I11M1I27M14D9M11D14M10D21M1D11M5D3M2I9M1D6M5D3M8I7M8I5M6D30M1D2M5I9M1D35M6D25M3D6M4D27M
37	1385	0.185	1.049E-32	7	689	697	5	799	829	5M1I2M3D18M1D12M5D54M1D39M5I39M1D21M1I6M13D4M1D37M5I14M11I3M5D20M15D7M46D23M19D16M3D13M10D36M5D9M3I26M5I7M2D35M4I8M1D15M1I18M8D26M16D3M2D38M5I11M1I4M2I4M1D10M1I18M1D7M1I13M1I15M
49	1384	0.178	1.109E-32	0	696	697	0	854	862	33M1D14M5D52M1D39M5I18M1D21M1D24M12D8M1D36M11I10M9I3M27D6M26D14M5D22M47D39M22D4M9D31M3D3M2I10M1I22M5I41M2I2M2I6M3D18M2I19M14D25M18D10M4D35M3D9M1I3M2I5M1D10M1I12M1I10M1I15M1I22M
3	1379	0.176	1.465E-32	0	690	697	0	872	882	4M1D2M1I26M1D14M5D52M1D39M5I18M1D21M1D21M1I6M13D4M1D35M16I11M4I3M27D6M26D14M5D24M66D14M4D5M1D18M22D4M9D26M2D5M1D3M2I10M1I22M5I38M1D3M5I7M3D18M2I16M10D8M1D14M4D9M11D9M10D41M1I7M1D4M1D10M1I12M1I10M1I15M1I16M
13	1371	0.178	2.289E-32	0	690	697	0	880	894	31M1D11M1I4M6D52M1D39M5I18M1D21M1D29M12D3M1D35M12I7M10I12M67D13M12D16M33D19M1D2M12D6M4D15M41D38M3D3M2I10M1I22M5I38M1D3M5I7M3D18M2I19M14D22M4D21M2D20M15D23M1D4M1D10M1I12M1I10M1I10M1I21M
76	1367	0.172	2.861E-32	0	690	697	0	911	925	33M1D14M5D53M1D38M5I18M1D21M1D21M1I6M13D6M1D33M12I7M10I12M20D7M26D26M72D4M24D24M11D8M29D6M10D3M9D26M1D5M2D3M2I10M1I22M5I38M1D3M5I7M3D18M2I19M14D25M14D15M7D18M1D20M1I7M1D4M1D10M1I12M1I10M1I15M1I16M
69	1364	0.170	3.382E-32	0	690	697	0	910	924	33M1D13M5D53M1D41M5I16M1D21M1D21M1I6M13D4M1D36M5I5M17I13M62D13M5D11M22D5M19D8M2D17M18D2M6D6M41D9M25D33M2D5M1D3M2I10M1I22M5I41M2I2M2I6M3D18M2I19M14D22M22D55M1I8M1D4M1D10M1I12M1I11M1I14M1I16M
67	1356	0.160	5.284E-32	0	689	697	0	952	964	7M1D26M1D14M5D52M1D40M5I17M1D21M1D24M16D5M3I34M3I5M25I10M27D19M26D10M22D14M12D10M77D7M30D4M9D11M35D30M2D3M1D7M2I6M1D5M3I16M4I41M2I2M2I6M3D18M2I16M3D3M11D25M27D10M4D51M1D4M1D10M1I12M1I10M1I15M1I15M
113	1355	0.171	5.587E-32	0	690	697	0	900	915	33M1D14M5D53M1D36M3I7M2I11M1D23M1D21M1I6M13D4M1D40M22I11M64D9M2D7M12D16M8D16M20D9M28D5M32D17M31D33M3D3M2I10M1I22M5I38M1D3M5I7M3D18M2I19M14D22M19D21M2I12M3I26M1D4M1D10M1I12M1I10M1I15M1I16M
108	1355	0.160	5.587E-32	0	693	697	0	920	928	4M1D2M1I25M1D15M5D52M1D40M5I17M1D21M1D24M16D5M3I41M26I3M74D15M1D4M12D8M15D8M41D18M9D10M14D16M35D34M3D9M2I6M1D5M2I16M5I38M1D3M5I7M3D19M2I17M14D23M28D30M3D34M1D4M1D10M1I12M1I11M1I14M1I19M
41	1354	0.174	5.908E-32	0	690	697	0	910	924	33M1D14M5D52M1D40M5I17M1D21M1D21M1I6M13D4M1D35M12I7M10I12M68D13M5D5M50D4M35D29M1D5M2D8M6D12M27D2M9D26M2D5M1D3M2I10M1I22M5I38M1D3M5I7M3D18M2I19M14D23M16D8M3D14M1I40M1D4M1D10M1I12M1I10M1I15M1I16M
16	1353	0.169	6.246E-32	0	696	697	34	975	978	33M1D13M5D50M1D42M5I18M1D21M1D24M16D5M3I41M26I2M59D16M12D5M18D12M9D17M7D13M51D15M61D33M2D5M1D7M2I6M1D5M5D14M13I2M1D32M1D3M5I7M3D18M2I19M13D22M3D7M18D7M14D41M1I8M1D4M1D10M1I12M1I9M1I16M1I22M
15	1353	0.158	6.246E-32	0	696	697	36	980	983	33M1D15M5D51M1D39M5I18M1D21M1D24M16D5M3I41M26I3M60D23M78D11M29D26M14D9M13D8M24D33M2D5M1D3M2I10M1D5M5D14M13I2M1D33M2I4M2I6M3D19M2I18M13D22M3D7M18D6M4D21M15D22M1I4M2I5M1D10M1I12M1I11M1I14M1I22M
42	1352	0.168	6.605E-32	0	690	697	0	923	933	33M1D14M5D52M1D39M5I18M1D21M1D21M1I6M13D4M1D41M26I3M60D6M7D13M5D5M53D4M23D12M1D42M58D33M2I3M3D10M1I22M5I41M2I2M2I6M3D18M2I16M1D3M13D26M19D4M11D15M1D41M1D4M1D10M1I12M1I10M1I15M1I16M
33	1351	0.169	6.983E-32	0	691	697	0	960	970	4M1D2M1I25M1D15M5D52M1D40M5I17M1D21M1D24M16D5M3I40M27I11M26D34M16D14M5D12M30D11M32D3M121D2M9D31M3D7M2I6M1D5M5D16M12I36M2I2M2I6M3D19M2I19M11D18M3D9M18D24M2D7M4D19M12D8M1D4M1D10M1I12M1I10M1I15M1I17M
106	1351	0.166	6.983E-32	0	691	697	0	960	970	4M1D2M1I25M1D14M5D53M1D40M5I17M1D21M1D24M16D5M3I41M26I3M25D42M63D6M1D11M12D15M9D7M119D3M9D31M3D7M2I6M1D5M5D6M2I10M10I33M1D3M5I7M3D19M2I18M14D28M18D33M14D17M4D8M1D4M1D10M1I12M1I11M1I14M1I17M
52	1349	0.170	7.807E-32	0	690	697	0	894	913	31M1D16M5D53M1D38M5I18M1D21M1D21M1I6M13D4M1D36M11I10M9I5M68D18M3D11M24D9M44D38M43D38M3D3M2I10M1I22M5I38M1D3M5I7M3D18M2I16M8D8M3D14M4D9M14D28M2D21M4D9M1D4M1D10M1I12M1I10M1I15M1I16M
61	1349	0.176	7.807E-32	0	693	697	0	925	933	32M1D14M5D50M1D43M5I17M1D21M1D24M16D5M3I40M24D2M25I29M27D10M22D10M16D11M15D16M6D9M81D2M9D26M2D5M1D5M2I8M1D5M5D16M12I33M1D3M5I7M3D19M2I18M14D25M3D4M6D16M2D29M26D3M1I8M1D4M1D10M1I12M1I11M1I14M1I19M
107	1345	0.167	9.759E-32	0	693	697	0	961	969	4M1D2M1I26M1D13M5D53M1D40M5I17M1D21M1D24M16D5M3I40M27I11M26D46M64D7M25D1M65D15M59D33M2D5M1D5M2I8M1D5M5D16M12I34M2I4M2I6M3D19M2I18M14D28M18D33M5D17M12D8M1D4M1D10M1I12M1I11M1I14M1I19M
86	1345	0.169	9.759E-32	0	691	697	0	960	970	4M1D2M1I26M1D13M5D53M1D40M5I17M1D21M1D24M16D5M3I40M92D2M17I8M3D17M51D12M8D11M30D44M36D3M9D26M2D5M1D7M2I6M1D5M5D16M12I33M1D3M5I7M3D19M2I18M14D28M18D33M14D17M4D8M1D4M1D10M1I12M1I11M1I14M1I17M
27	1343	0.159	1.091E-31	0	691	697	0	960	970	4M1D2M1I25M1D14M5D53M1D40M5I17M1D21M1D24M16D5M3I40M24D2M25I47M30D17M24D1M22D12M9D7M119D3M9D26M2D5M1D7M2I6M1I22M5I38M1D3M5I7M3D19M2I18M14D28M18D24M4D6M2D20M12D8M1D4M1D10M1I12M1I10M1I15M1I17M
62	1342	0.163	1.154E-31	0	691	697	0	921	931	4M1D2M1I25M1D11M5D56M1D40M5I17M1D21M1D24M16D5M3I39M24D3M25I35M8D26M15D9M30D15M8D2M115D26M2D5M1D7M2I6M1D5M5D16M12I33M1D3M5I7M3D19M2I18M14D28M18D8M16D50M1D4M1D10M1I12M1I11M1I14M1I17M
25	1342	0.159	1.154E-31	0	691	697	0	960	970	4M1D2M1I25M1D15M5D52M1D40M5I17M1D21M1D24M16D5M3I41M26I3M25D42M7D13M14D13M30D13M42D3M120D31M3D5M2I8M1D5M5D16M12I33M1D3M5I7M3D19M2I18M14D28M18D14M11D14M3D21M4D9M1D4M1D10M1I12M1I11M1I14M1I17M
28	1341	0.162	1.220E-31	0	693	697	0	963	971	4M1D2M1I25M1D14M5D53M1D40M5I17M1D21M1D24M16D5M3I40M24D2M25I47M39D25M13D10M32D3M121D2M9D31M3D7M2I6M1D5M5D16M12I33M1D3M5I7M3D19M2I18M14D28M18D33M14D17M4D8M1D4M1D10M1I12M1I11M1I14M1I19M
39	1340	0.165	1.290E-31	0	691	697	0	955	965	4M1D2M1I25M1D14M5D53M1D40M5I17M1D21M1D24M16D5M3I40M24D2M25I29M27D12M18D9M16D7M5D7M12D13M9D8M114D2M9D26M2D5M1D7M2I6M1D5M5D16M12I33M1D3M5I7M3D19M2I18M14D28M18D8M16D8M1I18M1D23M1D4M1D10M1I12M1I10M1I15M1I17M
82	1338	0.178	1.442E-31	2	690	697	28	937	947	29M1D16M5D52M1D39M5I18M1D21M1D21M1I6M13D6M1D34M11I4M11I14M69D13M5D5M56D4M4D3M32D23M1D23M5D4M21D3M9D31M3D3M2I10M1I22M5I38M1D3M5I7M3D18M2I19M14D23M19D49M1D14M1D4M1D10M1I12M1I10M1I15M1I16M
30	1338	0.157	1.442E-31	0	691	697	0	962	972	4M1D2M1I25M1D15M5D52M1D40M5I17M1D21M1D24M16D5M3I41M26I2M75D16M1D5M65D15M71D47M19D2M9D26M2D5M1D7M2I6M1D5M5D16M12I35M1D1M5I7M3D19M2I18M14D25M3D4M23D12M3D15M7D30M1D4M1D10M1I12M1I11M1I14M1I17M
26	1335	0.163	1.704E-31	0	691	697	0	960	970	4M1D2M1I25M1D11M5D56M1D40M5I17M1D21M1D24M16D5M3I41M26I3M25D42M5D11M59D6M12D15M9D7M119D3M9D31M3D7M2I6M1D5M5D16M12I33M1D3M5I7M3D19M2I18M14D28M18D32M6D18M12D8M1D4M1D10M1I12M1I11M1I14M1I17M
34	1332	0.168	2.015E-31	0	691	697	0	960	970	4M1D2M1I25M1D14M5D53M1D40M5I17M1D21M1D24M16D5M3I40M92D2M17I8M3D17M51D12M8D11M30D41M45D32M2D5M1D7M2I6M1D5M5D16M12I33M1D3M5I7M3D19M2I18M14D28M18D14M11D14M3D21M4D9M1D4M1D10M1I12M1I11M1I14M1I17M
54	1331	0.172	2.130E-31	0	690	697	0	909	923	4M1D2M1I26M1D13M5D53M1D39M5I18M1D21M1D21M1I6M13D4M1D40M22I8M76D18M4D12M21D5M19D8M23D20M4D17M43D4M9D28M1D3M2D3M2I10M1I22M5I38M1D3M5I7M3D18M2I19M14D23M4D6M18D48M1I8M1D4M1D10M1I12M1I11M1I14M1I16M
71	1329	0.170	2.382E-31	6	696	697	18	926	934	27M1D14M5D52M1D39M5I18M1D21M1D29M12D3M1D35M12I7M10I3M75D21M4D12M21D5M52D18M13D16M14D8M19D35M1D3M2D3M2I10M1I22M5I38M1D3M5I7M3D18M2I19M14D16M1D12M21D49M1I8M1D4M1D10M1I12M1I11M1I14M1I22M
6	1328	0.160	2.518E-31	0	691	697	0	960	970	4M1D2M1I25M1D15M5D52M1D40M5I17M1D21M1D24M16D5M3I41M26I3M25D44M30D16M32D2M14D12M9D7M119D3M9D31M3D7M2I6M1D5M5D16M12I33M1D3M5I7M3D19M2I18M14D28M18D32M6D18M12D8M1D4M1D10M1I12M1I10M1I15M1I17M
31	1326	0.166	2.816E-31	0	691	697	0	960	970	4M1D2M1I25M1D15M5D52M1D40M5I17M1D21M1D24M16D5M3I40M24D2M25I29M25D11M49D3M5D25M21D14M86D2M18D3M9D31M3D5M2I8M1D5M3I18M6I3M2D31M1D3M5I7M3D19M2I19M11D18M3D9M18D32M6D18M12D8M1D4M1D10M1I12M1I11M1I14M1I17M
50	1325	0.180	2.977E-31	0	690	697	0	894	906	4M1D2M1I26M1D14M5D52M1D40M5I17M1D21M1D21M1I6M13D4M1D35M12I7M10I10M70D8M4D8M5D10M20D7M10D25M5D7M51D11M10D4M9D28M1D3M2D3M2I10M1I22M5I38M1D3M5I7M3D18M2I16M8D8M3D14M4D9M21D50M1I7M1D4M1D10M1I12M1I11M1I14M1I16M
112	1325	0.158	2.977E-31	0	691	697	0	961	971	33M1D10M5D56M1D40M5I17M1D21M1D24M16D5M3I39M24D3M25I57M66D3M15D7M51D13M55D4M18D3M9D26M2D5M1D5M2I8M1D5M3I18M6I3M2D31M1D3M5I7M3D19M2I18M14D25M21D5M4D48M11D8M1D4M1D10M1I12M1I10M1I15M1I17M
43	1323	0.168	3.328E-31	0	690	697	0	917	931	33M1D10M5D56M1D39M5I18M1D21M1D21M1I6M13D4M1D35M12I7M10I12M24D12M8D6M15D15M15D32M54D10M82D3M9D31M3D3M2I10M1I22M5I38M1D3M5I7M3D18M2I19M14D22M22D21M1D37M1D3M2I5M1D10M1I12M1I10M1I15M1I16M
57	1323	0.171	3.328E-31	0	690	697	0	916	931	4M1D2M1I24M1D16M5D52M1D40M5I17M1D21M1D21M1I6M13D6M1D39M26I4M86D3M9D26M10D5M20D8M24D25M38D9M23D38M3D3M2I10M1I22M5I41M2I2M2I6M3D18M2I19M14D22M17D11M5D45M1I7M1D4M1D10M1I11M3I3M2D6M1I15M1I16M
53	1323	0.169	3.328E-31	0	691	697	0	954	964	4M1D2M1I25M1D14M5D53M1D40M5I17M1D21M1D24M16D5M3I39M24D3M25I30M27D9M22D15M3D11M5D7M21D5M9D7M111D3M9D28M2D3M1D7M2I6M1I22M5I38M1D3M5I7M3D19M2I18M14D28M18D39M18D19M1D4M1D10M1I12M1I10M1I15M1I17M
46	1321	0.168	3.721E-31	0	690	697	0	911	926	33M1D14M5D52M1D39M5I18M1D21M1D21M1I6M13D4M1D35M12I7M10I11M20D9M2D27M5D14M15D19M13D7M129D3M9D26M2D5M1D3M2I10M1I22M5I38M1D3M5I7M3D18M2I19M14D22M18D20M2I14M2D13M3D8M1I3M2I5M1D10M1I12M1I10M1I10M11D22M
35	1321	0.172	3.721E-31	0	690	697	0	915	929	32M1D14M5D55M1D37M5I18M1D21M1D21M1I6M13D6M1D34M11I4M9I10M16D14M4D12M5D4M21D9M15D32M51D4M63D5M18D4M9D26M1D5M2D3M2I10M1I22M5I41M2I2M2I6M3D18M2I19M14D23M23D55M1I7M1D4M1D10M1I12M1I11M1I14M1I16M
44	1320	0.171	3.934E-31	0	690	697	0	872	886	33M1D14M5D52M1D39M5I18M1D21M1D21M1I6M13D4M1D36M26I12M28D15M36D24M4D17M58D11M7D11M24D2M9D31M3D3M2I10M1I22M5I38M1D3M5I7M3D18M2I19M14D26M22D52M1I7M1D4M1D10M1I12M1I10M1I15M1I16M
56	1319	0.167	4.160E-31	0	690	697	0	917	931	4M1D2M1I24M1D15M5D53M1D39M5I18M1D21M1D24M12D8M1D35M12I7M10I12M20D8M23D16M2D7M1I34M11D9M143D3M9D26M2D5M1D3M2I10M1I22M5I41M2I2M2I6M3D18M2I16M8D8M3D14M4D6M20D61M1D4M1D10M1I12M1I10M1I15M1I16M
115	1319	0.155	4.160E-31	0	693	697	0	975	982	32M1D11M5D58M1D37M5I18M1D21M1D28M12D4M1D41M26I4M73D11M97D32M51D17M12D9M3D7M11D38M3D3M2I9M1D6M5D16M12I33M1D3M5I7M3D18M2I20M11D18M4D6M21D25M5D7M13D29M1D4M1D10M1I12M1I11M1I14M1I19M
29	1317	0.165	4.651E-31	0	691	697	0	960	970	4M1D2M1I25M1D14M5D53M1D40M5I17M1D21M1D24M16D5M3I40M24D2M25I29M25D12M18D10M21D11M12D15M9D7M119D3M9D26M2D5M1D7M2I6M1D5M5D16M12I33M1D3M5I7M3D19M2I18M14D28M18D32M6D18M12D8M1D4M1D10M1I12M1I11M1I14M1I17M
22	1316	0.164	4.918E-31	1	691	697	0	948	958	6M1D25M1D11M5D56M1D40M5I18M1D20M1D24M16D5M3I34M3I5M25I4M27D25M6D5M18D7M18D10M16D7M94D6M17D13M3D7M28D1M2D28M2D5M1D5M2I8M1D5M5D14M6D3M18I26M1D3M5I7M3D19M2I18M14D23M23D19M5D36M7D8M1D4M1D10M1I12M1I10M1I15M1I17M
101	1314	0.176	5.498E-31	7	695	697	22	932	936	25M1D15M5D52M1D39M5I18M1D21M1D24M12D8M1D34M2I5M27I8M10D21M8D3M17D3M37D10M27D9M65D22M2D6M21D2M3D30M1D3M2D3M2I10M1D4M1I21M4I36M1D3M5I7M3D20M2I16M22D18M3D8M4D4M4D30M8D22M10D5M1D4M1D10M1I17M1I4M1I38M
83	1314	0.175	5.498E-31	0	690	697	25	937	947	33M1D14M5D52M1D39M5I18M1D21M1D21M1I6M13D4M1D35M12I11M8I4M25D6M39D13M5D12M92D24M2D2M20D14M1I9M10D3M9D31M3D3M2I10M1I22M5I41M2I2M2I6M3D18M2I19M14D26M19D22M1D38M1D4M1D10M1I12M1I10M1I15M1I16M
96	1313	0.178	5.813E-31	3	691	697	36	932	948	9M1I2M1D26M1D54M1D44M3I4M2I14M1D20M1D24M1D4M11D4M1D37M4I11M11I6M26D14M23D5M5D13M28D18M4D11M51D3M9D11M37D6M14D4M2D31M3D3M2I10M1D5M7I18M2I34M1D3M5I10M2D15M2I21M10D26M2D2M16D54M2I4M1D10M1I12M2I4M1D5M1I15M1I17M
38	1313	0.169	5.813E-31	0	691	697	0	959	969	4M1D2M1I24M1D15M5D53M1D40M5I17M1D21M1D24M16D5M3I40M24D2M25I29M27D15M9D8M25D5M3D7M12D13M9D8M8D2M119D26M2D5M1D7M2I6M1D5M5D16M12I34M2I4M2I6M3D19M2I18M14D25M3D4M11D12M6D18M4D7M6D12M6D8M1D4M1D10M1I12M1I11M1I14M1I17M
12	1312	0.200	6.147E-31	7	616	697	4	674	675	26M1D9M5D57M1D40M5I17M1D22M1D23M12D8M1D34M3D7M24I18M21D13M3D6M14D6M2D28M15D11M16D21M1I16M5D3M2I10M1D4M3I3M6I10M2I7M2D31M1D3M5I10M1D14M1I16M2I4M7D23M1D38M2I19M
45	1311	0.168	6.499E-31	7	690	697	7	913	927	26M1D13M5D53M1D39M5I18M1D21M1D29M12D3M1D35M16I9M97D12M6D14M5D11M40D9M3D17M5D4M3D6M10D19M19D2M9D28M1D3M2D3M2I10M1I22M5I38M1D3M5I7M3D18M2I19M14D16M1D12M21D50M1I7M1D4M1D10M1I12M1I11M1I14M1I16M
51	1309	0.167	7.266E-31	0	690	697	0	917	932	4M1D2M1I26M1D14M5D52M1D39M5I18M1D21M1D21M1I6M13D4M1D35M12I7M10I6M22D28M48D15M71D30M5D6M61D31M2D5M1D3M2I10M1I22M5I38M1D3M5I7M3D18M2I16M8D8M3D14M4D9M21D49M1I8M1D4M1D10M1I12M1I10M1I15M1I16M
66	1304	0.180	9.603E-31	0	690	697	0	913	923	4M1D2M1I26M1D14M5D32M1D20M1D40M5I17M1D21M1D21M1I6M13D4M1D41M26I3M23D14M11D29M7D17M22D6M15D7M27D2M21D7M70D33M3D3M2I10M1I22M5I41M2I2M2I6M3D18M2I19M12D11M2D5M1D12M13D2M1D18M1I10M4D18M10D10M4D3M1D10M1I12M1I10M1I15M1I16M
111	1302	0.161	1.074E-30	0	682	697	0	920	938	4M1D2M1I26M1D14M5D52M1D40M5I17M1D21M1D24M16D5M3I40M27I34M3D7M41D6M14D17M118D2M23D21M9D26M2D5M1D7M2I6M1D5M3I18M6I3M2D31M1D3M5I7M3D19M2I18M14D26M29D18M3D14M4D19M1I8M1D4M1D10M1I12M1I11M1I23M
109	1301	0.172	1.135E-30	0	690	697	0	906	915	33M1D14M5D53M1D38M5I18M1D21M1D21M1I6M13D4M1D41M26I3M24D14M2D14M25D19M98D5M9D9M4D5M27D14M7D4M9D31M3D3M2I10M1I22M5I41M2I2M2I6M3D18M2I23M11D15M4D9M15D58M1D4M1D10M1I12M1I9M1I16M1I16M
127	1301	0.171	1.135E-30	0	696	697	43	1009	1013	33M1D14M5D52M1D40M5I17M1D21M1D24M16D5M3I34M1I6M26I11M26D18M6D4M13D12M40D16M147D19M12D36M3D9M2I6M1D5M4I16M3I38M1D3M5I7M3D18M2I16M3D4M7D24M24D4M3D13M3D13M1D23M5D8M1D4M1D10M1I10M1I12M1I15M1I22M
75	1300	0.157	1.200E-30	0	691	697	0	960	970	4M1D2M1I25M1D15M5D49M1D43M5I17M1D21M1D24M16D5M3I39M24D3M25I45M7D11M71D21M9D8M117D2M9D26M2D5M1D7M2I6M1D5M5D16M12I33M1D3M5I7M3D20M2I17M14D26M18D23M1D7M17D30M1D4M1D10M1I12M1I11M1I14M1I17M
122	1299	0.162	1.269E-30	6	681	697	5	956	1001	27M1D12M5D55M1D39M5I15M1D23M1D24M1D4M11D4M1D37M70D20M3I8M64D18M22D63M13D31M2D5M1D9M3I29M4I36M1D3M5I7M3D18M2I18M11D23M5D5M28D9M2D8M37D24M15D18M4D4M1D10M1I14M1I8M1I23M
119	1298	0.162	1.342E-30	0	693	697	0	960	968	33M1D13M5D53M1D40M5I17M1D21M1D24M16D5M3I41M26I2M76D20M5D13M13D22M10D19M6D9M8D2M119D26M2D5M1D7M2I6M1D5M5D16M12I36M2I2M2I6M3D19M2I18M14D25M3D4M6D12M20D8M3D8M4D20M1I8M1D4M1D10M1I12M1I11M1I14M1I19M
94	1296	0.171	1.500E-30	7	693	697	7	916	924	25M1D15M5D52M1D40M5I17M1D21M1D24M16D5M3I41M26I3M74D15M1D4M5D5M3D29M72D11M12D4M16D10M15D36M3D8M2I6M1D5M5D6M2I10M10I35M1D1M5I7M3D19M2I18M14D16M1D9M2D4M22D17M3D32M2D8M1D4M1D10M1I12M1I11M1I14M1I19M
58	1295	0.183	1.586E-30	0	685	697	0	870	889	33M1D13M5D53M1D39M5I18M1D21M1D29M12D3M1D35M12I7M10I4M75D20M4D12M21D3M23D22M8D2M3D10M19D10M19D35M1D3M2D3M2I10M1I22M5I38M1D3M5I7M3D18M2I21M7D7M4D10M4D9M14D49M1I9M1D3M1D10M1I12M1I11M1I14M1I11M
78	1294	0.165	1.677E-30	0	690	697	0	930	940	33M1D14M5D52M1D37M3I7M2I13M1D21M1D21M1I6M13D4M1D41M26I3M23D14M51D5M5D5M53D4M14D39M24D12M44D36M3D3M2I10M1I22M5I38M1D3M5I7M3D18M2I16M7D12M4D10M4D9M29D53M1D5M1D4M1D10M1I12M1I10M1I15M1I16M
5	1294	0.164	1.677E-30	0	691	697	0	960	970	4M1D2M1I25M1D15M5D52M1D40M5I17M1D21M1D24M16D5M3I39M24D3M25I45M5D11M74D28M125D3M9D31M3D7M2I6M1D5M5D16M12I33M1D3M5I7M3D19M2I18M14D28M18D32M6D18M12D8M1D4M1D10M1I12M1I11M1I14M1I17M
105	1293	0.162	1.773E-30	0	693	697	0	955	963	4M1D2M1I25M1D14M5D50M1D43M5I17M1D21M1D24M16D5M3I40M24D2M25I29M27D12M18D10M21D13M11D13M9D8M118D2M9D31M3D7M2I6M1D5M5D16M12I34M2I4M2I6M3D20M2I17M14D25M3D20M10D14M4D19M12D8M1D4M1D10M1I12M1I10M1I15M1I19M
85	1291	0.163	1.983E-30	0	691	697	0	960	970	4M1D2M1I25M1D14M5D53M1D40M5I17M1D21M1D24M16D5M3I40M24D2M25I45M63D6M1D11M12D15M9D7M8D3M120D31M3D7M2I6M1D5M5D16M12I33M1D3M5I7M3D19M2I18M14D28M18D32M6D18M12D8M1D4M1D10M1I12M1I11M1I14M1I17M
64	1286	0.163	2.620E-30	0	691	697	0	958	968	4M1D2M1I25M1D14M5D50M1D43M5I17M1D21M1D24M16D5M3I41M26I3M25D26M27D10M22D10M16D14M87D3M26D5M2D3M16D9M6D4M9D26M2D5M1D7M2I6M1D5M5D16M12I33M1D3M5I7M3D19M2I18M14D28M18D21M2D29M16D8M1D4M1D10M1I12M1I11M1I14M1I17M
24	1286	0.158	2.620E-30	0	691	697	0	960	970	4M1D2M1I26M1D13M5D53M1D40M5I17M1D21M1D24M16D5M3I40M24D2M25I49M30D14M46D14M9D7M119D3M9D31M3D7M2I6M1D5M5D16M12I33M1D3M5I7M3D19M2I18M14D25M20D37M11D16M5D8M1D4M1D10M1I12M1I11M1I14M1I17M
68	1283	0.162	3.097E-30	11	693	697	1	894	901	11M5D9M1I15M5D52M1D40M5I17M1D21M1D24M16D5M3I34M1I6M26I11M26D11M56D13M21D5M27D16M39D20M1D4M11D33M2D5M1D3M2I10M1I22M5I38M1D3M5I7M3D18M2I19M13D28M31D26M2I22M5D8M1D4M1D10M1I10M1I12M1I15M1I19M
23	1283	0.170	3.097E-30	0	690	697	0	925	935	33M1D10M5D56M1D39M5I16M1D23M1D21M1I6M13D4M1D41M26I6M100D13M40D49M21D7M43D4M4D4M1D35M3D3M2I10M1I22M5I38M1D3M5I7M3D18M2I16M1D4M6D8M4D13M22D12M1D11M3D16M7D18M1D7M1D4M1D10M1I12M1I10M1I15M1I16M
55	1282	0.174	3.275E-30	0	690	697	0	879	893	4M1D2M1I26M1D12M5D93M5I18M1D21M1D21M1I6M13D6M1D39M26I11M57D11M23D26M72D23M12D11M45D31M2D5M1D3M2I10M1I22M5I15M1D6M1D13M1I2M1I3M5I7M3D11M1I6M2I36M4I19M1D11M6D10M1D16M1I8M1D4M1D10M1I12M1I9M2I15M1I16M
130	1282	0.159	3.275E-30	0	689	697	0	972	983	4M1D2M1I26M1D13M5D53M1D41M5I16M1D21M1D21M1I6M13D6M1D34M1I4M25I5M82D17M40D5M32D7M36D24M9D6M4D17M48D38M3D3M2I10M1I22M5I38M1D3M5I10M3D15M2I19M14D21M1D7M38D26M2I30M1D4M1D10M1I12M1I10M1I15M1I15M
117	1281	0.172	3.463E-30	0	691	697	0	986	1003	4M1D3M1D24M1D14M5D55M1D39M5I17M1D21M1D24M1D4M13D3M1I35M2I16M39D3M7I13M28D6M34D43M6D26M93D3M9D31M3D5M2I8M1I22M6I6M2D31M1D3M5I7M3D18M2I20M11D10M3D5M1D6M17D5M11D6M6D21M13D15M2D5M8D11M10D2M4D3M1D10M1I11M3I3M2D6M1I13M1I19M
65	1272	0.159	5.720E-30	6	690	697	1	866	879	27M1D14M5D49M1D42M5I18M1D21M1D24M16D5M3I35M1I5M26I33M47D47M31D4M137D3M2D31M3D3M2I10M1D4M3I17M4I42M4I10M3D15M2I16M7D3M6D43M27I10M1D3M2I5M1D10M1I16M1I6M1I15M1I16M
77	1271	0.181	6.048E-30	0	690	697	0	908	925	33M1D14M5D52M1D39M5I18M1D21M1D21M1I6M13D4M1D41M26I11M36D12M52D15M8D15M52D17M21D7M7D7M19D3M9D29M1D2M2D3M2I10M1I22M5I41M2I2M2I6M3D18M2I19M11D19M4D8M10D5M2D19M6D11M1D15M1I8M1D4M1D10M1I12M1I10M1I15M1I16M
102	1271	0.173	6.048E-30	0	689	697	0	952	964	32M1D14M5D50M1D43M5I17M1D21M1D24M16D5M3I34M3I5M15I2M94D7M32D20M20D10M2D7M25D30M6D8M11D10M31D1M2D30M2D3M1D7M2I6M1D5M5D3M8I6M9I5M5D33M2I2M2I6M3D20M2I14M1D4M10D19M3D9M32D15M3D35M1I7M4D3M1D10M1I12M1I11M1I12M1I17M
72	1270	0.170	6.395E-30	0	689	697	0	947	958	4M1D2M1I24M1D15M5D53M1D39M5I18M1D21M1D24M16D5M3I34M1I6M26I11M26D20M26D8M26D11M7D11M135D19M12D33M2D5M1D3M2I10M1I22M5I38M1D3M5I9M3D16M2I16M7D5M3D21M28D33M3D22M5D8M1D4M1D10M1I10M1I12M1I15M1I15M
118	1255	0.156	1.476E-29	0	689	697	0	967	978	31M1D15M5D53M1D39M5I18M1D21M1D30M13D38M1I4M26I11M26D32M11D7M20D13M48D11M66D8M73D31M2D5M1D3M2I10M1I22M5I38M1D3M5I7M3D20M2I14M7D6M8D25M27D50M12D8M1D4M1D10M1I10M1I13M1I14M1I15M
59	1231	0.148	5.629E-29	0	690	697	1	969	982	33M1D13M5D50M1D42M5I18M1D21M1D24M16D5M3I35M110D6M25I7M40D10M8D4M3D9M5D5M30D11M56D35M8D38M3D7M2I6M1I22M5I41M2I2M2I6M3D18M2I19M10D17M3D8M19D26M1I33M2D2M4D3M1D10M1I12M1I10M1I15M1I16M
74	1228	0.167	6.654E-29	6	687	697	0	924	926	27M1D13M5D50M1D43M5I17M1D21M1D24M16D5M3I41M26I3M25D30M25D5M23D20M97D5M10D4M8D10M25D3M7D33M2D5M1D7M2I6M1I22M5I38M1D3M5I9M3D18M2I18M9D17M3D5M25D15M1D20M1D28M1D4M1D10M1I10M1I12M1I9M1I5M3D14M
8	1228	0.165	6.654E-29	7	691	697	9	1004	1016	25M1D15M5D49M1D43M5I17M1D21M1D21M1I6M13D4M1D40M14I16M63D5M16D9M59D3M97D35M1I14M1D15M3D6M5D27M3D7M2I6M1D5M4I11M10I7M9D29M1D3M5I7M3D18M2I19M11D22M20D4M5D25M14D17M3D13M17D6M4D3M1D10M1I12M1I10M1I13M1I19M
9	1225	0.186	7.866E-29	7	690	697	9	606	639	25M1D15M5D52M2D40M3I4M2I13M1D21M1D24M16D5M3I41M25I12M18I4M9I5M9I22M2I8M40I5M23I5M4D42M4I9M1D16M1I12M2I5M6D22M1D6M10D5M1D25M3D28M3D5M1D10M1I18M1D5M1I32M
11	1221	0.193	9.831E-29	1	582	697	2	586	596	5M1I26M1D7M24I7M3I21M1D47M5I15M1D20M1D24M1D4M11D4M1D37M3D6M23I7M9D68M5D11M16D22M1D6M3D5M2D3M2I10M1D4M3I14M11I2M9D32M1D3M5I8M1D35M6D25M3D7M3D20M
73	1210	0.162	1.816E-28	33	696	697	13	929	933	14M5D49M1D43M5I17M1D21M1D24M16D6M3I33M1I6M26I11M26D18M6D5M96D12M42D9M3D29M43D3M9D26M2D5M1D3M2I10M1D5M5D16M12I33M1D3M5I9M3D16M2I16M7D5M3D16M2D10M32D20M3D30M2D8M1D4M1D10M1I10M1I12M1I15M1I22M
114	1202	0.164	2.836E-28	7	696	697	7	928	929	26M1D14M5D52M1D39M5I18M1D21M1D30M14D40M88D4M25I30M45D6M10D29M25D19M37D31M1D3M2D11M2I2M1D4M7D15M14I4M2D29M1D3M5I7M3D16M1D14M5I5M11D19M24D61M7D5M1D4M1D10M1I12M2I4M1D9M1I9M1I14M2D10M
21	1197	0.177	3.749E-28	0	574	697	0	703	745	6M1I26M1D9M1I3M6D55M1D38M5I17M1D21M1D21M1I6M14D4M1D37M15I3M7I14M5D24M27D24M14D8M17D14M64D39M3D3M2I10M1I22M5I7M2D35M4I9M3D17M2I8M1I4M5D5M5D25M3D8M1D8M
60	1191	0.151	5.238E-28	6	693	697	2	984	994	6M1I4M3D12M4D3M5D4M5D11M5D49M1D42M5I18M1D21M1D24M16D5M3I35M108D6M25I10M8D10M5D4M30D8M12D7M28D19M8D7M32D10M13D6M11D38M3D3M2I10M1D5M2I16M5I38M1D3M5I7M3D18M2I19M10D20M4D2M3D7M9D34M17D8M3D12M2I5M1D10M1I12M1I10M1I15M1I19M
104	1173	0.163	1.429E-27	0	693	697	0	930	938	32M1D10M27I30M1D40M3I4M2I14M1D20M1D24M16D5M3I40M24D2M25I47M38D16M13D19M32D3M121D2M9D26M2D5M1D3M2I10M1D5M5D16M12I36M2I2M2I6M3D19M2I18M14D21M3D7M15D22M2D9M4D19M12D8M1D4M1D10M1I12M1I11M1I14M1I19M
92	1147	0.152	6.093E-27	4	691	697	0	1079	1084	29M1D10M5D56M1D40M5I17M1D21M1D29M13D37M4I6M22I5M171D5M7D16M38D35M34D16M3D6M35D31M1D5M2D9M3I26M5I7M2D31M1D2M5I8M3D18M2I16M1D3M10D19M3D9M51D23M43D7M11D22M1D3M2I5M1D10M1I12M1I14M1I9M1I8M4D11M
32	1125	0.162	2.078E-26	47	691	697	12	919	929	52M1D40M5I17M1D21M1D24M16D5M3I42M18I1M96D22M26D4M23D2M42D10M5D6M13D16M1D11M11D13M1D2M12D38M3D5M2I8M1D5M5D16M12I33M1D3M5I7M3D19M2I17M14D22M3D7M15D32M6D18M12D8M1D4M1D10M1I12M1I11M1I14M1I17M
80	1100	0.153	8.379E-26	47	691	697	12	922	931	52M1D39M5I18M1D21M1D24M16D5M3I42M99D3M15I8M54D22M30D34M38D23M12D33M2D5M1D3M2I10M1I22M5I38M1D3M5I7M3D20M2I17M13D22M3D7M21D7M10D50M1D4M1D10M1I10M1I13M1I14M1I17M
79	1088	0.161	1.636E-25	46	690	697	0	879	889	53M1D40M5I17M1D21M1D19M1I8M13D4M1D41M26I3M19D15M6D11M9D6M3D12M7D11M2D15M124D9M45D36M2I3M3D10M1I22M5I41M2I2M2I6M3D18M2I19M14D23M20D28M5D25M3D11M4D3M1D10M1I12M1I10M1I15M1I16M
84	1083	0.150	2.162E-25	48	689	697	7	918	929	51M1D39M5I18M1D21M1D24M16D5M3I41M26I3M25D23M8D14M3D10M20D13M24D16M31D5M129D3M9D26M2D5M1D3M2I10M1D4M2I17M5I38M1D3M5I9M3D18M2I14M3D3M10D25M26D7M8D45M1I8M1D4M1D10M1I10M1I12M1I15M1I15M
103	1073	0.172	3.777E-25	33	693	697	8	879	886	14M5D24M3I3M4I4M2I3M1I49M5I16M1D21M1D22M1I5M13D4M1D42M25I2M64D5M9D9M1D22M2D17M16D20M74D8M30D35M3D9M3I29M3I37M1D3M5I10M3D17M2I14M1D4M10D24M7D4M9D19M6D30M10D8M1D4M1D10M1I11M2I5M1D5M1I15M1I19M
18	1067	0.149	5.277E-25	7	675	697	3	949	1248	26M1D12M5D54M1D40M5I17M1D21M1D24M1D4M11D4M1D36M1I4M26I20M22D5M85D24M6D15M17D4M48D12M25D5M89D2M4D4M5D24M1D5M1I2M1D10M1D5M4D18M11I32M1D3M5I7M3D19M2I15M8D15M6D14M9D23M7I19M15I16M5I23M1I7M
81	1036	0.147	2.973E-24	38	612	697	7	822	885	9M5D52M1D40M5I17M1D21M1D24M16D5M3I41M26I4M25D41M22D28M29D4M34D8M117D2M9D26M2D5M1D7M2I6M1D5M5D16M12I34M2I4M2I6M3D19M2I17M14D26M3D4M6D50M
14	1008	0.169	1.417E-23	7	686	697	87	882	886	5M1I2M1D17M1D11M5D51M22I5M6I17M4I11M1D23M1D24M2D4M11D6M1D35M25I12M16D9M3D45M20D5M26D7M60D9M25D36M3D3M2I10M1I24M3D1M6I38M4I7M3D18M2I16M2D4M9D21M5D7M2I15M8I15M2I9M1D3M1I16M1I13M1I13M1I9M1I8M7D6M
110	974	0.156	9.437E-23	84	693	697	0	872	880	15M1D40M3I4M2I14M1D20M1D24M16D5M3I41M26I5M25D24M25D10M49D5M5D24M15D12M119D33M2D5M1D7M2I6M1D5M5D16M12I33M1D3M5I8M3D18M2I17M14D22M3D7M15D50M18D8M1D4M1D10M1I12M1I10M1I15M1I19M
123	907	0.173	3.959E-21	47	683	697	9	624	715	52M1D37M3I7M2I13M1D21M1D24M12D8M1D41M24I6M3D44M17D15M3D21M3I13M10I7M9I13M1D12M10D25M1D28M26I7M7I8M23I45M3D8M14D25M1I3M3D6M5D5M1I9M14D11M2I12M
17	718	0.162	1.496E-16	9	675	697	3	613	985	20M1I14M3I8M5D14M1I7M1D64M2I20M1I4M11D35M15D9M10D2M11D30M2I2M7I19M7I31M2D56M4D12M2D8M3I9M7I49M13I7M2I7M26I6M4I13M22I31M1I34M5I25M5I7M5I7M
93	653	0.143	5.614E-15	0	675	697	0	615	803	11M4D4M2I16M1D9M1I13M1I30M1I57M2D14M2I20M1D2M2D22M1D4M5D4M18D3M3D26M5I4M15I9M5I84M43I4M13I17M6I25M23I3M33I14M48D3M1D12M2D38M4D17M3D28M5I28M
 