6	6923	1.00	0.000E+00	0	969	970	0	969	970	970M
26	6622	0.989	0.000E+00	0	969	970	0	969	970	970M
29	6599	0.988	0.000E+00	0	969	970	0	969	970	970M
27	6597	0.986	0.000E+00	0	969	970	0	969	970	970M
28	6597	0.985	0.000E+00	0	969	970	0	970	971	367M1D603M
5	6570	0.987	0.000E+00	0	969	970	0	969	970	970M
86	6555	0.972	0.000E+00	0	969	970	0	969	970	970M
25	6550	0.985	0.000E+00	0	969	970	0	969	970	970M
31	6504	0.983	0.000E+00	0	969	970	0	969	970	970M
106	6485	0.973	0.000E+00	0	969	970	0	969	970	970M
85	6476	0.972	0.000E+00	0	969	970	0	969	970	970M
34	6463	0.972	0.000E+00	0	969	970	0	969	970	970M
33	6409	0.936	0.000E+00	0	969	970	0	969	970	970M
24	6397	0.944	0.000E+00	0	969	970	0	969	970	970M
30	6134	0.889	0.000E+00	0	969	970	0	971	972	349M2D162M1I70M1D388M
38	6070	0.883	0.000E+00	0	969	970	0	968	969	349M2D61M2I99M1I458M
75	6069	0.866	0.000E+00	0	969	970	0	969	970	349M2D162M1I9M1I448M
64	6066	0.882	0.000E+00	0	969	970	0	967	968	349M2D67M1I84M1I9M1I6M1I451M
112	6059	0.870	0.000E+00	0	969	970	0	970	971	352M2D150M1I314M1I34M1D118M
53	6039	0.867	0.000E+00	0	969	970	0	963	964	352M2D159M1I36M7I415M
39	5982	0.881	0.000E+00	0	969	970	0	964	965	349M2D162M1I8M4I314M1I35M1I95M
32	5972	0.982	0.000E+00	42	969	970	1	928	929	928M
107	5970	0.859	0.000E+00	0	969	970	0	968	969	853M1I116M
105	5965	0.855	0.000E+00	0	969	970	0	962	963	349M2D81M1I80M1I305M1I8M6I138M
61	5960	0.851	0.000E+00	0	969	970	0	932	933	349M2D61M1I77M10I3M28I441M
104	5955	0.912	0.000E+00	0	969	970	0	937	938	43M32I895M
119	5943	0.872	0.000E+00	0	969	970	0	967	968	349M2D42M2I118M1I332M1I125M
111	5938	0.854	0.000E+00	0	969	970	0	937	938	349M2D69M33I366M1I152M
22	5766	0.825	0.000E+00	0	969	970	0	957	958	334M1I83M7I37M2I47M1I305M1I152M
62	5748	0.852	0.000E+00	0	969	970	0	930	931	349M2D63M15I6M19I59M1I8M4I314M1I35M1I95M
131	5719	0.817	0.000E+00	0	969	970	0	895	896	349M2D61M1I75M78I285M3D121M
110	5599	0.965	0.000E+00	90	969	970	0	879	880	880M
108	5574	0.784	0.000E+00	0	969	970	0	927	928	334M1I14M2D37M1I19M10I8M25I60M1I35M1D17M2I253M1I58M4I90M
67	5548	0.758	0.000E+00	5	969	970	6	963	964	329M1I13M2D108M2I53M1I311M5I8M1D13M1I120M
94	5494	0.778	0.000E+00	0	969	970	0	923	924	334M1I14M2D37M1I23M34I43M3I21M1I50M2I253M1I56M5I91M
102	5191	0.695	0.000E+00	0	969	970	0	963	964	334M1I13M2D105M2I22M6I355M1D132M
118	5096	0.684	0.000E+00	0	968	970	0	977	978	338M1I11M2D56M1I39M4D50M1D35M1D46M1I180M1I13M2D49M1D20M1I13M3D114M
72	5027	0.671	0.000E+00	0	968	970	0	957	958	333M1I16M2D56M1I38M7I42M1D37M1D30M1I15M1I179M1I59M1I18M1I16M1I115M
127	5025	0.651	0.000E+00	0	968	970	43	1012	1013	337M1I12M2D56M1I38M4D49M1D39M2D28M1I17M1I177M1I59M1I20M1I14M1I115M
81	4804	0.809	0.000E+00	39	881	970	7	875	885	310M2D61M2I64M1I34M1I305M2D38M26D27M
73	4801	0.626	0.000E+00	23	968	970	2	932	933	311M1I13M2D60M1I37M5I42M1I5M3I51M5I200M1I34M1I34M1D141M
16	4755	0.605	0.000E+00	5	962	970	39	972	978	299M1I20M1I28M1I37M1D21M3I27M1I24M2I30M1D31M10I19M2I12M2I177M1I60M1I19M1D42M2I85M
115	4731	0.588	0.000E+00	0	968	970	0	981	982	305M3D43M2D14M1D33M1D28M2I39M3I19M1D17M3D5M1D23M1D47M1D217M1D21M1D59M2D94M
68	4709	0.610	0.000E+00	0	968	970	0	900	901	4M5D7M10I7M2I320M2D59M1I11M4I4M35I12M9I3M13I30M1D26M2D22M1I177M1I59M1I25M1I125M
130	4658	0.567	0.000E+00	0	968	970	0	982	983	295M3D52M2D19M1D28M1D46M2D42M3I32M5D14M1D46M1D218M1D22M1I49M1D102M
15	4637	0.583	0.000E+00	0	962	970	36	977	983	303M1I21M1I35M2I33M1D17M3I27M1I56M1D34M10I16M2I14M2I175M1I209M
80	4634	0.652	0.000E+00	42	968	970	1	930	931	291M1I16M2D56M1I38M4D54M1D32M1D26M1D22M1I177M1I59M1I17M1I133M
84	4614	0.635	0.000E+00	47	968	970	0	928	929	286M1I16M2D59M1I36M4D56M1D21M1D42M6D12M1I179M1I68M1I9M1I33M1I98M
74	4505	0.612	2.540E-102	7	957	970	1	924	926	398M1I24M3D55M20I38M1D26M1I188M2I31M1I25M6I21M1I11M1I87M2D14M
59	4471	0.556	1.525E-101	0	963	970	0	973	982	7M1D287M3D54M2D18M1D29M1D36M2D54M1D18M4D34M2D12M6D23M1D182M6D6M7I28M1D16M2I10M11I6M2I21M1D101M
54	4417	0.524	2.630E-100	0	969	970	0	919	923	281M1D68M2D17M1D23M2I14M5I13M11I45M3I25M9I33M3I6M6I231M1D24M15I28M1I107M
56	4409	0.519	4.009E-100	0	969	970	0	927	931	267M5D10M4I41M2I41M1D43M8I22M7I66M5I43M7I226M1D24M4I10M11I21M1I107M
3	4408	0.515	4.226E-100	0	968	970	0	881	882	268M5D7M4I52M17I17M1D55M16I63M5I7M23I21M15I13M2D212M1D24M15I28M1I106M
51	4402	0.534	5.799E-100	0	964	970	0	922	932	281M1D62M2I21M1D44M8I12M8I73M5I23M8I13M2D232M1D27M15I28M1I102M
44	4386	0.526	1.348E-99	0	969	970	0	882	886	268M2D9M1I55M2I6M15I9M1D55M16I63M5I14M27I9M1I10M10I8M2D212M1D24M15I28M1I107M
42	4386	0.514	1.348E-99	0	968	970	0	932	933	279M1D21M2I34M7I22M1D28M1I25M8I22M3I72M5I13M1D32M5I8M3I202M1D25M8I6M1D51M1D87M
78	4371	0.532	2.973E-99	0	968	970	0	939	940	280M1D21M1I26M1I37M1D23M1I32M1I2M7I17M3I21M3I38M13I17M5I10M1I10M3D10M2D10M5D205M1D11M2I19M5I54M1D83M
23	4367	0.516	3.671E-99	0	964	970	0	930	935	279M1D22M1I30M6I52M1I23M5I11M8I37M1I6M3I26M10I60M3D8M2D207M1D23M7I53M1D86M
109	4364	0.515	4.301E-99	0	967	970	0	914	915	281M1D85M1D54M10I18M5I29M2I20M2I34M16I239M1D22M1D8M17I31M5I90M
35	4363	0.513	4.533E-99	0	964	970	0	920	929	266M12D2M11I48M1D39M1D16M1I37M16I21M2I39M8I14M4I14M2I255M1D25M14I28M1I102M
52	4354	0.508	7.287E-99	0	969	970	0	904	913	267M5D8M4I52M4I31M1D57M19I60M29I264M1D24M15I28M1I107M
76	4351	0.523	8.535E-99	0	969	970	0	921	925	268M2D9M1I48M1I39M1D23M1I31M11I9M4I66M5I17M1I19M12I230M1D12M3I19M12I21M1I107M
41	4349	0.516	9.485E-99	0	969	970	0	923	924	278M1D21M3I36M1I26M1D43M17I86M5I26M1I30M6I216M1D14M1I7M17I28M1I102M3D5M
49	4347	0.512	1.054E-98	0	969	970	0	858	862	267M5D8M4I52M17I17M1D46M44I19M6I17M28I19M5I32M2D214M1D24M15I28M1I107M
57	4346	0.519	1.111E-98	0	964	970	0	921	931	278M1D23M1I44M1D20M1D46M4I26M5I12M5I47M5I26M11I11M3I15M3D213M1D24M15I28M1I102M
50	4342	0.523	1.372E-98	0	969	970	0	904	906	268M2D9M1I88M1D15M2I27M31I15M3I6M3I7M4I70M3I6M6I231M1D24M15I28M1I107M
43	4340	0.523	1.524E-98	0	969	970	0	927	931	268M2D9M1I88M1D16M1I38M11I36M4I39M5I8M9I6M1I20M2D235M1D24M15I28M1I107M
77	4329	0.509	2.723E-98	0	969	970	0	919	925	277M1D77M2D35M1I31M11I4M5I47M1I21M3I13M7I20M9I228M1D33M17I22M1I102M1D5M
45	4329	0.527	2.723E-98	0	964	970	0	918	927	281M1D73M1D12M1D23M2I14M5I13M11I63M7I45M3I6M6I231M1D24M15I28M1I102M
48	4327	0.517	3.026E-98	0	968	970	0	898	899	268M2D9M1I15M2I32M1D12M5I17M1D29M4I29M7I31M8I38M9I6M6I25M16I15M1D211M1D28M18I128M
113	4326	0.526	3.189E-98	0	964	970	0	905	915	274M2D3M1I62M4I3M2I16M1D41M3I5M5I19M7I62M9I8M9I262M1D18M3I3M15I26M4I12M1I88M
69	4317	0.519	5.126E-98	0	969	970	0	920	924	277M1D62M1I6M9I11M1D22M2I30M1I8M14I19M3I93M6I228M1D17M6D4M21I28M1I107M
46	4312	0.522	6.672E-98	0	964	970	0	916	926	281M1D62M2I21M1D45M17I2M5I15M10I50M3I26M8I13M2D232M1D29M19I22M1I76M12D26M
60	4294	0.515	1.724E-97	6	969	970	2	991	994	4M2D21M10D7M3D256M3D70M1D24M1D32M1D32M1D109M1D24M10D170M1I31M1D24M2I31M6I28M1D92M
71	4289	0.522	2.244E-97	4	964	970	16	925	934	277M1D73M1D12M1D23M2I29M1I3M23I30M2I20M2I48M3I6M6I231M1D24M15I28M1I102M
82	4288	0.521	2.365E-97	5	964	970	30	942	947	2M1D261M2D9M1I32M1D22M4I30M1D25M1D24M1I7M11I24M1D24M3I19M2I39M16I234M1D28M18I37M1D87M
83	4280	0.514	3.606E-97	7	964	970	32	942	947	260M7D8M6I20M1I31M1I6M3I4M1I18M1D25M1D19M8I5M3I53M3I22M2I16M10I22M2I236M1D31M18I37M1D87M
66	4277	0.499	4.224E-97	0	968	970	0	922	923	82M1D198M1D21M1I30M6I12M7I7M1I25M1I31M13I40M1I6M3I92M10I208M1D35M7I42M1D90M
116	4266	0.521	7.545E-97	0	969	970	0	892	893	268M2D9M1I53M7I45M4I19M3I12M12I73M11I4M16I23M5I227M1D22M5I8M13I34M4I22M1D70M
13	4266	0.504	7.545E-97	0	969	970	0	890	894	267M5D10M4I41M3D36M7I41M19I31M9I35M3I13M24I14M1I18M5I217M1D24M15I28M1I107M
70	4221	0.505	8.093E-96	0	969	970	0	857	858	281M1D20M1I3M17D7M36I3M4I11M1D23M2I19M31I15M3I6M3I18M30I33M3I6M6I228M1D27M15I28M1I104M3D3M
58	4147	0.513	4.005E-94	0	969	970	0	885	889	281M1D73M1D12M1D23M2I20M17I4M27I9M7D5M8I26M9I33M3I6M6I231M1D10M1I13M21I22M1I107M
47	4115	0.496	2.165E-93	0	964	970	0	810	820	273M5D4M4I64M3I14M1D20M1I37M1I4M11I11M2I11M41I4M59I20M1I210M1D18M3D10M18I14M23I87M
65	4112	0.516	2.536E-93	7	963	970	2	870	879	296M2D47M2D11M1D62M4I12M14D15M15I42M21I16M2I30M1D175M1I36M30I6M35I101M
55	3968	0.485	5.030E-90	0	969	970	0	889	893	112M1I168M1D62M1D19M1D7M2I49M16I29M3I9M7D20M7I3M9I49M2I112M1I49M1I38M20I7M4I2M1I17M21I22M1I70M1I36M
79	3905	0.498	1.394E-88	53	968	970	1	888	889	227M1D21M1I45M1I13M1D28M1I29M8I22M3I74M6I53M5I202M2D4M1I19M3I14M4I42M1D90M
117	3815	0.391	1.604E-86	0	969	970	0	1002	1003	2M2D270M3D5M2I13M1I13M2I16M6D9M11I61M3I19M1I18M5I5M3I28M1D67M6D109M1D129M2D16M22D36M4D24M7D94M7D8M
92	3788	0.371	6.659E-86	5	965	970	1	1083	1084	264M2D9M2D86M13D4M11D41M1D22M5D17M3D18M1I80M5D27M9D94M2D137M33D32M15D31M10D16M9D78M3D4M
103	3770	0.488	1.720E-85	26	968	970	0	885	886	49M4I8M5I7M2I170M5I15M1D23M1D26M12I37M2I36M1I55M11D25M20I24M11I3M3I97M2D122M1D23M5I59M3I91M
128	3719	0.379	2.532E-84	3	962	970	1	867	876	2M3D263M6I5M9D21M13I6M4I12M13I17M11I37M22I5M45I35M1D47M10D101M1D120M1D31M5I60M1D79M
122	3575	0.345	5.022E-81	7	969	970	6	971	1001	261M2D35M6I3M5I18M21I12M27D27M3I34M7I43M3I23M5I31M11I23M14I75M1D119M2D21M4D6M17D18M17D22M11D93M3I21M
18	3526	0.324	6.652E-80	5	960	970	1	1240	1248	261M5D39M2I43M12D49M7D38M7D63M5I69M17D12M21D68M1I11M1D141M6D4M22D5M63D12M2D10M86D2M37D38M6D83M
8	3499	0.350	2.762E-79	0	969	970	0	1014	1016	2M2D266M15D7M1I100M6D47M1I48M1D113M3I82M2D127M1D11M12D54M10D99M1D9M
101	3454	0.362	2.963E-78	0	961	970	15	928	936	265M6I22M9I9M3I20M4I6M6I28M10I10M3I19M19I39M2I22M1I81M7D6M5D61M2D104M11D40M1D12M2I10M9I21M3I34M3D76M
126	3340	0.353	1.208E-75	6	964	970	10	807	808	98M2I159M10I4M9D21M7I26M36I9M8I14M45I13M9I12M8I21M48I4M3I9M5D13M7D134M1I31M1D4M3I28M4I4M1D13M2D113M1I2M1I41M
100	3252	0.335	1.251E-73	0	969	970	0	801	806	2M1I269M10I10M25I13M37I51M22I7M4I35M3I19M21I12M22I5M11I86M1D5M1D85M3I3M5D30M3D21M22I24M3I17M2D7M1I49M1D17M4D18M
114	3248	0.347	1.545E-73	0	961	970	0	922	929	220M1D45M5I22M2I42M12I47M5I12M3I36M7D55M3I32M9I99M2D87M5I11M3D43M1D12M6D60M8I3M7I77M
91	3238	0.338	2.618E-73	5	969	970	9	787	788	97M1D163M18D3M84I12M1I9M66I17M2I35M1I13M7I10M17I17M4I22M1D68M2I10M4D5M2I79M3I3M3I36M1I12M17I25M1I3M2I26M1I1M3I34M2D17M4D27M1D4M
98	3176	0.318	6.881E-72	5	969	970	13	774	776	99M1D162M9D10M2I8M27I5M34I15M36I12M54I30M24I5M4I27M8I22M4D64M2I10M1D5M1D75M1I8M6I34M1I14M5I11M14I12M1I3M2I25M3I2M1I32M2D22M4D28M
7	3143	0.323	3.920E-71	5	969	970	8	825	857	100M1D173M21I7M17I10M8I82M20I10M14I10M8I30M48I23M3I39M2D43M3D46M2I18M1D20M6I31M1I22M10I41M6I14M2D32M2D38M3D6M3D6M
124	3136	0.335	5.670E-71	5	963	970	1	712	713	258M3D2M8D3M12D11M18I27M150I4M8D27M68I14M2I40M1D23M1I17M2D82M1I32M1I26M30I16M3I15M7I41M1D6M1I33M
97	3125	0.326	1.013E-70	5	969	970	26	784	786	99M1D162M9D10M41I6M30I8M22I24M61I32M3I14M20I20M5I9M1I16M2I62M3I10M1D5M1D84M6I34M1I13M3D4M12I14M9I4M1I3M2I25M5I36M1D16M2D31M
10	3099	0.321	3.989E-70	5	969	970	26	782	784	99M1D161M15D3M48I6M31I8M1I9M13I31M29I6M13I13M6I6M8I11M9I13M4I19M30I6M2I62M2I11M4D5M2I82M6I34M1I17M10I4M5I14M5I5M2I26M5I32M2D21M2D29M
89	3098	0.317	4.205E-70	0	969	970	0	759	777	5M2D99M1D165M16I8M25I15M8I21M23I20M7I18M38I5M10I17M68I18M4I38M2D39M4D3M2I47M2I16M1D13M3I3M4I26M2I21M15I24M3I37M2D36M2D37M6D9M
120	3070	0.324	1.841E-69	5	969	970	7	758	764	98M2I163M3D9M5I51M11I15M1I8M1I17M24I14M42I16M72I32M3I35M2D39M1D7M1D47M2I18M1D51M5I18M20I17M24I6M7I2M1I35M1I46M
0	3066	0.322	2.273E-69	5	969	970	13	752	754	99M1D163M18D10M72I18M28I15M41I6M29I16M14I7M26I10M5I24M2I62M3I10M1D5M1D77M1D7M6I34M1I12M4D10M22I12M1I30M5I31M2D21M2D31M
87	3059	0.320	3.287E-69	5	969	970	7	746	770	100M1D162M1D9M8D10M35I12M63I15M59I2M3I12M1D21M48I6M4I25M1I36M2D42M2D47M2I18M1D10M2I7M5I25M2I25M13I29M8I22M1D35M2D41M1D9M
63	3053	0.328	4.511E-69	5	969	970	7	754	778	100M1D162M1I28M25I12M63I15M38I2M24I11M26I43M7I10M8I6M3I39M2D39M4D2M2I46M2I17M1D12M3I5M4I24M2I21M8I19M4I12M1I6M5I15M2I40M4D3M2I37M1D9M
40	3041	0.308	8.492E-69	0	969	970	0	759	776	5M1D98M1D165M69I11M5D26M8I37M23I12M29I21M75I49M2D39M4D3M2I45M2I18M1D13M3I3M4I36M2I9M13I37M5I26M2D36M2D38M7D8M
95	3040	0.328	8.952E-69	5	969	970	1	718	720	99M2I161M9D1M15I9M16I23M29I18M29I12M20I11M12I3M1I5M14I13M77I17M3D32M2D44M2D51M2I16M1D51M5I14M34I37M6I1M3I35M1I38M2D8M
88	3021	0.316	2.438E-68	5	969	970	7	752	770	268M10I6M41I7M12I7M3I5M19I22M63I10M11I7M10I12M5I4M11I6M19I24M2I39M2D39M4D3M2I47M2I12M1D14M2I7M5I23M2I27M15I20M3I37M2D36M2D38M7D8M
96	3016	0.321	3.173E-68	5	969	970	38	941	948	30M5I225M14D13M5I35M2D60M3I46M36D3M13I15M14I5M8I21M26I10M16I30M1I2M6D61M4I9M4D5M2I48M1I32M1I38M1D19M18I18M6I34M1I82M
20	3006	0.314	5.376E-68	0	969	970	2	754	772	279M7D13M2I35M31I9M59I2M37I18M53I15M27I7M2I39M2D39M4D3M2I45M2I18M1D24M7I16M2I23M5I10M3I31M6I17M2I38M2D41M7D8M
1	2980	0.303	2.118E-67	0	969	970	0	786	787	269M1D8M40I45M50I7M48I10M12I9M35I28M15I12M1I25M1D13M2D38M1D5M1D49M2I16M2D15M3I2M5I50M14I59M3I32M1D4M2D5M7D10M8D2M3D21M16D8M
37	2953	0.312	8.793E-67	4	969	970	2	810	829	11M2D144M1I105M16D4M22I10M25I8M16I18M4I22M22D15M1I22M14I4M14I10M7I5M11I14M34I13M18I11M2I39M2D37M1D5M1D49M2I16M1D13M1I15M2I19M3I19M3D11M15I17M15I55M2D48M
125	2946	0.314	1.272E-66	3	958	970	25	805	813	264M1D4M2D21M11I18M39I23M18I4M15D14M25I5M7I5M8I19M3I10M20I32M3I21M13I63M13I127M1I10M1D14M5D2M11I7M2I22M25I72M
2	2931	0.311	2.805E-66	3	964	970	8	779	781	103M1I54M1I169M27I8M16I11M66I25M3I2M8I9M52I27M5I35M1D43M3D49M1D11M1D6M4D62M5D15M31I8M3I27M7I33M3D11M5D12M3D16M4D6M
36	2924	0.303	4.057E-66	3	969	970	1	816	829	11M2D145M1I105M16D4M22I10M25I11M34I9M19I22M21I9M19D2M14I36M28I16M1I19M1D20M2I39M2D37M1D5M1D49M2I16M1D13M1I15M2I19M3I17M10D11M12I24M25I40M4D3M2I36M2D5M4D5M
14	2860	0.325	1.185E-64	2	963	970	79	885	886	3M3D98M7I4M18I7M3I72M1D56M2D7M3I24M4I22M8I27M17I17M5I7M1D10M27I17M5I12M7I38M8I43M4I5M2I76M1D5M1D128M1I11M25I14M22I88M2D5M
123	2773	0.433	1.164E-62	44	772	970	0	713	715	228M2D8M8I139M5I14M1D29M7D28M12I37M3I181M1D23M2D14M
21	2729	0.350	1.184E-61	1	811	970	0	701	745	213M1D51M3D14M2I10M31I18M1I29M29I62M22I61M23I20M2I76M1D5M1D72M1I10M5D1M6I34M3I15M
121	2555	0.309	1.143E-57	11	831	970	1	618	619	258M11D8M4I8M12I12M110I2M60I22M26I7M11D18M3I4M6I20M1I22M1D11M2D43M2D51M2I16M2D14M2I9M3I22M5I3M2D37M
12	2547	0.318	1.742E-57	5	852	970	2	674	675	260M7D12M82I15M27I22M21I10M12I48M10I27M15I21M2I27M1I7M2D35M1D7M1I3M2I45M2I18M1D13M2I36M9I56M
9	2351	0.271	5.363E-53	5	969	970	7	621	639	100M1D165M51I41M109I7M101I2M8D9M5I3M5I3M66I45M2I18M1D13M2I4M5I25M2I21M15I24M9I4M2D27M2D32M2D41M6D9M
11	2128	0.302	6.853E-48	5	816	970	5	581	596	37M32I201M6D16M9I14M67I29M77I24M44I13M7I11M4I24M1D10M2D41M1D5M1D49M2I16M2D14M2I8M3I23M3I17M2D10M
19	1789	0.202	3.969E-40	5	964	970	12	730	735	28M1D16M2D44M1I11M1I42M1D11M5D4M8D20M1I3M3D27M2D51M12D8M82I16M17I17M65I31M61I17M3I5M4I12M2D6M2D47M1I4M1D16M2D78M4D41M4I5M2I11M18I48M7I5M19I16M1D8M1I25M
90	1371	0.155	1.481E-30	0	960	970	0	691	697	4M1I2M1D25M1I15M5I52M1I40M5D17M1I21M1I29M12I3M1I34M3D5M25D10M27I23M25I9M18I9M21I11M25I4M115I21M9I31M3I7M2D6M1I5M5I16M12D33M1I3M5D7M3I19M2D18M14I25M3I18M12I35M21I8M1I4M1I10M1D12M1D10M1D15M1D17M
4	1266	0.168	3.757E-28	9	964	970	8	687	688	40M4I52M1I38M3D3M2D16M1I22M1I22M4D10M12I39M51I14M9I28M2I17M2D20M17I19M3I1M3I7M10I15M74I17M7I4M2I5M5I25M3I14M3D2M1D8M2I11M5D9M5D8M1D10M1I22M2D2M3I18M2D14M1I7M7I6M4I11M84I8M3D7M3I5M4D12M7I7M1D22M3D22M
129	1164	0.156	8.140E-26	10	960	970	0	650	656	3M1D1M1I17M1I10M35I3M2D4M1D20M1I40M3D4M2D13M1I18M1I33M13I38M2D16M20I3M18D7M35I20M41I3M68I19M62I15M3I10M7I27M2I5M1I7M2D6M1D8M1D7M3D14M1D32M1I2M5D9M3I16M2D19M14I16M2I10M1I19M4I35M18I8M3I2M1I7M9I3M1D16M1D6M1D13M1D19M
99	978	0.265	1.479E-21	5	349	970	17	361	450	8M1D1M1I16M1I13M5I55M1I38M3D3M1D14M1I23M1I40M10I32M16D53M1I28M
17	832	0.160	3.259E-18	9	893	970	3	921	985	22M2I27M2I3M1I9M1I4M1D26M1I38M2D3M1D15M2I6M11D17M1I16M12D10M8D3M7D7M4I33M17D31M2D57M13D35M7D14M1D79M1I29M10D34M20D15M3D28M5I10M2I14M4I10M17I5M3I13M10D3M6I3M8D17M57I6M1I47M6D21M1D46M3D9M1D10M
93	699	0.162	3.620E-15	11	606	970	13	747	803	34M7I41M1I12M1I38M3D3M4D16M2I3M1I13M2D29M4I6M2I6M20D32M9D28M5D35M2D12M5D22M104D25M3I16M4I93M9D23M7D31M2I15M1D14M5I17M
 62	7012	1.00	0.000E+00	0	930	931	0	930	931	931M
39	6482	0.959	0.000E+00	0	930	931	0	964	965	414M15D7M19D510M
119	6274	0.901	0.000E+00	0	930	931	0	967	968	391M2I21M15D7M19D66M4D347M1D97M
38	6184	0.892	0.000E+00	0	930	931	0	968	969	414M13D7M19D66M4D313M1D34M1D97M
85	6032	0.859	0.000E+00	0	930	931	0	969	970	349M2I63M15D7M19D58M1D8M4D314M1D35M1D95M
64	6013	0.850	0.000E+00	0	930	931	0	967	968	414M14D7M19D48M1I14M3D316M1D35M1D96M
106	6008	0.860	0.000E+00	0	930	931	0	969	970	349M2I64M19D6M15D58M1D8M4D314M1D35M1D95M
86	6002	0.861	0.000E+00	0	930	931	0	969	970	349M2I63M15D7M19D58M1D8M4D314M1D35M1D95M
25	5999	0.853	0.000E+00	0	930	931	0	969	970	349M2I63M15D7M19D58M1D8M4D313M1D36M1D95M
34	5976	0.861	0.000E+00	0	930	931	0	969	970	349M2I63M15D7M19D58M1D8M4D314M1D35M1D95M
5	5963	0.858	0.000E+00	0	930	931	0	969	970	349M2I63M18D9M16D56M1D8M4D314M1D35M1D95M
26	5963	0.855	0.000E+00	0	930	931	0	969	970	349M2I63M15D7M19D58M1D8M4D314M1D35M1D95M
75	5958	0.853	0.000E+00	0	930	931	0	969	970	414M15D7M19D66M3D312M1D38M1D94M
29	5954	0.853	0.000E+00	0	930	931	0	969	970	349M2I63M15D7M19D58M1D8M4D314M1D35M1D95M
30	5951	0.851	0.000E+00	0	930	931	0	971	972	414M15D7M19D66M4D58M1D256M1D34M1D96M
24	5944	0.846	0.000E+00	0	930	931	0	969	970	349M2I63M15D7M19D58M1D8M4D314M1D35M1D95M
27	5933	0.850	0.000E+00	0	930	931	0	969	970	349M2I60M18D10M16D58M1D8M4D314M1D35M1D95M
107	5916	0.824	0.000E+00	0	930	931	0	968	969	349M2I63M15D7M19D58M1D8M4D316M1D12M1I22M1D93M
53	5908	0.852	0.000E+00	0	930	931	0	963	964	413M15D8M19D66M4D23M6I3M1I280M1D35M1D96M
111	5897	0.875	0.000E+00	0	930	931	0	937	938	414M1D65M1D7M4D296M1I18M1D33M1D97M
28	5889	0.855	0.000E+00	0	930	931	0	970	971	349M2I18M1D45M15D7M19D58M1D8M4D314M1D35M1D95M
31	5888	0.851	0.000E+00	0	930	931	0	969	970	349M2I63M15D7M19D58M1D8M4D314M1D35M1D95M
105	5875	0.845	0.000E+00	0	930	931	0	962	963	414M15D7M18D66M4D295M1I10M5I36M1D97M
33	5830	0.838	0.000E+00	0	930	931	0	969	970	349M2I63M15D7M19D58M1D8M4D314M1D35M1D95M
6	5823	0.852	0.000E+00	0	930	931	0	969	970	349M2I63M15D7M19D58M1D8M4D314M1D35M1D95M
61	5798	0.818	0.000E+00	0	930	931	0	932	933	414M14D7M19D20M15I14M18I312M1D35M1D96M
22	5795	0.808	0.000E+00	0	930	931	0	957	958	334M1I16M1I4M1I57M8D7M19D9M2I54M4D294M1I20M1D35M1D95M
112	5762	0.824	0.000E+00	0	930	931	0	970	971	414M15D7M19D45M1I12M1D12M4D292M1I15M1D15M1D22M1D95M
131	5616	0.789	0.000E+00	0	930	931	0	895	896	414M14D7M19D32M73I274M1D11M3D24M1D96M
94	5613	0.808	0.000E+00	0	930	931	0	923	924	334M1I53M1I63M3I32M4D35M2I259M1I16M1D37M4I90M
108	5566	0.807	0.000E+00	0	930	931	0	927	928	334M1I53M1I26M1I71M4D21M1D17M2I255M1I17M1D37M3I91M
67	5408	0.736	0.000E+00	5	930	931	6	963	964	329M1I79M15D9M17D64M4D303M5D2M8I12M1I23M1D95M
104	5358	0.812	0.000E+00	0	930	931	0	937	938	44M32I273M2I63M15D7M19D58M1D8M4D314M1D35M1D95M
32	5349	0.845	0.000E+00	42	930	931	1	928	929	307M2I63M15D7M19D58M1D8M4D314M1D35M1D95M
102	5181	0.685	0.000E+00	0	930	931	0	963	964	334M1I79M15D9M17D22M6I28M1D13M4D309M2D35M1D95M
72	5104	0.672	0.000E+00	0	929	931	0	957	958	337M1I70M26D54M1D16M1D10M4D6M1D30M1I17M1I177M1I60M4D13M7I8M2D121M
110	4997	0.842	0.000E+00	90	930	931	0	879	880	259M2I63M15D7M19D58M1D8M4D314M1D35M1D95M
118	4993	0.679	0.000E+00	0	929	931	0	977	978	338M1I72M29D10M8D42M1D15M1D9M4D7M1D47M1I179M1I13M2D49M1D33M3D15M1D98M
127	4874	0.651	0.000E+00	0	929	931	43	1012	1013	337M1I71M29D12M8D41M1D16M1D10M4D9M2D27M1I17M1I177M1I67M3D4M4I134M
115	4758	0.577	0.000E+00	0	929	931	0	981	982	305M3D61M1D31M1D17M5D11M19D14M5D15M1D12M8D11M1D17M1D47M1D217M1D21M1D22M1D36M3D93M
68	4678	0.642	0.000E+00	3	929	931	8	900	901	8M10I7M2I381M6I20M17I7M5I13M1D9M4D6M1D26M2D22M1I178M1I60M4D12M7I8M2D18M1D103M
81	4673	0.815	0.000E+00	39	841	931	7	874	885	382M32D24M1I41M4D293M2D21M1D15M27D26M
74	4666	0.597	0.000E+00	7	925	931	1	912	926	330M2I72M21D10M15D29M4I15M8I27M2I26M1I188M2I30M1I26M3I9M3I104M17I10M
73	4608	0.620	0.000E+00	23	929	931	2	932	933	311M1I76M14D10M14D29M4I24M1D9M4D29M5I200M1I33M1I24M1D3M6D9M5I38M1D95M
16	4602	0.580	0.000E+00	0	923	931	34	972	978	304M1I20M1I20M3I45M1D18M12D15M8D14M14I7M7D56M4D15M3D183M1I84M1D39M1I83M
59	4579	0.547	0.000E+00	0	924	931	0	973	982	7M1D287M3D74M1D29M1D19M15D16M21D20M2I2M3D27M5D5M6D24M6D14M1D193M4I3M3D32M1D28M14I33M2D92M
15	4559	0.574	0.000E+00	0	923	931	36	977	983	303M1I21M1I27M4I41M1D13M18D1M12D54M1D16M1D8M1D10M7I16M2I22M2I167M1I60M1I9M11D4M9I28M1D96M
130	4522	0.554	1.449E-103	0	929	931	0	982	983	295M3D73M1D26M1D18M36D38M3I31M6D5M5D51M1D218M1D25M9D8M9I25M2D105M
84	4499	0.629	4.928E-103	47	929	931	0	928	929	286M1I77M6D1M23D9M8D41M1D16M1D9M5D41M6D13M1I179M1I67M4D5M7I23M2D106M
80	4493	0.641	6.779E-103	42	929	931	1	930	931	295M1I71M29D12M8D41M1D16M1D10M4D6M1D26M1D22M1I178M1I60M11D7M12I35M1D94M
3	4460	0.530	3.918E-102	0	929	931	0	881	882	268M9D5M8I52M19I15M1D74M13I25M1I43M3I15M1I216M1D32M14I126M
52	4453	0.526	5.685E-102	0	930	931	0	904	913	267M9D6M8I53M4I9M2I19M1D44M2I25M14I21M10D42M2I7M1I232M1D29M14I130M
43	4439	0.516	1.197E-101	0	930	931	0	927	931	265M7D8M6I67M2I20M1D16M1I54M15I37M6D10M18D18M1I8M3D230M1D29M14I130M
116	4438	0.528	1.262E-101	0	930	931	0	892	893	265M7D8M6I53M7I7M1I11M1I26M4I21M2I27M14I17M2I9M4D40M3D7M3D230M1D20M2I7M15I28M3I28M1D70M
109	4419	0.528	3.465E-101	0	928	931	0	914	915	281M1D65M2I20M1D71M15I41M7D6M6D20M2D19M4D218M1D22M1D8M16I36M4I85M
54	4412	0.527	5.027E-101	0	930	931	0	919	923	281M1D87M1D15M3I11M1D41M16I19M3I40M8D12M13D230M1D29M14I130M
44	4409	0.535	5.896E-101	0	930	931	0	882	886	268M2D10M1I54M19I15M1D71M16I26M2D43M3I16M1I215M1D32M14I127M
49	4404	0.534	7.692E-101	0	930	931	0	858	862	267M9D6M8I52M19I15M1D45M5I5M5I10M17I37M3I7M3I20M1I3M10I8M2D212M1D32M14I127M
45	4396	0.529	1.177E-100	0	929	931	0	922	927	281M1D71M1I15M1D15M3I11M1D41M16I26M6D35M5D6M9D5M3D232M1D29M14I129M
56	4388	0.512	1.801E-100	0	930	931	0	927	931	266M10D3M9I43M2I25M2I17M1D42M25D30M6I5M3I19M3D51M7I226M1D31M14I130M
77	4369	0.519	4.944E-100	0	930	931	0	924	925	277M1D119M1I42M15I51M4D11M11D12M3D228M1D21M2I8M14I124M6D6M
113	4361	0.532	7.565E-100	0	925	931	0	905	915	274M2D4M1I53M7I5M1I22M1D43M2I27M14I15M15D64M2D10M3D3M2D213M1D18M3I8M14I28M4I93M
57	4357	0.527	9.357E-100	0	925	931	0	921	931	278M1D23M1I38M1I27M1D38M10D6M4D5M7D22M17I76M2D12M3D214M1D29M14I125M
69	4356	0.519	9.868E-100	0	930	931	0	920	924	268M2D10M1I48M1D12M2I18M10I15M2I47M11D12M9I45M7D16M6D243M1D14M6D11M20I128M
50	4355	0.518	1.041E-99	0	930	931	0	904	906	265M7D8M6I89M1I14M2I54M15I10M3D19M6D33M5I237M1D29M14I130M
42	4355	0.526	1.041E-99	0	929	931	0	932	933	279M1D12M3I16M1D26M9I22M1D29M1I14M3D27M16I3M11D11M4D41M10D41M4D208M1D26M4D6M10I28M2D102M
51	4354	0.527	1.098E-99	0	926	931	0	923	932	281M1D59M4I24M1D73M13I32M3D15M20D18M1I8M3D230M1D29M14I126M
78	4336	0.527	2.858E-99	0	929	931	0	939	940	280M1D21M1I45M3I18M1D23M1I27M7D9M3D13M13I2M5D30M2D15M2D32M3D20M7D205M1D14M4D18M10I28M2D102M
71	4332	0.520	3.535E-99	4	926	931	16	926	934	277M1D71M1I15M1D15M3I11M1D11M17D4M7D27M14I23M3I37M5I237M1D29M14I126M
41	4326	0.516	4.863E-99	0	929	931	0	923	924	265M7D8M6I19M4I8M1D28M1I29M1I42M1I26M16I19M15D32M1D10M2D17M9D226M1D13M2I15M15I123M4D4M
35	4324	0.517	5.408E-99	0	928	931	0	928	929	267M11D4M10I63M1I23M1D16M1I25M5D31M13I8M6D22M11D42M2I230M1D19M1D10M14I124M5D4M
76	4309	0.521	1.201E-98	0	930	931	0	921	925	266M5D11M4I69M3I15M1D28M1I42M15I37M6D34M2D19M13D214M1D31M14I128M
46	4309	0.525	1.201E-98	0	926	931	0	917	926	281M1D59M4I24M1D71M14I5M2D45M8D16M1I8M3D230M1D14M2D11M20I97M12D27M
13	4306	0.514	1.408E-98	0	930	931	0	890	894	266M10D3M9I52M7I30M1D40M5I26M18I12M2I12M2I10M2I44M7D218M1D27M14I132M
23	4296	0.515	2.396E-98	0	929	931	0	934	935	279M1D22M1I31M7I22M1I29M1I14M9D5M1D17M6D9M14I53M10D42M4D4M1D208M1D34M6I29M2D102M
48	4260	0.523	1.624E-97	0	929	931	0	898	899	265M7D8M6I14M2I42M1I6M5I14M1D21M4I39M4D12M18I45M1I13M8D28M1D214M1D28M17I36M1D91M
70	4259	0.518	1.713E-97	0	926	931	0	850	858	281M1D20M1I3M17D7M42I14M1D15M3I11M1D15M2I23M19I14M11I35M5I237M1D29M14I126M
65	4256	0.536	2.009E-97	7	930	931	2	876	879	296M2D18M1D17M1I22M1D63M2I27M1D13M1D17M4D3M7D57M1D173M1I39M20I9M19I6M24I97M
47	4238	0.511	5.231E-97	0	925	931	0	810	820	268M9D3M8I66M5I14M1D20M1I25M17I11M17I7M27I5M2I20M12I12M1I217M1D29M14I22M22I81M
58	4237	0.528	5.517E-97	0	930	931	0	885	889	281M1D71M1I15M1D15M3I11M1D12M10I25M10I28M1D34M5I237M1D10M1I15M20I127M
60	4227	0.499	9.388E-97	5	930	931	1	991	994	5M2D21M10D7M3D256M3D39M2I29M1D26M1D20M23D17M13D22M5I12M7D13M3D45M1D21M2D4M8D169M1I39M1D16M2I10M14I9M9D31M2D91M
83	4205	0.504	3.024E-96	0	925	931	25	942	947	4M1I2M1D261M8D4M7I22M1I31M7I28M1D29M1D42M15I37M10D12M5D36M11D219M1D28M17I32M2D91M
66	4204	0.510	3.189E-96	0	929	931	0	922	923	82M1D198M1D21M1I31M6I20M10I27M1I13M5D14M5D7M6D8M14I75M8D6M3D16M1I207M1D35M6I29M2D102M
82	4192	0.519	6.035E-96	5	925	931	30	942	947	2M1D258M7D8M6I31M1D26M4I7M2I19M1D29M1D30M4D12M14I9M15D23M2D273M1D28M17I32M2D91M
55	4029	0.496	3.499E-92	0	930	931	0	889	893	112M1I168M1D58M4I12M3D9M1D7M2I35M7D10M11D32M3I12M8I42M2D128M1I48M1I38M20I7M4I2M1I20M20I89M1I36M
79	3878	0.513	1.072E-88	52	929	931	0	888	889	228M1D21M1I43M3I15M1D28M1I17M3I15M6D10M9D6M10I30M2D18M2D32M3D16M4I2M12D203M1D14M4D18M10I28M2D102M
103	3744	0.492	1.331E-85	26	929	931	0	885	886	49M4I8M5I7M2I170M5I15M1D23M1D26M14I40M2I19M14D6M19D33M11D12M15I34M11I12M2I4M1I84M2D128M1D35M8I16M2D114M
128	3721	0.387	4.519E-85	2	923	931	0	867	876	3M3D263M6I5M9D21M8I22M7I1M10I19M18I33M1I20M17I66M9D15M8I88M1D125M1D12M3D23M7I44M2D80M
117	3675	0.369	5.213E-84	0	930	931	0	995	1003	5M2D264M10D10M6I30M14D7M1D22M4D88M8D7M16I22M1D41M9D110M1D130M2D13M22D9M2D3M2D9M8I34M17D97M
92	3591	0.348	4.534E-82	5	926	931	1	1083	1084	261M4D34M38D73M4I9M28D20M21D26M3D9M13I27M5D56M5D95M2D136M53D17M4D7M8I30M20D93M3D4M
122	3476	0.348	2.049E-79	7	930	931	6	972	1001	261M2D35M6I31M30D26M13I18M5I37M14I15M2D36M2I44M3I79M1D117M1D9M1D12M4D6M17D13M24D3M6I13M12D97M1I7M1I14M
101	3442	0.375	1.249E-78	5	922	931	20	928	936	260M6I62M4D12M4D9M2D18M2I6M7D33M1I24M18I10M4I21M1D38M4I15M1I7M4D58M2D102M12D3M1I38M1D12M2I20M8I10M1D113M
8	3388	0.348	2.205E-77	0	930	931	0	1015	1016	5M2D262M14D37M7D30M10D21M10D33M7D14M1I36M18I37M4D34M3D27M18D78M2D122M1D16M12D25M4I21M15D25M1D74M2D11M
100	3325	0.345	6.278E-76	0	930	931	0	801	806	3M1I268M10I13M17I33M5I10M25I49M22I19M13I13M7I9M8I17M11I75M1D5M1D85M3I3M5D30M3D30M21I8M2I24M2D7M1I43M1D25M4D16M
126	3287	0.363	4.734E-75	0	925	931	3	807	808	6M1D97M2I160M8D8M9I22M7I22M8I6M38I17M9I25M19I21M1I6M25I10M4I6M6I13M2I2M4D131M1I37M2I27M3I18M1D12M4D11M6I15M2D31M3D36M1I2M1I41M
18	3263	0.317	1.696E-74	5	928	931	1	1247	1248	264M5D100M9D33M13D27M14D10M15I25M13D16M2D11M14D31M29D10M15D70M1I11M1D141M5D11M88D29M81D11M34D18M16D90M
91	3250	0.354	3.384E-74	5	930	931	9	786	788	99M1D161M14D5M10I6M27I5M69I11M1I39M16I22M1I9M1I24M10I24M3I2M2I64M2I10M4D5M2I79M3I3M3I34M1I26M20I41M1I3M1I33M2D17M4D31M
98	3204	0.321	3.904E-73	5	930	931	13	774	776	101M1D160M10D7M3I51M59I23M12I6M3I8M18I13M8I18M44I12M2I63M2I10M1D5M1D75M1I8M6I34M1I11M1D16M19I9M1I3M4I27M1I32M2D22M4D28M
96	3204	0.336	3.904E-73	5	930	931	38	941	948	30M5I227M16D16M5I80M17I20M2D36M8D8M8D34M3I43M1I23M1D62M4I9M4D5M2I48M1I32M1I38M1D20M6I11M8I6M9I116M
97	3188	0.346	9.139E-73	1	930	931	22	784	786	105M1D166M9D6M1I7M27I5M36I15M16I8M1I17M3I24M16I13M3I23M38I15M7I62M3I10M1D5M1D84M6I34M1I13M23I36M1I53M1D16M2D31M
7	3180	0.330	1.398E-72	5	930	931	8	822	857	100M1D181M38I18M43I9M1D18M1D27M15I52M6I38M2I39M2D43M3D46M2I18M1D19M6I36M1I29M11I10M3I34M2D32M2D38M3D12M
114	3169	0.353	2.509E-72	5	922	931	5	922	929	215M1D46M5I21M2I41M3D38M2I17M2D19M4D16M1I13M12I62M18D97M2D86M5I15M3D40M1D12M6D17M19I40M6D77M
124	3158	0.348	4.503E-72	5	924	931	1	712	713	258M3D8M165I14M1I10M1I6M6I17M1I12M11D9M8I29M2I40M1D23M1I17M2D82M1I32M1I22M27I5M2I15M3I16M6I40M1D6M1I33M
89	3139	0.334	1.237E-71	0	930	931	0	758	777	5M2D100M1D164M16I8M25I24M10I13M21I7M2I5M17I20M31I17M3I7M13I11M7I6M15I3M2I39M2D37M3D4M1I49M2I16M1D10M2I6M5I34M2I11M7I15M8I40M1D45M2D38M5D8M
10	3107	0.326	6.777E-71	5	930	931	26	782	784	101M1D159M10D7M43I7M33I8M22I23M11I18M18I29M7I26M11I18M7I62M2I11M4D5M2I82M6I34M1I28M18I9M1I29M6I32M2D21M2D29M
0	3103	0.332	8.382E-71	5	930	931	13	752	754	101M1D161M18D12M74I9M23I36M37I15M39I34M7I62M3I10M1D5M1D77M1D7M6I34M1I13M23I37M1D48M2D21M2D31M
120	3088	0.335	1.861E-70	0	930	931	0	758	764	4M2D99M2I163M5D17M7I42M18I13M22I11M3I27M2D13M6I16M29I7M26I7M11I7M4I33M2D46M2D47M2I18M1D50M4I7M1I8M6I7M21I20M22I2M1I35M1I46M
1	3083	0.310	2.427E-70	0	930	931	0	776	787	267M3D11M8I10M107I20M33I27M3I12M4I9M2I8M8I21M1I26M1D13M2D38M1D5M1D49M2I16M2D15M3I2M5I61M14I48M1I32M1D4M2D9M7D6M8D2M3D18M6D11M
37	3079	0.312	3.002E-70	2	930	931	0	810	829	13M2D144M1I105M15D6M21I9M25I8M53I24M9I24M9D49M1D23M8I26M2I39M2D42M2D49M2I16M1D13M1I15M2I19M3I18M25I87M2D48M
20	3071	0.321	4.594E-70	0	930	931	0	754	772	5M2D269M39I21M40I7M26I15M7I8M19I15M3I23M25I12M5I10M3I39M2D36M4D6M2I45M2I18M1D24M7I17M1I12M1I14M4D10M17I34M1I44M2D41M7D8M
63	3070	0.322	4.845E-70	5	930	931	7	768	778	100M1D166M17I10M23I17M45I24M3I14M1I14M18I7M21I6M12I15M7I8M8I8M3I39M2D42M2D47M2I17M1D11M2I7M5I23M2I41M17I30M1I42M4D3M2I38M15D8M
40	3069	0.315	5.109E-70	0	930	931	0	757	776	5M1D100M1D163M48I10M7D7M2I3M36I4M1I3M15I16M7I20M14I16M1D22M34I8M11I5M2I39M2D37M3D4M1I47M2I18M1D10M2I7M5I34M2I10M2I14M15I44M3D40M2D38M5D8M
36	3057	0.316	9.669E-70	2	930	931	0	810	829	12M2D145M1I105M15D6M21I9M25I8M53I35M6I13M6D52M1D23M8I26M2I39M2D42M2D49M2I16M1D13M1I15M2I19M3I18M23I40M2I44M4D3M2I46M
95	3055	0.329	1.075E-69	5	930	931	1	715	720	97M2I163M9D1M15I9M16I21M72I36M17I11M5I12M55I12M9D4M2I32M2D45M2D50M2I16M1D51M5I14M33I34M7I4M1I35M1I38M1I7M
87	3049	0.328	1.479E-69	5	930	931	7	749	770	100M1D173M6D23M97I10M21I10M14I12M8I17M12I16M9I16M11I37M2D42M2D47M2I18M1D10M2I7M5I25M2I41M13I5M1D9M9I20M3D33M2D43M4D7M
88	3045	0.320	1.830E-69	5	930	931	7	752	770	268M10I6M41I7M14I7M15I10M4I4M3I13M19I10M21I9M3I4M24I32M11I8M4I39M2D37M3D4M1I49M2I12M1D14M2I7M5I24M1I12M1I27M13I35M1I47M2D38M7D8M
2	3000	0.317	2.002E-68	3	926	931	8	780	781	101M1I56M1I169M29I5M32I4M6I8M6I18M15I20M47I26M5I36M1D33M1D14M2D45M1D11M1D6M4D62M5D35M36I16M3I32M3D11M5D12M3D16M4D7M
14	2969	0.328	1.040E-67	5	926	931	85	885	886	104M25I4M4I2M1D70M1D53M5D5M6I26M4I24M8I26M19I6M3I22M4D23M15I47M2D40M4I5M2I81M2D128M1I8M24I26M22I4M1D81M
125	2958	0.312	1.867E-67	3	919	931	25	805	813	264M1D4M2D21M11I19M70I22M20I20M2D46M4D116M13I127M1I10M1D8M23I18M1I22M7I74M
21	2784	0.352	1.943E-63	5	810	931	4	744	745	209M1D51M5D11M4I12M9I16M5I23M2I20M10I36M3I22M19I9M9I39M11I5M1I19M2I76M4D5M2I70M1I10M3D3M4I34M3I16M9D21M2I12M
123	2774	0.429	3.306E-63	44	735	931	0	713	715	222M1D6M7D19M12D39M4D21M2D22M4I66M2I12M1I241M1D17M2D20M
121	2502	0.341	6.298E-57	11	785	931	1	617	619	256M15D6M8I9M5I15M12I12M73I12M16I16M3I9M57I4M3D17M8I3M1D25M1D11M2D39M2D55M2I16M2D14M2I9M3I22M3I27M8D6M
12	2499	0.330	7.387E-57	5	836	931	2	674	675	261M3D37M16I13M10I17M49I18M1D13M16I10M21I28M15I21M2I27M1I7M2D35M1D7M1I3M2I46M2I17M1D13M2I36M9I10M6I10M15I36M
9	2365	0.280	9.167E-54	5	930	931	7	619	639	100M1D166M106I11M6I21M6I40M174I45M2I18M1D13M4I4M3I25M2I19M1I15M19I44M2D32M2D44M4D6M
11	2204	0.310	4.779E-50	0	791	931	0	591	596	42M32I201M98I7M15I26M33I61M15I18M4I25M1D10M2D41M1D5M1D49M2I16M2D14M2I8M3I23M3I39M
19	1850	0.199	7.120E-42	2	930	931	9	732	735	30M1D14M5D2M3I42M1I11M1I42M1D11M5D6M8D18M1I3M3D27M2D53M170I78M6I25M7I13M2D6M2D47M1I8M1D12M2D77M3D4M1D40M6I20M17I11M14I29M11I23M1D28M4I7M
90	1389	0.162	3.133E-31	0	921	931	0	691	697	4M1I2M1D25M1I11M5I55M1I41M5D17M1I21M1I29M12I3M1I36M106I2M60I19M10D22M6I3M1I39M1D13M1I2M12I33M2I5M1I7M2D6M1I5M5I16M12D33M1I3M5D7M3I19M2D18M14I29M9I13M19I10M6I34M1I4M1I10M1D12M1D11M1D14M1D17M
4	1304	0.178	2.874E-29	5	925	931	4	687	688	43M4I52M1I38M3D6M2D14M1I22M1I22M4D10M12I39M19I22M8I14M8I20M8I3M1I2M37I23M21I10M3I21M6I10M19I17M7I1M10I3M3D25M3I14M3D2M1D8M2I9M3I1M6D11M5D30M2D7M2D2M3I18M2D14M1I7M7I6M4I11M29I11M50I7M3I5M4D12M7I7M1D22M3D22M
129	1220	0.161	2.499E-27	10	921	931	0	650	656	3M1D1M1I16M1I11M35I3M2D4M1D19M1I41M3D4M2D13M1I18M1I33M13I38M2D9M103I2M48I31M1I10M12I25M12I14M4I8M5I8M4D27M2I5M1I7M2D6M1D8M1D14M3D7M1D32M1I2M5D9M3I16M2D20M11I20M6I28M20I39M3I2M1I7M1D17M8I9M1D13M1D19M
99	971	0.169	1.402E-21	5	635	931	17	449	450	8M1D1M1I16M1I15M5I52M1I38M3D4M1D14M1I23M1I24M2D12M12I34M168I16M1I52M4I32M6I6M4I2M5I12M1D3M1I11M3I9M4D2M2I5M2D20M4D4M
17	757	0.156	1.223E-16	9	856	931	3	899	985	21M2I26M3I14M1I4M1D26M1I38M2D3M1D15M2I6M11D16M1I19M12D8M8D3M7D7M4I30M2I6M49D29M2D15M3D15M5D36M1D7M2D61M3D9M15I13M1D7M14D74M5I12M4D13M6I10M17I15M3D8M1I8M17I3M5I2M23I9M1I9M3D15M7D30M25D3M5I26M12I13M8D41M
93	579	0.151	1.575E-12	11	569	931	13	774	803	34M7I41M1I11M1I39M3D3M4D15M2I4M1I13M2D29M4I6M2I6M20D32M9D21M21D58M130D24M7D12M7D44M2D45M1D2M19D52M1D28M5I17M
 127	7117	1.00	0.000E+00	0	1012	1013	0	1012	1013	1013M
72	6051	0.911	0.000E+00	50	1012	1013	7	957	958	439M11I82M1I430M
80	5724	0.901	0.000E+00	85	1012	1013	1	930	931	497M1I24M2D291M1D115M
118	5589	0.792	0.000E+00	50	1012	1013	7	977	978	531M1I25M1D212M2D45M1D9M1D20M4D120M
68	5584	0.834	0.000E+00	64	1012	1013	16	900	901	10M2I300M1D88M66I52M1I24M3D291M1D115M
84	5525	0.870	0.000E+00	90	1012	1013	0	928	929	492M1I26M7D404M
73	5108	0.714	0.000E+00	66	1012	1013	2	932	933	425M9I40M5I39M1I13M5I25M1D212M1I23M2D24M1D13M1D112M
33	5060	0.661	0.000E+00	50	1012	1013	7	967	970	330M1D12M2I57M1D38M4I48M1I39M2I28M1D17M1D177M1D61M1D18M1D14M1D110M1I4M
67	5048	0.660	0.000E+00	50	1012	1013	8	963	964	402M1D36M4I11M2I38M1I14M1I22M2I28M1D17M1D173M1D64M4I17M2D124M1D3M
112	5040	0.649	0.000E+00	50	1012	1013	7	969	971	330M1D72M1D37M4I49M2I37M2I28M1D17M1D177M1D77M3D131M
30	5030	0.662	0.000E+00	50	1012	1013	7	970	972	330M1D71M1D37M4I49M1I16M1I22M2I28M1D16M2D178M1D69M1D10M1D14M1D115M
86	5026	0.660	0.000E+00	50	1012	1013	7	968	970	330M1D12M2I56M1D38M4I57M1I31M2I28M1D17M1D177M1D59M1D20M1D14M1D115M
111	5024	0.659	0.000E+00	50	1012	1013	7	936	938	330M1D84M36I49M1I31M2I28M1D18M1D176M1D86M1D7M1D115M
24	5023	0.663	0.000E+00	50	1012	1013	7	967	970	330M1D12M2I57M1D38M4I48M1I39M2I28M1D17M1D177M1D58M1D21M1D14M1D110M1I4M
29	5001	0.662	0.000E+00	50	1012	1013	7	968	970	330M1D12M2I56M1D38M4I57M1I31M2I28M1D17M1D177M1D59M1D20M1D14M1D115M
6	4995	0.656	0.000E+00	50	1012	1013	7	968	970	330M1D12M2I56M1D38M4I49M1I39M2I28M1D17M1D177M1D59M1D20M1D14M1D115M
28	4986	0.660	0.000E+00	50	1012	1013	7	969	971	330M1D12M2I17M1D39M1D38M4I57M1I31M2I28M1D17M1D177M1D59M1D20M1D14M1D115M
34	4983	0.659	0.000E+00	50	1012	1013	7	968	970	330M1D12M2I55M1D39M4I57M1I31M2I28M1D17M1D177M1D62M1D17M1D14M1D115M
39	4977	0.656	0.000E+00	50	1012	1013	7	963	965	329M1D72M1D37M4I25M17D7M18I16M1I10M4I9M2I27M1D17M1D177M1D60M1D148M
5	4977	0.661	0.000E+00	50	1012	1013	7	968	970	330M1D12M2I56M1D38M4I57M1I31M2I28M1D17M1D177M1D59M1D20M1D14M1D115M
75	4974	0.656	0.000E+00	50	1012	1013	7	968	970	327M1D74M1D33M4I61M1I8M1I8M1I11M2I30M1D17M1D178M1D58M1D18M1D38M1D93M
119	4968	0.652	0.000E+00	50	1012	1013	7	966	968	330M1D56M2I13M1D39M4I55M1I8M1I23M2I27M1D17M1D177M1D61M17D16M15I116M
38	4967	0.662	0.000E+00	50	1012	1013	7	967	969	330M1D71M1D7M2I28M4I49M1I16M1I23M2I23M1D21M1D177M1D58M2D52M1D98M
27	4967	0.658	0.000E+00	50	1012	1013	7	968	970	330M1D12M2I56M1D38M4I57M1I31M2I28M1D17M1D177M1D60M1D21M1D35M1D92M
31	4963	0.653	0.000E+00	44	1012	1013	1	968	970	336M1D12M2I56M1D38M4I57M1I31M2I28M1D17M1D177M1D59M1D20M1D14M1D115M
85	4962	0.660	0.000E+00	50	1012	1013	7	968	970	330M1D12M2I56M1D38M4I57M1I31M2I24M1I7M2D13M1D177M1D59M1D20M1D14M1D115M
26	4959	0.662	0.000E+00	50	1010	1013	7	966	970	330M1D12M2I56M1D38M4I57M1I31M2I28M1D17M1D177M1D59M1D20M1D14M1D113M
53	4951	0.653	0.000E+00	50	1012	1013	7	962	964	330M1D71M1D37M4I49M1I16M1I22M2I16M6I23M1D177M1D61M1D16M1D24M1D107M
106	4942	0.661	0.000E+00	50	1012	1013	7	968	970	330M1D12M2I56M1D38M4I57M1I31M2I28M1D17M1D177M1D59M1D20M1D14M1D115M
105	4930	0.657	0.000E+00	50	1012	1013	7	961	963	330M1D71M1D21M1I15M4I49M1I16M1I15M2I30M1D22M1D177M1D64M1D8M6I32M1D98M
25	4929	0.658	0.000E+00	50	1012	1013	7	968	970	330M1D12M2I56M1D38M4I57M1I31M2I28M1D17M1D177M1D59M1D18M1D16M1D115M
64	4924	0.657	0.000E+00	50	1012	1013	7	966	968	330M1D109M4I48M2I15M1I10M1I11M2I28M1D17M1D177M1D60M1D17M1D15M1D116M
61	4899	0.640	0.000E+00	44	1012	1013	1	931	933	336M1D109M4I42M23I8M18I27M1D17M1D177M1D60M1D20M1D36M1D92M
107	4895	0.658	0.000E+00	50	1012	1013	7	966	969	330M1D12M2I53M1D41M4I49M1I39M2I23M1D22M1D177M1D59M1D20M1D124M1I4M
16	4827	0.597	0.000E+00	24	1011	1013	15	977	978	327M1I16M2I26M1I38M1D26M2I18M5I26M2I73M1I6M7I20M6I257M2D14M1D20M2I92M
22	4803	0.618	0.000E+00	44	1012	1013	1	956	958	348M2I52M1D15M7I22M4I17M17I4M15D9M1I16M1I22M2I28M1D17M1D177M1D79M1D14M1D115M
108	4800	0.628	0.000E+00	50	1012	1013	7	926	928	379M1I31M38I37M1I20M1I24M2I44M1D46M1D2M1I128M1D77M1D16M2I24M1I88M
62	4791	0.643	0.000E+00	50	1012	1013	7	929	931	330M1D71M29I12M8I27M6D8M7I16M1I10M4I9M2I27M1D17M1D177M1D61M11I6M12D130M
131	4771	0.624	0.000E+00	50	1012	1013	7	894	896	330M1D109M4I41M80I14M1D177M1D62M1D29M4D25M1D92M
94	4764	0.631	0.000E+00	50	1012	1013	7	922	924	379M1I32M37I48M4I7M1I23M2I13M1I30M1D177M1D84M3I121M
115	4760	0.622	0.000E+00	44	1012	1013	1	981	982	293M3D33M1D36M1D32M1D14M1D11M4I8M2I33M3I20M1D19M3D29M1I29M1D18M2D177M1D36M1D21M2D24M1D14M1D7M2D105M
74	4748	0.684	0.000E+00	49	981	1013	0	902	926	339M1I80M1I64M21I26M1I23M1D196M1I35M1I25M3D6M8I105M
15	4726	0.589	0.000E+00	22	1011	1013	16	982	983	17M1I311M1I27M2I7M2I45M1D17M2I25M5I97M5I33M9I245M1D16M1D9M1D114M
130	4687	0.599	0.000E+00	50	1012	1013	7	982	983	284M3D39M1D37M1D25M1D17M1D31M2I41M3I15M1D9M3D28M1I26M1D21M2D176M1D37M1D46M1D10M1D13M1D102M
102	4613	0.605	8.105E-104	44	1012	1013	1	963	964	408M1D36M4I9M2I21M6I13M1I24M2I36M1D21M1D178M1D60M1D21M2D14M1D110M1D3M
104	4562	0.621	1.160E-102	48	1012	1013	5	936	938	38M32I262M1D12M2I57M1D38M4I48M1I39M2I28M1D17M1D177M1D59M1D20M1D12M1D117M
32	4507	0.650	2.053E-101	85	1012	1013	1	927	929	295M1D12M2I56M1D38M4I57M1I31M2I28M1D17M1D177M1D59M1D20M1D14M1D115M
59	4455	0.564	3.105E-100	49	1012	1013	7	978	982	288M3D33M1D40M1D28M1D25M1I68M1D9M3D59M6D10M3D232M1D25M9I30M2I105M
42	4363	0.530	3.796E-98	44	1012	1013	1	932	933	278M1D13M2I61M7I34M1I9M2I4M5I18M9I35M1I3M3I19M3D31M5I49M5I166M1D38M1D37M5I14M1D13M1D102M
44	4356	0.541	5.472E-98	50	1012	1013	7	881	886	259M5D9M4I52M3I10M4I10M10I39M3I22M15I14M1I29M2I46M1D7M41I175M1D37M1D16M7I12M6I15M1D23M2I6M1D84M
3	4348	0.530	8.311E-98	50	1012	1013	7	881	882	259M10D7M9I50M1I9M6I10M10I61M18I14M1I29M2I46M1D7M41I175M1D37M1D16M7I12M6I15M1D27M1I87M
56	4345	0.530	9.721E-98	50	1012	1013	7	926	931	259M10D2M5I4M4I41M2I22M1I19M1D51M3I12M15I39M1I17M4D19M16I4M1I5M1D213M1D36M1D20M1I3M12I21M1D23M1I91M
41	4344	0.526	1.024E-97	50	1012	1013	7	923	924	260M9D4M8I14M3I37M1I15M1I16M1D41M19I45M1I19M2I12M4I23M1D14M1I5M7I203M1D37M1D28M15I36M1I87M4D4M
51	4325	0.535	2.764E-97	50	1012	1013	7	926	932	274M1D57M3I26M1D39M4I3M2I21M12I23M1I14M3I9M3I24M6I231M1D37M1D12M10I19M3I12M1D23M1I91M
60	4319	0.528	3.781E-97	47	1012	1013	0	990	994	6M2D21M8D6M5D254M3D34M1I39M1D24M1D18M5I18M4D59M1D21M3D81M6D208M1D37M2I46M2I84M
54	4313	0.528	5.173E-97	50	1012	1013	7	918	923	274M1D56M1D30M1D18M2I42M18I15M1I23M11I10M2I23M2I18M7I203M1D37M1D19M8I12M5I12M1D23M1I91M
83	4312	0.524	5.450E-97	41	1012	1013	19	946	947	7M4D262M10D6M9I17M1I39M3I11M3I11M1D29M1D10M6I23M8I42M3I18M3I46M12I195M1D37M1D29M16I11M1D22M1D93M
109	4310	0.529	6.050E-97	50	1011	1013	7	914	915	274M1D57M1I28M1D61M18I39M3I10M2I25M6I21M7I22M3I178M1D37M1D22M14I20M1D23M5I86M
23	4305	0.532	7.856E-97	50	1012	1013	7	934	935	272M1D14M1I61M7I34M1I9M2I4M5I18M9I35M1I3M3I17M3I6M3I31M2I46M2D167M1D36M1D39M5I14M1D13M1D102M
49	4299	0.525	1.075E-96	50	1012	1013	7	857	862	259M10D7M9I50M1I9M6I10M10I39M3I22M15I11M27I54M1D7M41I175M1D37M1D17M4I3M6I13M3I10M1D23M1I91M
76	4292	0.524	1.549E-96	44	1012	1013	1	924	925	265M5D11M4I64M2I20M1D29M1I10M19I22M1D37M3I10M2I8M1I22M6I29M7I189M1D37M1D12M3I19M10I12M1D23M1I87M4D4M
35	4290	0.522	1.720E-96	50	1012	1013	7	928	929	259M12D2M11I88M1D16M1I45M18I13M1D8M4I94M15I181M1D37M1D18M12I26M1D23M1I87M4D4M
52	4289	0.520	1.812E-96	50	1012	1013	7	912	913	259M10D7M9I48M4I73M3I22M15I6M3I11M1I23M2I36M5I14M23I191M1D37M1D23M13I20M1D9M1I101M9D4M
77	4289	0.526	1.812E-96	50	1012	1013	7	922	925	270M1D49M1D71M1I8M4I8M3I6M3I15M1I12M5I20M5I18M3I16M12I4M4I215M1D37M1D22M15I21M1D22M1I89M5D3M
43	4288	0.527	1.909E-96	50	1012	1013	7	926	931	260M9D4M8I70M1I17M1D16M1I22M20I5M1D17M1D36M3I11M3I45M1I5M7I203M1D37M1D22M13I21M1D23M1I91M
69	4265	0.518	6.349E-96	50	1012	1013	7	919	924	260M8D5M7I79M10I23M2I14M3I22M15I12M1D25M3I23M8I244M1D37M1D14M6D10M19I13M1D23M1I91M
78	4262	0.534	7.426E-96	50	1012	1013	7	939	940	273M1D19M1I38M1I10M1I17M1D29M1I9M2I4M5I49M5I6M5I4M3I16M1I3M8I20M4I56M6D163M1D39M1D37M5I14M1D11M1D104M
48	4256	0.529	1.016E-95	50	1012	1013	7	898	899	260M9D6M8I13M2I44M3I16M1I33M4I9M6I48M12I11M3I12M2I15M5I5M8I19M7I10M6I187M1D37M1D16M5I14M11I10M1D115M
13	4250	0.525	1.390E-95	50	1012	1013	7	889	894	259M10D2M5I4M4I52M6I27M1D40M6I20M15I15M1I5M9I15M5I8M1D18M15I14M11I6M4I189M1D37M1D21M1D3M14I18M1D23M1I91M
71	4249	0.525	1.465E-95	49	1009	1013	18	926	934	260M5D11M4I86M1D18M2I42M18I15M1I21M19I36M3I220M1D37M1D18M1D6M14I18M1D23M1I88M
50	4247	0.520	1.626E-95	50	1010	1013	7	901	906	260M9D4M8I47M1D41M1I14M2I22M4I5M6I38M2I34M3I43M39I182M1D37M1D19M12I48M1I89M
66	4247	0.524	1.626E-95	50	1012	1013	7	922	923	75M1D198M1D13M1I43M15I44M1I9M2I4M5I19M8I19M1I16M4I21M3D70M5I3M9I168M1D39M1D37M5I14M1D13M1D102M
82	4241	0.524	2.224E-95	49	1012	1013	32	946	947	261M9D6M8I16M1D42M3I4M2I19M1D29M1D10M6I23M8I40M3I20M3I17M1I40M15I180M1D37M1D17M12I24M3I22M1D93M
57	4238	0.533	2.602E-95	50	1008	1013	7	921	931	271M1D26M1I62M1D39M6I23M11I60M12I31M1I13M8I17M4D174M1D37M1D18M12I4M1I132M
110	4231	0.637	3.751E-95	133	1012	1013	0	878	880	247M1D12M2I56M1D38M4I57M1I31M2I28M1D17M1D177M1D68M1D11M1D14M1D115M
113	4229	0.529	4.164E-95	50	1012	1013	7	914	915	268M1D61M7I23M1D41M19I22M1D42M3I14M13I28M3I211M1D37M1D25M16I15M1D24M5I82M5D4M
45	4223	0.520	5.696E-95	50	1012	1013	7	922	927	259M5D11M4I86M1D18M2I42M18I14M3D46M12I13M2I18M7I203M1D37M1D19M8I12M5I12M1D23M1I91M
116	4209	0.524	1.184E-94	50	1010	1013	7	889	893	260M9D4M8I54M1I25M7I18M4I21M19I20M1D42M3I19M9I3M18I14M3I203M1D37M1D25M16I15M1D27M4I15M1D67M
46	4204	0.517	1.537E-94	50	1009	1013	7	917	926	260M9D6M8I57M3I26M1D39M4I3M2I21M12I11M11I7M1I10M5I12M4I16M6I231M1D37M1D27M17I12M1D23M1I61M12D27M
65	4170	0.531	9.079E-94	49	1005	1013	1	868	879	290M2D26M1D40M1D46M3I28M10D13M19I15M2I29M3I37M14I229M62I101M
70	4140	0.498	4.352E-93	50	1012	1013	7	853	858	260M9D6M8I20M38I3M17D4M4I17M1D18M2I42M18I6M19I14M2I8M2I53M39I172M1D37M1D18M1D6M14I18M1D23M1I91M
58	4064	0.507	2.306E-91	50	1012	1013	7	884	889	260M9D6M8I86M1D18M2I35M3I34M5I11M20I56M39I172M1D37M1D10M1I12M19I14M1D23M1I91M
47	4032	0.507	1.227E-90	44	1008	1013	1	810	820	266M11D4M10I44M1I16M2I5M1I13M1D20M1I22M20I5M19I11M3I4M17I25M29I10M31I182M1D37M1D18M1D6M14I26M22I81M
55	3927	0.495	2.959E-88	50	1012	1013	7	888	893	105M1I168M1D79M1D10M2I50M3I7M15I6M1I7M8I12M1D4M9D24M5I25M3I25M9I108M1I49M1I27M1D10M20I7M4I2M1I16M15I14M3I28M1I51M1I35M
81	3898	0.610	1.346E-87	82	936	1013	7	884	885	298M1D71M1D7M2I28M4I29M1I19M1I16M1I23M2I27M1D17M1D177M1D67M3D19M1D10M25D36M
79	3885	0.516	2.655E-87	96	1012	1013	1	888	889	227M1D19M1I38M1I10M1I11M1D35M1I9M2I4M5I18M9I12M1I26M3I34M2I69M4I165M1D39M1D16M7I23M2D32M2D93M
92	3702	0.374	3.765E-83	47	1012	1013	0	1083	1084	265M4D72M1D61M2D67M13D33M2D27M3D13M4D15M2D21M14D96M2D88M1D46M25D47M26D5M18D23M1D87M
117	3687	0.376	8.244E-83	50	1012	1013	9	994	1003	259M5I3M11D2M5I24M3I16M5D13M2I70M1I81M5I45M6D26M18I90M1D85M1D36M2D16M11D8M4D37M3D13M18D100M
128	3611	0.380	4.369E-81	50	1011	1013	8	875	876	268M3D27M13I5M4I2M4I8M75I36M5I7M4I100M10D13M7I82M3D7M2I84M1D36M2D4M1I10M1D72M2I76M3D8M
103	3578	0.476	2.449E-80	69	1012	1013	0	885	886	49M4I8M5I9M2I164M5I21M1D12M1D28M1I20M12I26M2I52M4I31M13D6M5I18M4I33M24I8M4I87M2D97M1D31M1D25M3I26M1I9M1I107M
122	3502	0.362	1.298E-78	49	988	1013	5	949	1001	259M2D28M6I45M26D5M11I13M13I16M1I14M19I66M11I15M6I6M2I37M4I8M6I77M1D85M1D37M2D15M27D23M17D27M6D21M2D64M
8	3451	0.346	1.864E-77	50	1012	1013	9	1013	1016	263M10D4M7I91M4I73M3D38M7D49M1I10M4D129M2D82M1I5M2D37M1D11M18D8M7D35M1I30M1D74M1D10M
101	3430	0.358	5.583E-77	50	1006	1013	22	929	936	258M6I24M12I24M3I41M19I43M14I56M2I41M3I25M3I14M5D3M1D58M2D104M7D3M5D27M2D9M1I11M2I30M2I7M2I30M2I78M
18	3378	0.318	8.445E-76	50	1011	1013	3	1247	1248	270M5D52M5D59M1D22M8D30M10D120M1D11M19D20M8D68M1I14M1D88M1D49M27D12M144D12M20D12M4D5M7D27M23D90M
126	3246	0.342	8.343E-73	39	1007	1013	0	806	808	106M2I162M10I3M9D20M7I27M37I9M10I7M9I19M74I14M2I9M15I19M12I22M9D133M1I33M1I31M4I4M1D13M4D75M1D35M1I2M1I40M
114	3220	0.354	3.245E-72	50	1006	1013	7	923	929	213M1D46M5I24M2I49M3I23M14I26M3I45M2I24M1D68M4I33M5I58M2D87M5I17M4D36M1D12M6D21M4I33M7I9M1I78M
91	3165	0.338	5.742E-71	50	1012	1013	11	785	788	98M1D160M17D6M84I10M1I9M1I22M2I19M5I13M8I15M12I8M59I9M11I33M2I64M2I12M4D3M2I79M5I38M1I12M8I2M1I17M1D30M5I5M5I1M3I30M2D21M4D30M
100	3107	0.318	1.188E-69	50	1012	1013	6	799	806	260M4I4M6I11M41I4M24I6M20I9M1I9M33I27M4I13M21I25M5I20M1D24M2I93M1D2M1D89M3D31M3D16M3I19M17I36M1I49M1D20M3D14M
98	3098	0.316	1.902E-69	44	1012	1013	2	773	776	6M7D98M1D162M12D3M76I16M22I22M30I10M5I11M11I63M49I73M2I13M1D2M1D74M1I6M5I38M1I10M10I47M7I3M3I6M3I32M2D22M4D27M
97	3070	0.327	8.210E-69	50	1012	1013	28	783	786	98M1D162M14D6M6I7M62I20M19I11M2I11M74I43M7I17M19I12M4I6M2I62M3I13M1D2M1D81M5I38M1I26M8I7M1I14M14I54M1D16M2D30M
120	3045	0.341	3.031E-68	42	1012	1013	0	757	764	8M1D95M2I163M8D25M8I10M2I19M28I10M13I11M15I14M18I26M3I8M6I7M66I4M3I18M3I8M4I36M2D41M1D2M1D47M2I20M1D18M1D28M4I6M1I14M12I6M6I9M28I10M3I35M1I45M
10	3036	0.327	4.850E-68	50	1012	1013	28	781	784	98M1D160M15D12M71I20M19I11M2I16M34I10M33I17M4I17M11I10M19I12M4I6M2I62M2I13M4D3M2I79M5I38M1I23M14I14M6I28M4I32M2D21M2D28M
7	3035	0.336	5.110E-68	50	1012	1013	10	821	857	96M1D164M2D17M9I12M16I3M5I7M19I14M39I15M11I30M7I46M13I32M25I5M2I38M2D43M3D47M2I18M1D13M4I6M1I33M1I30M10I7M2I34M1D38M2D38M3D11M
124	3005	0.337	2.449E-67	50	1002	1013	3	707	713	256M3D11M95I1M13D4M48I10M10I5M64I16M7I7M8D18M2I12M8I11M2I40M1D22M1I18M2D114M1I24M9I6M19I9M7I24M2I35M1D6M1I28M
89	2974	0.318	1.237E-66	50	1003	1013	9	743	777	97M1D166M25I22M1I15M55I7M28I32M1I5M42I19M30I13M19I5M1I2M2I38M2D43M2D45M1I4M1I18M1D11M6I29M2I41M6I39M7I40M2D36M
0	2973	0.330	1.303E-66	44	1012	1013	2	751	754	6M7D98M1D160M20D4M13I4M62I20M79I2M14I14M15I30M17I12M13I15M9I5M2I62M3I13M1D2M1D77M1D4M5I38M1I12M3D4M6I9M6I19M7I18M2I3M3I30M2D21M2D30M
87	2960	0.328	2.570E-66	50	1003	1013	9	735	770	93M1D167M1D9M8D16M33I11M51I12M80I11M1I3M5I8M6I15M39I25M2I38M2D43M2D47M2I20M1D11M4I5M2I24M2I41M20I35M3D31M2D42M
96	2953	0.315	3.705E-66	47	1012	1013	37	942	948	31M5I227M16D16M27I35M3I9M3I11M13I22M2I52M24I6M37D39M5I27M7I9M3I15M1D63M4I14M2D49M1I70M1D54M17I17M5I74M2D7M
20	2945	0.319	5.627E-66	50	1003	1013	9	737	772	272M7D11M31I3M1D16M103I42M50I15M31I11M2I38M2D43M2D47M2I20M1D8M2I7M4I25M2I39M2I21M4I20M7I37M2D39M
63	2943	0.337	6.247E-66	50	1003	1013	9	743	778	94M1D167M17I11M38I8M4I10M31I22M37I9M28I24M6I16M8I24M29I2M2I38M2D40M3D3M1I46M2I20M1D11M3I6M3I23M2I37M12I11M3I18M2I45M4D3M2I36M
40	2935	0.314	9.488E-66	42	1003	1013	0	742	776	105M1D174M8D14M33I15M84I31M1I5M42I9M4I24M46I6M2I38M2D43M2D47M2I20M1D11M6I29M2I58M6I22M7I40M2D36M
95	2925	0.320	1.600E-65	47	1012	1013	0	714	720	98M2I163M8D2M14I7M40I12M47I27M7I5M21I3M71I10M1I17M2I4M4I16M10I7M3D38M2D41M2D49M2I18M1D20M1D30M5I14M18I36M21I2M1I35M1I35M1I9M
88	2922	0.326	1.871E-65	50	1012	1013	9	748	770	258M4D25M31I5M1D14M17I7M66I7M5I6M3I5M12I21M5I2M12I11M63I10M2I38M2D43M2D45M1I4M1I18M1D11M5I5M1I24M2I36M11I35M2I49M2D39M4D6M
2	2893	0.323	8.512E-65	50	1012	1013	12	780	781	99M1I54M1I112M54I30M1I14M8I5M19I11M10I19M5I7M36I3M3I14M25I22M4I13M17I36M1D43M3D49M1D11M1D6M4D20M1D37M5D13M29I41M9I31M3D13M5D12M3D16M1D10M
37	2883	0.313	1.435E-64	50	1012	1013	5	808	829	8M2D144M1I105M16D16M45I11M31I4M30I26M4I7M24D3M22I7M24I29M12I15M6I29M3D3M1D2M5I36M2D41M1D2M1D47M2I18M1D13M1I11M1I22M4I5M1D12M8I6M12I12M3I20M1I50M2D42M1I4M
14	2881	0.317	1.593E-64	11	1009	1013	44	885	886	35M4D106M25I5M3I72M1D51M8D12M22I21M2D27M13I4M23I9M11I20M1I25M8I12M10I51M1D26M11I14M2I5M2I79M1D2M1D83M1D44M1I12M7I7M2I5M3I9M33I5M1D81M
36	2871	0.322	2.686E-64	50	1012	1013	5	807	829	7M2D145M1I105M16D16M37I6M5I28M11I5M10I11M17D21M1I21M25I16M15I5M3I6M45I15M15I11M1I38M2D41M1D2M1D47M2I18M1D13M1I11M1I22M4I5M1D13M5D13M28I19M1I47M4D3M2I34M2I9M
125	2858	0.310	5.298E-64	50	1010	1013	29	812	813	264M3D21M11I33M57I13M14D4M15I11M20I9M8I5M25I17M1D21M2I40M14I60M13I92M1D28M1I19M6I11M3I35M14I5M6I69M1I8M
1	2818	0.306	4.282E-63	50	1012	1013	7	775	787	258M5D6M68I18M19I19M29I23M59I17M22I23M12I12M1I26M1D13M2D40M1D3M1D47M2I17M2D15M2I1M1I12M1I17M3I25M8I8M5I49M1I32M1D4M2D5M7D10M8D2M3D18M6D10M
21	2715	0.347	9.299E-61	50	866	1013	6	725	745	207M1D51M5D12M4I10M31I15M7I14M29I10M2I20M9I4M2I21M1I10M2D6M24I14M3I53M5I21M2I81M2D72M1I42M4I7M1D15M14D5M2D3M
123	2714	0.431	9.798E-61	87	819	1013	0	713	715	222M1I9M1I15M2I23M5I76M5I60M2I15M9D23M12I14M1I8M4I44M1D155M1D19M3D17M
121	2494	0.322	9.603E-56	54	878	1013	1	618	619	256M15D6M8I10M5I10M21I32M9D14M30I5M115I17M51I1M2D3M1I23M1D12M2D43M2D48M2I18M2D14M1D10M5I19M3I43M
12	2427	0.318	3.180E-54	50	904	1013	4	674	675	258M7D12M43I14M29I11M13I34M10I6M20I5M40I8M16I17M1I48M2I28M1I9M2D43M2I46M2I17M1D12M5I19M1D5M1I6M7I4M2D12M6I24M1D19M
9	2244	0.264	4.511E-50	50	1007	1013	9	609	639	94M1D176M62I17M31I17M111I4M66I7M12D3M6I4M70I47M2I20M1D11M6I29M2I19M1I17M10I12M6I62M2D46M
11	2148	0.302	6.797E-48	50	879	1013	7	595	596	35M32I200M4D2M37I7M5I15M52I28M2I21M13I15M44I14M11I7M47I25M1D13M2D41M1D2M1D47M2I19M2D13M2I9M2I21M3I44M
19	1719	0.214	3.675E-38	50	1000	1013	14	722	735	26M1D17M2D43M1I9M1I44M1D11M5D4M8D20M1I3M3D27M2D53M15D8M52I9M32I6M9I15M19I22M8I3M50I9M26I12M40I5M4I12M2D6M2D47M1I13M1D5M2D84M5D36M4I5M2I16M16I39M6I9M19I16M1D11M1I14M
90	1316	0.166	5.109E-29	44	1009	1013	1	696	697	12M1D1M1I18M1I14M5I52M1I40M5D17M1I21M1I29M12I3M1I34M33D6M32I25M19I14M40I16M147I19M12I36M3I9M2D6M1I5M4D16M3D38M1I3M5D7M3I18M2D16M3I3M10I16M3I26M8I23M17I7M5I14M1I4M1I10M1D10M1D12M1D15M1D22M
4	1224	0.168	6.246E-27	52	1007	1013	8	687	688	42M4I47M1I41M3D5M2D17M1I19M1I22M4D10M12I37M1D13M45I19M17I11M13I6M10I11M2D4M11I32M32I7M15I16M5I17M41I38M3I13M3D2M1D8M2I12M5D7M3I8M6D24M2D6M2D3M3I16M2D13M8I5M1D10M4I3M4I11M14I9M60I6M3I7M3I2M2I14M3D25M3D11M1D10M
129	1145	0.161	3.872E-25	53	1000	1013	0	646	656	3M1D1M1I18M1I9M35I3M2D4M1D17M1I43M5D17M1I18M1I33M13I46M68I13M17D1M39I18M28I10M36I6M4I12M54I13M3I13M6I32M3I9M2D6M1D8M1D10M3D12M1D32M1I1M5D9M3I16M2D16M7I3M6I9M5I9M2D23M8I34M12I15M3I5M4I3M2I3M2I14M1D6M1D13M1D15M
99	965	0.264	4.695E-21	49	390	1013	18	365	450	7M1D1M1I18M1I14M5I49M1I41M3D3M1D14M1I23M1I24M2D12M12I32M18D44M2D35M1D3M
17	817	0.165	1.070E-17	52	941	1013	3	909	985	22M2I30M3I9M1I4M1D26M1I38M2D3M1D21M9D19M1I18M12D8M8D3M7D7M4I30M20D2M3I29M2D52M2I8M14D39M7D6M2D27M4D16M1I27M5D62M11D19M3D35M5D33M8I4M20I6M2I21M6D23M60I10M8D26M7I20M3D61M2D11M
93	708	0.155	3.180E-15	54	654	1013	13	763	803	34M7I41M1I12M1I38M3D5M4D13M2I4M1I13M2D29M4I6M2I6M20D31M9D29M5D38M3D12M1D10M1D10M105D40M3D21M2D56M3D9M12D24M3D68M3I10M4I10M1I6M
 