104	6580	1.00	0.000E+00	0	937	938	0	937	938	938M
33	6021	0.932	0.000E+00	0	937	938	0	969	970	44M32D894M
24	5975	0.945	0.000E+00	0	937	938	0	969	970	43M32D895M
29	5945	0.914	0.000E+00	0	937	938	0	969	970	43M32D895M
34	5945	0.916	0.000E+00	0	937	938	0	969	970	43M32D895M
6	5944	0.912	0.000E+00	0	937	938	0	969	970	43M32D895M
86	5942	0.915	0.000E+00	0	937	938	0	969	970	44M32D894M
26	5934	0.916	0.000E+00	0	937	938	0	969	970	44M32D894M
27	5907	0.911	0.000E+00	0	937	938	0	969	970	44M32D894M
5	5906	0.916	0.000E+00	0	937	938	0	969	970	44M32D894M
25	5892	0.913	0.000E+00	0	937	938	0	969	970	43M32D895M
28	5876	0.912	0.000E+00	0	937	938	0	970	971	43M32D292M1D603M
31	5844	0.910	0.000E+00	0	937	938	0	969	970	44M32D894M
106	5835	0.916	0.000E+00	0	937	938	0	969	970	43M32D895M
85	5828	0.913	0.000E+00	0	937	938	0	969	970	43M32D895M
30	5634	0.853	0.000E+00	0	937	938	0	971	972	44M32D273M2D162M1I70M1D388M
38	5624	0.849	0.000E+00	0	937	938	0	968	969	43M32D274M2D62M2I98M1I458M
110	5592	0.940	0.000E+00	58	937	938	0	879	880	880M
64	5561	0.846	0.000E+00	0	937	938	0	967	968	43M32D274M2D67M1I84M1I9M1I6M1I451M
75	5552	0.829	0.000E+00	0	937	938	0	969	970	43M32D274M2D162M1I9M1I448M
112	5542	0.832	0.000E+00	0	937	938	0	970	971	44M32D276M2D150M1I314M1I34M1D118M
105	5528	0.826	0.000E+00	0	937	938	0	962	963	44M32D273M2D81M1I80M1I308M1I5M6I138M
32	5525	0.928	0.000E+00	39	937	938	31	928	929	3M1I8M1D5M1I881M
53	5515	0.831	0.000E+00	0	937	938	0	963	964	43M32D277M2D159M1I36M7I415M
107	5499	0.822	0.000E+00	0	937	938	0	968	969	44M32D776M1I117M
39	5494	0.842	0.000E+00	0	937	938	0	964	965	44M32D273M2D162M1I8M4I314M1I35M1I95M
61	5480	0.816	0.000E+00	0	937	938	0	932	933	43M32D274M2D62M1I75M38I445M
119	5453	0.831	0.000E+00	0	937	938	0	967	968	44M32D273M2D42M2I118M1I326M1I131M
111	5409	0.814	0.000E+00	0	937	938	0	937	938	44M32D273M2D68M33I370M1I149M
22	5289	0.784	0.000E+00	0	937	938	0	957	958	43M32D259M1I83M7I39M2I45M1I308M1I149M
131	5280	0.785	0.000E+00	0	937	938	0	895	896	43M32D274M2D62M1I74M78I285M3D121M
62	5276	0.812	0.000E+00	0	937	938	0	930	931	44M32D273M2D63M15I7M19I58M1I8M4I314M1I35M1I95M
94	5097	0.740	0.000E+00	0	937	938	0	923	924	44M32D258M1I14M2D37M1I24M34I42M3I21M1I47M2I259M1I53M5I91M
108	5076	0.747	0.000E+00	0	937	938	0	927	928	43M32D259M1I14M2D37M1I24M35I63M1I35M1D17M2I256M1I55M4I90M
67	5055	0.719	0.000E+00	5	937	938	6	963	964	38M32D259M1I13M2D108M2I53M1I311M5I8M1D9M1I124M
102	4766	0.658	0.000E+00	0	937	938	0	963	964	44M32D258M1I13M2D108M2I19M6I355M1D132M
118	4683	0.650	0.000E+00	0	936	938	0	977	978	44M32D262M1I11M2D56M1I39M4D50M1D35M1D46M1I180M1I13M2D47M1D19M1I10M3D120M
72	4620	0.637	0.000E+00	0	936	938	0	957	958	44M32D257M1I16M2D57M1I38M7I41M1D37M1D30M1I17M1I177M1I59M1I20M1I13M1I116M
127	4576	0.618	0.000E+00	0	936	938	43	1012	1013	43M32D262M1I12M2D57M1I37M4D49M1D39M2D28M1I17M1I177M1I59M1I20M1I12M1I117M
81	4461	0.793	2.608E-102	39	849	938	40	875	885	3M1I274M2D62M2I63M1I34M1I305M2D38M26D27M
84	4345	0.619	1.254E-99	39	936	938	25	928	929	3M1I8M1D5M1I244M1I16M2D59M1I36M4D56M1D21M1D42M6D14M1I177M1I68M1I11M1I31M1I98M
80	4335	0.629	2.136E-99	39	936	938	31	930	931	3M1I8M1D5M1I244M1I16M2D57M1I37M4D54M1D32M1D26M1D22M1I177M1I62M1I17M1I130M
73	4315	0.593	6.196E-99	22	936	938	1	932	933	21M32D259M1I13M2D60M1I37M5I42M1I5M3I52M5I199M1I34M1I34M1D141M
16	4313	0.572	6.892E-99	5	935	938	39	977	978	38M32D229M1I21M1D9M3I54M1D21M3I27M1I24M2I30M1D31M10I19M2I12M2I177M1I60M1I19M1D41M2I91M
115	4309	0.556	8.528E-99	0	936	938	0	981	982	43M32D230M3D43M2D14M1D33M1D37M2I30M3I19M1D17M3D5M1D23M1D47M1D217M1D21M1D59M2D94M
68	4271	0.580	6.449E-98	2	936	938	7	900	901	9M10I7M2I13M32D275M2D59M1I14M33I6M3I7M12I3M13I30M1D26M2D22M1I177M1I59M1I20M1I130M
15	4235	0.554	4.384E-97	0	935	938	36	982	983	43M32D228M1I21M1I35M2I33M1D17M3I27M1I56M1D34M10I16M2I19M2I170M1I214M
130	4172	0.542	1.255E-95	0	936	938	0	982	983	43M32D220M3D52M2D19M1D28M1D41M2D47M3I32M5D14M1D46M1D214M2I3M3D21M1I49M1D102M
59	4098	0.528	6.452E-94	0	937	938	0	979	982	6M1D37M32D219M3D54M2D18M1D29M1D36M2D54M1D18M4D16M1D11M1D19M6D23M1D182M6D6M7I28M1D16M2I9M7I8M6I38M1D89M
74	4095	0.582	7.569E-94	6	925	938	0	924	926	37M32D332M1I15M1I22M4D42M20I35M1D26M1I188M2I31M1I26M1D14M8I16M1I87M2D14M
54	3962	0.493	9.001E-91	0	937	938	0	919	923	44M32D205M1D68M2D17M1D23M2I14M5I5M6I33M5I20M3I25M9I33M3I6M6I227M2I3M3D23M15I30M1I105M
44	3948	0.493	1.897E-90	0	937	938	0	882	886	44M32D192M2D9M1I54M17I16M1D45M8I12M8I41M5I57M8I3M28I211M2I4M3D22M15I30M1I105M
69	3946	0.487	2.110E-90	0	937	938	0	920	924	44M32D201M1D56M10I23M1D22M2I15M5I5M6I32M3I36M4I62M6I227M2I3M3D13M6D9M21I25M1I105M
109	3944	0.479	2.347E-90	0	933	938	0	912	915	44M32D205M1D85M1D45M8I11M7I45M2I20M2I34M16I235M2I3M3D27M16I35M5I87M
76	3944	0.494	2.347E-90	0	937	938	0	922	925	44M32D190M5D11M4I45M1I39M1D23M1I15M5I16M6I37M4I9M3I19M2I27M1I19M12I226M2I3M3D11M3I17M7I5M5I20M1I99M1D6M
56	3942	0.493	2.611E-90	0	937	938	0	927	931	44M32D190M5D11M4I41M2I41M1D41M11I52M4I9M3I19M2I53M7I225M2I3M3D20M3I8M12I25M1I105M
3	3940	0.492	2.904E-90	0	936	938	0	881	882	44M32D199M2D2M1I54M17I16M1D45M11I32M5I21M5I57M8I3M28I211M2I3M3D23M15I30M1I104M
52	3934	0.473	3.997E-90	0	937	938	0	904	913	44M32D190M5D9M4I54M4I29M1D45M20I10M11I12M10I46M7I264M2I3M3D23M15I30M1I105M
57	3934	0.501	3.997E-90	0	931	938	0	920	931	43M32D203M1D23M1I44M1D20M1D54M1I21M8I12M1I6M4I27M5I19M9I45M2I211M2I3M3D23M15I30M1I99M
42	3927	0.487	5.802E-90	0	936	938	0	932	933	43M32D204M1D21M2I41M6I44M1I13M3I3M5I35M6I23M3I24M1D33M1D23M2I19M6I199M2I3M3D38M7I41M1D87M
50	3924	0.487	6.807E-90	0	937	938	0	904	906	44M32D190M5D11M4I85M1D15M2I22M5I5M26I15M3I17M5I23M2I43M3I6M6I227M2I3M3D23M15I30M1I105M
51	3913	0.501	1.223E-89	0	935	938	0	925	932	44M32D205M1D62M2I21M1D39M5I5M6I37M1I10M4I6M3I22M2I52M6I227M2I3M3D23M15I30M1I103M
71	3912	0.488	1.290E-89	4	937	938	16	933	934	40M32D190M5D11M4I73M1D12M1D23M2I14M5I5M6I33M5I20M3I25M9I33M3I6M6I227M2I3M3D23M15I30M1I101M3D4M
113	3911	0.491	1.360E-89	0	935	938	0	914	915	44M32D198M2D3M1I62M4I3M2I16M1D41M4I5M4I11M7I70M9I8M9I258M2I3M3D15M2D10M20I33M5I85M6D4M
35	3911	0.478	1.360E-89	0	937	938	0	925	929	44M32D192M10D4M9I46M1D39M1D16M1I22M5I13M11I23M2I39M8I14M4I11M2I254M2I3M3D30M14I24M1I105M
49	3907	0.484	1.683E-89	0	937	938	0	858	862	44M32D190M5D9M4I53M17I16M1D41M45I8M1D15M6I20M28I31M5I17M2D210M2I3M3D23M15I30M1I105M
45	3897	0.490	2.866E-89	0	936	938	0	922	927	44M32D190M5D11M4I73M1D12M1D23M2I14M5I5M6I41M1I17M2I25M9I33M3I6M6I227M2I3M3D23M15I30M1I104M
43	3895	0.488	3.188E-89	0	937	938	0	928	931	44M32D190M5D11M4I85M1D16M1I27M11I48M4I38M5I11M2I29M6I227M2I3M3D23M15I30M1I99M1D6M
78	3895	0.501	3.188E-89	0	937	938	0	938	940	44M32D204M1D21M1I45M1I18M1D23M1I34M8I31M5I7M1I6M3I25M7I7M3I17M5I10M1I10M3D10M2D10M5D201M2I3M3D10M2I19M5I54M1D76M2I6M
41	3888	0.484	4.628E-89	0	936	938	0	923	924	44M32D190M5D11M4I18M3I36M1I26M1D41M12I40M1I10M4I38M5I60M7I213M1D13M1I7M16I7M1I23M1I99M4D5M
23	3875	0.484	9.246E-89	0	936	938	0	934	935	44M32D203M1D22M1I30M6I52M1I14M5I20M8I37M1I6M3I26M10I38M1I17M1D3M4D8M1D208M1D38M7I38M1D90M
77	3872	0.483	1.085E-88	0	937	938	0	919	925	44M32D201M1D77M2D35M1I15M8I17M8I50M2I14M2I35M14I9M2I224M1D21M6I13M11I23M1I99M1D6M
66	3867	0.470	1.416E-88	0	937	938	0	921	923	43M33D205M1D21M1I31M6I12M8I31M1I31M13I19M3I19M2D6M3I92M10I204M2I3M3D38M7I38M1D83M2I6M
60	3862	0.492	1.847E-88	11	937	938	9	990	994	20M10D7M3D5M32D219M3D70M1D24M1D23M6I13M3D23M5D108M1D21M2D4M8D169M1I40M1D15M2I25M6I34M1D88M1I3M
48	3859	0.486	2.167E-88	0	936	938	0	898	899	44M32D189M5D12M4I12M2I32M1D11M5I18M1D29M4I12M7I41M6I6M2I39M9I5M6I20M2I9M5I5M8I215M2I3M3D27M18I128M
116	3855	0.493	2.682E-88	0	937	938	0	892	893	44M32D190M5D11M4I51M7I43M4I19M5I13M10I49M3I9M4I10M4I8M13I10M8I241M1D21M3I3M15I47M4I15M1D70M
13	3844	0.475	4.817E-88	0	937	938	0	891	894	44M32D190M5D11M4I41M3D14M1D10M9I10M1D41M19I31M9I21M3I27M24I14M1I18M5I213M2I3M3D23M15I30M1I99M1D6M
83	3834	0.484	8.203E-88	6	932	938	31	942	947	38M32D189M5D12M4I20M1I21M3D13M7I4M1I18M1D25M1D15M8I9M3I53M3I22M2I15M10I23M2I235M2I3M3D27M18I37M1D87M
82	3831	0.485	9.624E-88	6	932	938	32	942	947	37M32D190M5D12M4I29M1D22M4I30M1D25M1D24M11I56M3I19M2I48M16I225M1D28M18I37M1D87M
46	3821	0.481	1.639E-87	0	931	938	0	915	926	44M32D190M5D11M4I62M2I21M1D39M5I13M23I30M5I23M2I52M6I227M2I3M3D24M19I25M1I74M12D25M
70	3790	0.472	8.538E-87	0	935	938	0	852	858	43M32D191M5D11M4I20M1I3M17D7M36I3M4I11M1D23M2I14M5I5M26I15M3I6M3I18M30I33M3I6M6I228M1D27M15I30M1I103M
65	3790	0.488	8.538E-87	6	937	938	1	876	879	37M32D228M2D47M2D11M1D51M6I6M2D15M14D16M15I55M13I8M10I24M1D175M1I36M65I113M
58	3730	0.482	2.083E-85	0	937	938	0	883	889	44M32D190M5D11M4I73M1D12M1D23M2I14M5I5M12I5M27I9M7D5M8I26M9I33M3I6M6I227M2I3M3D9M1I13M21I24M1I97M2I6M
47	3679	0.463	3.147E-84	0	931	938	0	809	820	44M32D197M5D4M4I65M3I13M1D20M1I37M12I23M8I8M94I16M1I209M2I3M3D19M8I9M7I22M23I80M
79	3628	0.485	4.755E-83	39	937	938	20	887	889	3M1I8M1D5M1I191M1D21M1I45M1I17M1D24M1I21M8I30M1D16M7I8M3I86M1D17M6I199M2I4M3D19M3I18M4I38M1D83M2I6M
55	3566	0.455	1.290E-81	0	937	938	0	889	893	44M32D36M1I168M1D62M1D19M1D7M2I42M8I9M8I41M4D14M16I51M2I118M1I48M1I44M25I23M21I21M1I68M1I36M
103	3518	0.462	1.662E-80	26	935	938	0	885	886	17M29D9M3I4M3I5M2I170M5I15M1D23M1D26M12I37M2I36M1I55M11D25M20I25M11I2M3I97M2D130M1D58M5I16M3I86M1D4M
117	3359	0.367	7.890E-77	5	937	938	7	995	1003	39M32D194M9D3M8I11M1I13M2I15M5D16M3I10M7I46M3I35M6I13M1I83M3I5M8D109M1D133M2D12M22D36M4D24M7D102M
92	3346	0.342	1.576E-76	5	935	938	1	1083	1084	38M32D194M2D9M2D119M4I48M1D25M3D8M4D16M1D19M2D19M2D20M4D12M8D17M25D84M2D136M33D32M15D31M10D16M9D80M1D4M
128	3317	0.355	7.383E-76	7	937	938	8	875	876	37M32D191M6I6M9D21M8I25M49I14M26I8M6I18M12I12M7I35M1D47M10D95M2D7M1I126M1D23M5I60M1D78M1D8M
122	3216	0.316	1.598E-73	6	937	938	5	971	1001	37M32D193M2D35M6I3M5I18M21I12M27D27M3I34M10I66M5I12M5I17M16I23M4I79M1D127M2D11M21D24M17D18M11D97M3I21M
8	3110	0.338	4.514E-71	5	937	938	7	1015	1016	38M32D192M14D70M1I103M2D33M3D40M1D5M1D44M2D11M1D10M6I62M2I8M2D8M2D122M1D15M12D55M10D99M1D4M1D5M
18	3091	0.298	1.241E-70	5	935	938	1	1247	1248	38M32D194M5D69M6D54M1D20M10D25M7D51M4D69M26D23M3D74M1I11M1D141M5D11M88D20M118D2M5D38M6D90M
101	3088	0.342	1.456E-70	5	930	938	20	929	936	38M23D3M9D187M6I19M9I12M3I21M3I5M7I25M27I30M3I11M2I30M2I26M1I78M7D5M4D3M1D58M2D104M11D41M1D11M2I15M1I7M8I12M1D32M1I78M
126	2958	0.327	1.476E-67	0	932	938	4	807	808	43M32D29M2I159M10I4M9D21M7I26M36I6M8I17M45I31M17I15M40I26M6I6M7D133M1I31M1D4M3I32M3I27M2D100M1I2M1I41M
114	2889	0.335	5.815E-66	5	930	938	5	923	929	38M23D3M9D142M1D45M5I22M2I42M12I47M5I12M3I35M4D17M1D20M2D14M3I37M3D21M2I14M3I5M7I56M2D87M5I5M2D11M1D39M1D11M6D26M6I13M5I23M2I1M2I78M
100	2866	0.327	1.979E-65	0	936	938	0	799	806	3M1I39M32D197M10I10M25I6M2I7M35I42M22I16M10I3M1I14M10I14M35I8M4I7M2I17M1I13M2D79M1D5M1D85M3I3M5D30M3D26M13I7M9I7M3I22M2D7M1I43M1D26M3D14M
91	2834	0.311	1.087E-64	5	937	938	9	787	788	40M32D25M1D163M14D9M80I11M1I8M66I17M8I29M15I15M5I58M2I64M2I10M4D5M2I79M3I3M3I35M1I12M17I28M3I26M3I3M1I33M2D17M4D25M1D6M
7	2788	0.310	1.259E-63	5	937	938	8	822	857	38M32D30M1D172M5I19M18I14M33I4M46I14M9I16M6I54M6I7M5I14M5I6M4I25M2I39M2D43M3D46M2I17M1D21M6I35M1I18M10I44M2I9M2I36M2D38M3D12M
98	2783	0.291	1.643E-63	1	937	938	9	774	776	42M23D3M9D26M1D162M9D10M2I8M15I25M24I16M18I15M46I14M1I5M1I8M19I4M37I11M22I86M2I10M1D5M1D74M1I9M6I35M1I10M5I14M14I14M3I26M3I2M1I32M2D22M4D28M
10	2711	0.297	7.592E-62	5	937	938	26	782	784	38M32D29M1D161M10D15M74I7M1I9M13I12M37I14M5I24M6I6M8I11M9I4M20I13M14I21M2I62M2I11M4D5M2I82M6I35M1I14M5I10M14I14M3I27M5I32M2D21M2D29M
97	2706	0.304	9.908E-62	5	937	938	26	783	786	38M32D29M1D162M9D12M1I7M27I5M34I16M91I5M1I35M3I18M11I12M1I8M12I13M2I8M2I62M3I10M1D5M1D84M6I35M1I12M3D4M12I15M9I5M3I26M5I36M1D16M2D17M1I13M
96	2701	0.307	1.293E-61	5	937	938	38	941	948	30M1I5M27D3M1D191M14D14M9I44M14I4M7I14M5I10M8I9M2I30M13I5M1I8M7I16M35D55M11I9M1I27M1D62M4I9M4D5M2I48M1I32M1I38M1D22M6I39M4I10M15I82M
120	2695	0.315	1.780E-61	5	937	938	7	760	764	39M32D27M2I163M5D17M7I37M62I9M4I26M4I21M2I5M7I26M34I11M11I4M26I6M4I38M2D34M1D7M1D47M2I17M1D51M4I7M1I7M6I5M14I17M24I6M7I2M1I35M1I43M2D3M
0	2692	0.304	2.088E-61	0	937	938	8	752	754	43M32D29M1D162M10D3M6D8M36I5M34I15M25I14M44I7M29I25M40I8M5I24M2I62M3I10M1D5M1D77M1D7M6I35M1I12M4D9M22I29M1I13M5I31M2D21M2D31M
87	2692	0.310	2.088E-61	5	937	938	7	750	770	38M32D30M1D162M1I10M7D12M86I12M9I9M59I7M3I19M32I27M9I11M9I5M2I39M2D42M2D47M2I17M1D14M3I3M4I26M2I19M5I13M3I8M5I16M5I19M3I1M1D35M2D43M5D7M
89	2692	0.292	2.088E-61	0	937	938	0	760	777	5M2D39M32D28M1D173M41I15M8I32M44I8M67I5M7I8M21I29M7I11M2I5M2I39M2D37M3D4M1I47M2I17M1D14M3I3M4I36M2I9M8I21M10I42M2D36M2D39M7D7M
40	2680	0.296	3.955E-61	0	937	938	0	759	776	5M1D38M32D28M1D165M69I11M5D26M8I23M8I9M6I28M9I14M101I6M3I39M2D37M3D4M1I47M2I17M1D14M3I3M4I36M2I9M5I5M10I17M3I31M2D46M2D39M7D7M
124	2664	0.313	9.271E-61	5	926	938	1	707	713	38M32D188M3D2M8D3M12D11M36I17M117I14M10D8M17I17M68I14M2I40M1D22M1I18M2D80M1I34M1I31M26I12M7I16M7I39M1D6M1I28M
20	2663	0.296	9.778E-61	5	937	938	7	752	772	38M32D200M39I21M40I13M54I7M2I8M15I31M32I8M14I12M5I10M3I39M2D37M3D4M1I47M2I17M1D25M3I25M5I4M1I8M14I61M2I37M2D42M5D7M
95	2648	0.293	2.173E-60	5	937	938	1	715	720	38M32D29M2I161M5D19M146I20M31I28M19I11M6I7M8I24M6D4M2I35M2D42M2D48M2I18M1D51M5I14M34I37M6I1M3I35M1I38M1I7M
63	2648	0.304	2.173E-60	5	937	938	7	768	778	38M32D30M1D162M1I28M79I13M9I9M59I7M3I11M26I43M7I11M9I5M2I39M2D42M2D47M2I17M1D14M3I3M4I24M2I27M18I51M2I35M4D3M2I39M15D7M
1	2627	0.293	6.647E-60	0	937	938	0	778	787	43M32D194M1D11M6I7M35I10M41I12M83I14M8I6M26I34M1I25M1I25M1D13M2D38M1D5M1D47M2I18M2D15M11I31M3D17M10I14M4I46M3I32M1D4M2D9M7D6M8D2M3D22M8D7M
88	2607	0.301	1.928E-59	5	937	938	7	750	770	38M32D200M10I4M9I8M44I6M19I13M54I9M19I3M14I27M16I14M19I24M2I39M2D37M3D4M1I47M2I14M1D14M2I7M5I35M2I9M5I13M3I8M10I42M2D36M2D39M5D7M
2	2598	0.289	3.113E-59	2	934	938	7	779	781	41M23D3M9D28M1I54M1I169M59I8M37I12M13I24M50I38M18I35M1D33M1D14M2D46M1D10M1D6M4D59M5D13M2I12M35I25M3I4M1I32M3D11M5D12M3D16M2D8M
37	2582	0.276	7.297E-59	4	937	938	2	810	829	11M2D28M32D84M1I107M14D32M16I15M102I15M26D13M9I6M9I28M25I20M7I23M2I39M2D42M2D47M2I17M1D14M1I12M2I22M6I5M3D9M3D28M1D8M17I10M14I38M2D48M
36	2559	0.284	2.483E-58	3	937	938	1	810	829	11M2D29M32D84M1I107M14D11M12I46M7I10M21D20M66I12M14I6M32I19M12I14M2I8M18I11M2I39M2D42M2D47M2I18M1D13M1I12M2I22M6I5M3D10M10D13M16I16M7I10M14I35M4D3M2I46M
14	2553	0.311	3.417E-58	5	933	938	85	885	886	39M32D34M25I3M4I2M1D70M1D53M5D8M6I23M4I24M8I25M17I20M4I15M27I24M17I10M10I29M1D3M6D18M1I19M3I5M2I81M2D128M1I9M6D10M53I95M
125	2551	0.286	3.801E-58	2	926	938	24	805	813	42M32D191M1D4M2D21M11I19M68I25M16D4M16I15M6I5M8I19M23I42M3I21M13I63M13I127M1I10M1D14M17I4M3I11M10I19M3I74M
123	2455	0.402	6.305E-56	39	740	938	28	713	715	17M1I183M2D8M8I113M1I27M4I13M1D29M7D28M12I37M3I183M1D21M2D14M
21	2342	0.326	2.585E-53	5	779	938	4	701	745	38M32D139M1D51M4D13M3I10M31I18M1I16M2D8M27I3M4I79M7I21M34I24M4I19M2I76M4D5M2I70M1I10M5D1M6I37M3I12M
12	2224	0.308	1.383E-50	5	821	938	2	674	675	38M32D191M3D37M16I11M41I5M18I12M6I16M5I22M30I39M13I7M14I3M20I6M2I27M1I11M2D31M1D7M1I3M2I45M2I15M1D16M2I36M9I41M1I15M
121	2184	0.289	1.164E-49	11	799	938	1	618	619	32M32D192M12D10M5I7M12I14M42I10M13I6M80I14M14D17M40I6M6I7M28I30M1D12M2D42M2D49M2I15M2D17M2I9M3I22M5I3M2D37M
11	2181	0.322	1.365E-49	5	784	938	5	581	596	238M6D16M9I5M15I17M60I2M25I22M44I20M43I6M8I19M4I24M1D14M2D37M1D5M1D47M2I17M2D15M2I8M3I26M3I14M2D10M
9	1981	0.250	5.750E-45	5	937	938	7	623	639	38M32D30M1D162M4D10M140I15M97I24M28I8D12M10I3M66I45M2I17M1D14M2I4M5I25M2I19M8I21M5I16M5I20M2I36M2D43M8D7M
19	1507	0.192	5.244E-34	5	925	938	12	723	735	27M1D11M34D18M1I11M1I43M1D10M5D6M8D18M1I3M3D27M2D51M12D10M102I8M75I38M34I10M9I6M5I17M3I5M4I12M2D6M2D66M2D80M4D52M1I6M3D18M9I19M6I6M18I5M19I17M1D8M1I18M
129	1302	0.166	2.882E-29	10	924	938	0	646	656	3M1D1M1I16M1I41M1I40M3D4M2D14M1I17M1I33M13I38M2D16M20I3M18D7M46I4M47I14M37I3M20I15M54I7M2I13M4I10M6I28M3I12M2D6M1D8M1D7M1I2M4D11M1D33M1D2M3D9M3I17M2D15M8I3M6I16M3I28M4I36M15I8M6I2M1I7M1D17M8I9M1D13M1D15M
90	1196	0.152	8.142E-27	0	930	938	0	693	697	32M1I10M27D30M1I40M3D4M2D14M1I20M1I29M12I3M1I40M27D11M26I22M25I6M49I5M65I25M30I5M32I6M12I33M2I5M1I3M2D10M1D22M5D41M2D2M2D6M3I19M2D18M14I21M3I24M10I7M1I7M10I19M12I8M1I4M1I10M1D12M1D11M1D14M1D19M
4	1078	0.160	4.357E-24	6	932	938	4	687	688	4M1D35M29D9M1I18M1I37M3D6M2D14M1I22M1I22M4D10M12I46M44I25M16I10M2I17M2D19M22I19M1I9M10I14M6I12M85I12M3D25M3I14M3D2M1D8M2I6M1D2M4I1M6D11M5D27M5D3M1I8M3I18M2D14M1I7M7I6M4I11M84I8M3D7M3I7M1D2M6I13M3D25M3D22M
99	802	0.234	1.049E-17	5	317	938	17	361	450	8M1D1M1I16M1I13M28D7M1I20M1I37M3D4M1D14M1I23M1I40M10I32M16D53M1I28M
17	647	0.155	4.026E-14	9	865	938	3	909	985	21M2I13M29D29M1I38M2D3M1D15M2I6M11D17M1I16M12D10M8D3M7D7M4I30M2I6M18D19M3D64M13D32M5D9M3D31M4D21M8D35M1I12M8D38M10D29M2D28M4I10M2I14M4I10M17I5M3I14M1I6M3D23M56I15M1D117M2D11M
93	590	0.160	8.372E-13	11	667	938	13	802	803	37M26D4M1I8M1I12M1I38M3D3M4D15M2I4M1I13M2D29M4I6M2I6M20D32M3D9M6D19M5D35M2D12M5D22M104D17M3I25M4I92M9D23M7D31M2I15M1D14M5I17M17I6M18I23M1I9M2I17M
 66	6714	1.00	0.000E+00	0	922	923	0	922	923	923M
42	5719	0.824	0.000E+00	0	922	923	0	932	933	82M1I221M1I36M3D5M5D157M3D42M1D378M
23	5567	0.806	0.000E+00	0	922	923	0	934	935	82M1I264M8D159M3D41M2D376M
78	5382	0.756	0.000E+00	0	922	923	0	939	940	82M1I266M14D150M2I30M2D15M4D225M2I6M2D144M
79	4963	0.748	0.000E+00	53	922	923	1	888	889	29M1I266M14D150M2I31M2D13M5D378M
48	4852	0.670	0.000E+00	0	922	923	0	898	899	82M1I212M1I44M4D8M7D29M3I17M1D37M1I10M1I25M4I20M5I18M4I20M4I234M7I3M4I39M1I89M
77	4805	0.663	0.000E+00	0	922	923	0	917	925	82M1I212M1D46M4D10M12D44M1D11M4I36M1D7M1D58M1I9M9I16M2D226M2I13M8I37M2I89M
109	4800	0.655	0.000E+00	0	921	923	0	914	915	82M1I212M1D55M15D24M1D19M1D9M4I27M1D14M1D22M1D25M5I5M1D38M4I233M3I7M6I32M6I89M
83	4796	0.668	0.000E+00	7	922	923	32	946	947	75M1I185M11D3M11I67M10D24M2D20M1D40M1D14M1D50M3I15M2I29M1D234M7I5M4I127M
69	4794	0.657	0.000E+00	0	922	923	0	919	924	82M1I212M1D41M5D38M1I30M3I21M3D39M1D30M1I11M4D21M3I13M2D227M4I14M4I31M2I94M
82	4793	0.668	0.000E+00	5	922	923	30	946	947	2M1D75M1I212M2D47M11D35M2D20M1D37M1D13M1D50M3I21M2I7M6I10M3D235M7I6M4I125M
54	4787	0.656	0.000E+00	0	922	923	0	918	923	82M1I212M1D47M17D29M1I24M1D6M4I24M1D39M7I56M3I11M2D223M6I13M2I37M2I94M
41	4781	0.646	0.000E+00	0	920	923	0	923	924	82M1I213M2I32M14D40M1D25M1D10M5I39M1D52M2D36M1I231M7I8M4I39M2I84M6D8M
51	4779	0.663	0.000E+00	0	921	923	0	925	932	82M1I212M1D54M13D25M1D22M1D6M4I41M1D54M3D30M3I12M2D235M3I7M5I31M2I93M
56	4771	0.650	0.000E+00	0	922	923	0	926	931	82M1I185M6D8M6I13M1D31M13D42M1D27M1D7M4I24M1D17M1D64M2D20M3I12M2D230M8I43M2I94M
43	4764	0.667	0.000E+00	0	922	923	0	926	931	82M1I218M1D41M13D6M2D57M3I28M2D68M1D27M3I12M2D235M3I7M5I31M2I94M
76	4763	0.667	0.000E+00	0	922	923	0	920	925	82M1I212M1D32M14D68M1D13M4I20M2D61M3I19M2I255M6I16M2I31M2I94M
50	4757	0.662	0.000E+00	0	921	923	0	902	906	82M1I212M1D47M4D4M7D4M4D21M1I24M1D6M4I18M4I8M15I80M3I12M2D223M4I19M4I31M2I93M
57	4756	0.657	0.000E+00	0	922	923	0	930	931	82M1I259M14D6M2D21M1D27M1D6M4I10M1D25M2D50M2I11M3D22M3I4M1I238M4I16M4I31M2I90M5D4M
3	4753	0.651	0.000E+00	0	922	923	0	881	882	82M1I186M6D8M6I12M1D32M2I41M1D26M1D6M4I41M1D16M4I8M2I17M10I14M10I5M1I9M1I228M4I16M4I31M2I94M
44	4732	0.659	0.000E+00	0	922	923	0	881	886	82M1I212M1D35M4I15M2D21M1D26M1D6M4I41M1D16M4I8M4I17M8I14M10I5M1I9M1I228M4I16M4I31M2I94M
49	4729	0.652	0.000E+00	0	922	923	0	857	862	82M1I185M6D9M6I12M1D32M2I41M1D26M1D6M4I25M23I9M4I8M4I4M7I11M1I16M10I5M1I9M1I228M1I16M7I31M2I94M
71	4729	0.649	0.000E+00	4	919	923	16	926	934	78M1I212M1D47M16D29M1I24M1D6M4I24M1D39M7I23M1D16M1I16M3I11M2D223M4I19M4I31M2I91M
52	4715	0.634	0.000E+00	0	922	923	0	903	913	82M1I185M6D9M6I12M1D51M8D3M3D19M1D28M1D6M4I29M2I26M4I12M11I34M3I19M2D223M4I19M4I31M2I94M
130	4712	0.624	0.000E+00	0	922	923	0	982	983	82M1I198M1I17M4D32M10D18M7D31M2D11M8D23M6D19M1D5M1D31M2D12M5D14M1D18M2I18M7D13M4D237M6D140M
46	4708	0.648	0.000E+00	0	919	923	0	917	926	82M1I212M1D54M13D25M1D22M1D6M4I18M9I9M4I55M3D30M3I12M2D226M4I5M3I5M5I33M2I64M12D27M
35	4686	0.640	0.000E+00	0	922	923	0	926	929	82M1I186M2D3M5D3M7I13M1D42M1D14M15D54M3I19M2I18M1D23M3I23M2D293M7I31M2I92M2D2M
113	4677	0.659	0.000E+00	0	918	923	0	905	915	82M1I212M1D47M7D6M2D32M1D13M1D13M4I22M2D31M5I3M1D18M5I14M1I15M4D9M1I13M2D231M2I7M9I31M6I86M
116	4663	0.656	0.000E+00	0	921	923	0	890	893	82M1I212M1D54M7D21M2I4M1I16M1D13M4I40M2D13M4I7M2I13M3I12M1I4M9I17M4I9M4D227M7I10M4I17M1D14M6I21M1D68M
45	4662	0.642	0.000E+00	0	922	923	0	922	927	82M1I212M1D46M5D22M11D8M1I24M1D6M4I41M6D22M7I56M3I11M2D223M6I13M2I37M2I94M
70	4653	0.625	0.000E+00	0	922	923	0	853	858	82M1I220M24I3M16D41M1I24M1D6M4I22M45I26M1D16M1I16M3I11M2D223M4I19M4I31M2I94M
13	4629	0.638	0.000E+00	0	922	923	0	889	894	82M1I185M5D10M5I12M1D36M10D42M1D22M1D5M7I23M8I29M2I2M8I22M1I17M10I17M1D223M6I11M2I39M2I94M
58	4529	0.630	0.000E+00	0	922	923	0	884	889	82M1I219M1D40M16D29M1I21M28I48M7I56M3I11M2D216M1D3M12I15M4I31M2I94M
115	4390	0.544	3.998E-101	0	922	923	0	981	982	82M1I198M1I21M4D39M7D10M10D29M2D10M5D14M2D13M3D18M3D33M2I19M1D26M2D17M2D18M13D234M2D8M6D26M1D104M
47	4388	0.610	4.450E-101	0	919	923	0	811	820	82M1I220M1D39M10D11M2D53M32I8M8I13M38I6M2I8M8I245M4I14M4I12M24I88M
59	4309	0.517	3.042E-99	0	917	923	0	973	982	6M1D76M1I198M1I23M4D49M4D10M13D12M2D20M2D20M12D16M1D16M1D4M4D17M1D9M11D71M11D165M1I55M7I16M1I124M
30	4301	0.494	4.667E-99	0	922	923	0	970	972	82M1I198M1I21M1D26M6D24M10D24M1D19M2I40M1D19M18D48M1D34M4D10M5D205M1I24M7D53M1I90M
72	4284	0.515	1.158E-98	0	922	923	0	957	958	82M1I198M1I13M1D43M14D10M1D30M1D56M1I15M10D50M1D46M4D3M5D165M1I39M1I22M5D29M1I9M1I106M
118	4264	0.529	3.376E-98	0	922	923	0	977	978	82M1I198M1I13M1D46M15D40M1D13M7D15M8D24M1D16M1D3M3D11M1D11M5D16M2D29M1I28M4D164M1I20M2D21M1I25M7D28M3D8M1I106M
33	4259	0.504	4.411E-98	0	922	923	0	968	970	82M1I198M1I21M1D24M3D8M3D18M8D24M1D31M13D19M3D17M2I8M3D95M10D205M1I39M7D38M1I90M
16	4249	0.527	7.530E-98	5	921	923	39	977	978	77M1I198M1I69M12D25M2D21M2D5M3D12M3D40M3D15M1D38M5I34M1D168M1I39M1I39M7D29M2I8M1I88M
127	4246	0.521	8.840E-98	0	922	923	43	1012	1013	82M1I198M1I13M1D43M15D40M1D13M2D4M5D13M3D10M5D15M1D15M1D3M3D19M3I63M3D13M11D165M1I39M1I22M5D29M1I11M1I104M
6	4243	0.498	1.038E-97	0	922	923	0	968	970	82M1I198M1I21M1D26M6D24M8D24M1D31M13D40M1D6M3D92M1I3M11D204M1I35M7D42M1I90M
55	4236	0.591	1.509E-97	0	922	923	0	888	893	82M1I30M1I181M1D43M5D16M3D3M6D17M1D23M1D5M4I21M8I23M6D50M2I37M4D92M1I48M1I44M32I9M1I10M2I4M5I31M2I58M1I35M
38	4236	0.498	1.509E-97	0	922	923	0	967	969	82M1I198M1I21M1D26M6D24M10D28M1D13M6D33M1I21M7D2M3D23M1I71M1I3M11D204M1I27M8D9M1I32M1I98M
67	4233	0.506	1.772E-97	0	922	923	0	962	964	4M1D78M1I198M1I13M1D38M5D20M10D24M1D14M8D44M3D13M1D19M1D7M1D9M2D14M2I49M10D206M1I35M2D44M1I88M
112	4229	0.487	2.194E-97	0	922	923	0	969	971	82M1I198M1I21M1D34M16D40M1D31M2I22M2D23M11D19M4D26M1D49M10D205M1I25M5D57M1D86M
25	4227	0.495	2.442E-97	0	922	923	0	968	970	82M1I198M1I21M1D26M6D24M8D24M1D77M17D95M10D205M1I35M7D42M1I90M
105	4220	0.506	3.551E-97	0	922	923	0	961	963	82M1I198M1I21M1D26M6D24M10D24M1D34M7D16M8D8M1I9M1I32M2D3M1D24M1D29M1I8M5D5M4D206M1I69M1I98M
15	4216	0.516	4.398E-97	0	921	923	34	982	983	8M2D74M1I198M1I44M6D14M5D41M2D15M5D18M3D35M5D20M1D32M3D31M9I5M2D168M1I39M1I14M3D25M4D44M1I83M
111	4210	0.515	6.062E-97	0	922	923	0	936	938	82M1I198M1I21M1D30M6D20M10D24M1D42M2I9M1D85M3I19M3I6M1D208M1I24M6D37M1I106M
39	4207	0.505	7.117E-97	0	922	923	0	963	965	82M1I198M1I21M1D30M6D20M10D28M1D27M2I27M1D20M18D17M1I5M4I65M10D205M1I35M6D29M2I102M
24	4206	0.496	7.508E-97	0	922	923	0	968	970	82M1I198M1I21M1D24M3D8M3D27M8D15M1D31M2I25M1D15M15D2M3D96M10D206M1I35M7D42M1I90M
106	4204	0.495	8.355E-97	0	922	923	0	968	970	82M1I198M1I21M1D24M3D8M3D20M8D22M1D34M8D16M1I22M10D100M10D204M1I35M7D42M1I90M
61	4202	0.514	9.298E-97	0	922	923	0	931	933	82M1I198M1I21M1D26M6D24M10D24M1D17M5I19M2D17M1D15M7I31M2I18M2I36M1D208M1I27M7D50M1I90M
27	4202	0.500	9.298E-97	0	922	923	0	968	970	82M1I198M1I21M1D26M6D24M8D24M1D34M8D16M1I22M7D2M3D94M1I3M11D204M1I39M7D38M1I90M
53	4201	0.505	9.809E-97	0	922	923	0	962	964	82M1I198M1I21M1D26M6D25M10D23M1D31M2I27M1D18M12D26M1I68M9D204M1I16M5D8M2D53M1I90M
29	4200	0.503	1.035E-96	0	922	923	0	968	970	82M1I198M1I21M1D24M3D8M3D18M8D24M1D78M11D33M6D58M10D208M1I35M7D42M1I90M
85	4198	0.495	1.152E-96	0	922	923	0	968	970	82M1I198M1I21M1D38M13D11M1D25M1D78M17D13M2D29M2I47M1I3M11D204M1I35M7D42M1I90M
107	4195	0.496	1.352E-96	0	921	923	0	968	969	82M1I198M1I21M1D34M13D15M1D25M1D31M2I28M1D19M17D43M1D48M10D206M1I27M7D24M1I27M1I81M2D6M
75	4189	0.498	1.864E-96	0	922	923	0	968	970	82M1I198M1I21M1D30M6D22M10D24M1D12M16D44M1I9M1I6M2D49M1I47M10D205M1I35M7D23M1I109M
31	4183	0.504	2.569E-96	0	922	923	0	968	970	82M1I198M1I21M1D24M3D8M3D19M8D23M1D31M13D40M1D6M3D92M5D3M5D205M1I12M5D20M2D45M1I90M
28	4180	0.502	3.016E-96	0	922	923	0	969	971	82M1I198M1I21M1D26M6D25M9D23M1D31M2I26M2D19M11D27M2D13M4D54M10D205M1I35M7D42M1I90M
26	4178	0.500	3.356E-96	0	921	923	0	967	970	82M1I198M1I21M1D26M6D26M8D22M1D31M13D40M1D4M3D97M10D205M1I35M7D42M1I89M
5	4171	0.501	4.880E-96	0	922	923	0	968	970	82M1I198M1I21M1D26M6D24M8D24M1D34M8D16M1I15M4D8M6D95M5D3M5D205M1I35M7D42M1I90M
108	4169	0.491	5.431E-96	0	922	923	0	926	928	82M1I198M1I21M1D34M5D10M10D59M4I14M9I3M10D27M5I58M3I21M1D204M1I24M5D18M1D20M2I11M4I3M1D86M
64	4166	0.496	6.376E-96	0	922	923	0	966	968	82M1I198M1I21M1D33M6D17M10D24M1D19M3I36M9D15M7D2M1D28M8D66M1D208M1I27M7D50M1I90M
86	4164	0.497	7.096E-96	0	922	923	0	968	970	82M1I198M1I21M1D26M6D24M8D24M1D31M13D40M1D6M3D20M1I25M1D49M10D205M1I35M7D42M1I90M
22	4162	0.486	7.897E-96	0	922	923	0	956	958	82M1I198M1I12M1D36M5D23M8D26M1D68M16D16M8I27M1I49M10D206M1I21M1D5M5D51M1I90M
34	4161	0.497	8.331E-96	0	922	923	0	968	970	82M1I198M1I21M1D26M6D26M8D22M1D14M5D15M8D42M1D6M3D20M1I25M1D49M10D205M1I35M7D42M1I90M
119	4158	0.493	9.780E-96	0	922	923	0	966	968	82M1I198M1I21M1D34M15D14M1D26M1I36M7D36M7D1M3D23M1I71M10D208M1I26M4I8M10D39M1I90M
73	4156	0.509	1.088E-95	23	922	923	2	932	933	59M1I198M1I17M1D38M15D43M1D14M1D60M6D20M2I75M7D161M1I40M2I18M8D46M1I103M
94	4154	0.492	1.211E-95	0	921	923	0	923	924	82M1I198M1I21M1D34M5D10M10D44M5I18M2D10M14D69M1I14M28I13M5D205M1I54M1I27M1D79M2D6M
62	4141	0.507	2.428E-95	0	922	923	0	929	931	82M1I198M1I21M1D30M6D21M10D27M1D23M8I5M10I8M1I4M17D67M5I3M3I18M6I6M4D206M1I26M4I6M10D28M2I102M
131	4115	0.501	9.752E-95	0	922	923	0	894	896	82M1I198M1I21M1D26M6D24M10D24M1D17M5I12M13I8M8I9M3I9M44I21M12D22M9D206M1I27M4D25M6D25M1I90M
68	4111	0.504	1.208E-94	21	922	923	16	900	901	7M2I52M1I198M1I10M1D49M16D36M1D14M5I21M1I14M5I10M4I19M9I32M6I23M3I171M1I39M1I24M4D18M1D21M1I104M
60	4050	0.496	3.153E-93	5	922	923	1	990	994	11M2D15M10D7M3D41M1I188M1I36M4D38M6D11M9D25M2D16M2D12M12D15M6D47M1D7M2D11M5D28M1D34M11D165M1I52M3I10M1D14M1D129M
102	4028	0.478	1.023E-92	0	922	923	0	962	964	82M1I198M1I13M1D50M5D10M10D22M1D41M5D34M4D18M1I13M1I21M2D42M10D205M1I40M8D44M1I84M
65	4026	0.503	1.138E-92	7	922	923	2	875	879	75M1I198M1I19M3D38M5D14M12D28M1D15M23I7M2I18M9D3M2I17M1D9M4D28M1D10M3D19M1I14M10D165M1I36M61I24M1D87M
74	3961	0.503	3.681E-91	10	911	923	4	924	926	72M1I198M1I17M1D41M6D13M8D25M1D18M1D11M5I8M1D30M1I11M11D8M1I75M3D168M2I34M2I57M1I22M1I65M2D14M
80	3894	0.506	1.325E-89	42	922	923	1	930	931	40M1I198M1I19M1D26M6D11M1D27M8D16M1D10M2D4M5D11M9D11M1I15M1D15M1D3M3D19M3I28M1I34M5D13M11D165M1I39M1I24M5D53M1I90M
104	3839	0.474	2.509E-88	0	921	923	0	937	938	43M33I205M1I21M1D24M3D8M3D18M8D24M1D31M13D19M3D17M2I8M3D95M10D201M2D3M3I36M7D40M1I83M2D6M
84	3803	0.500	1.721E-87	47	922	923	0	928	929	35M1I198M1I13M1D38M6D18M9D27M1D13M2D4M5D11M5D12M3D15M1D15M1D3M3D21M3D33M1D5M6D41M7D163M1I39M1I37M1D23M3D11M1I96M
32	3774	0.478	8.114E-87	42	922	923	1	927	929	40M1I198M1I21M1D26M6D36M8D12M1D77M17D95M10D201M2D3M3I34M7D42M1I90M
117	3678	0.385	1.377E-84	0	922	923	0	994	1003	5M2D77M1I187M10D42M7D90M1I42M1D5M2I46M1I21M10D31M6D78M1D126M1D13M13D6M3D10M2D10M6D18M15D111M
92	3607	0.364	6.138E-83	5	919	923	1	1083	1084	77M1I198M3D31M8D48M2D69M2D32M3D12M8D4M5D59M27D14M34D78M2D123M1I13M53D27M2D30M9D16M9D78M3D4M
128	3600	0.395	8.925E-83	5	921	923	6	875	876	77M1I187M1D6M8D1M7I18M19I7M4I39M1I2M4I12M4I4M2I43M15I33M2I6M1I15M8D2M10I94M3D9M2I135M3D30M1I119M3D5M
122	3533	0.374	3.212E-81	7	922	923	6	970	1001	72M1I188M1I6M2D15M1D48M25D13M1I7M4I2M3I15M4I19M11I30M4I19M1I37M2I12M1I105M1D117M1D25M4D12M1I24M10D6M3D8M29D14M2D3M8D63M1I12M2I7M
101	3476	0.376	6.771E-80	0	915	923	15	928	936	82M1I183M2I10M5I11M2I19M2I61M1D27M8I56M5I39M4D33M10D64M2D102M6D6M5D51M2I43M2I22M1I77M
110	3432	0.468	7.122E-79	91	922	923	0	878	880	190M1I21M1D38M13D11M1D25M1D31M2I25M1D22M18D92M10D201M2D3M3I28M7D48M1I90M
8	3432	0.358	7.122E-79	0	922	923	0	1012	1016	5M2D74M1I191M12D7M6D30M3D25M10D23M11D35M2I33M1D25M4D29M3D46M9D23M2D81M2D137M4D3M8D57M10D11M6D85M
103	3418	0.447	1.506E-78	26	922	923	0	885	886	49M5I8M5I7M2I170M6I24M3D26M1I24M3D23M1I18M3I37M1D11M9I15M16D49M3I27M1D75M2D145M1I12M1I140M
18	3337	0.324	1.146E-76	5	921	923	1	1247	1248	77M1I184M4D27M3I27M1D13M17D9M9D2M5D16M13D34M3D13M10D19M2D17M2D13M3D30M2D10M1D10M1D16M20D25M14D61M1I15M1D123M1I18M26D10M16D11M43D5M63D20M46D22M34D84M
100	3273	0.352	3.512E-75	1	922	923	0	800	806	77M1I194M11I10M24I7M23I18M5I19M1I15M5I5M5I27M23I9M5I10M5I12M5I30M1I79M1D2M1D81M2D42M2D20M19I39M1D59M1D17M4D17M
126	3254	0.352	9.702E-75	6	918	923	10	807	808	76M1I20M2I169M6D1M8I11M30I22M2D20M29I14M3I7M2I11M6I5M14I21M3I27M32I6M8D132M1I34M2I30M4I18M1D32M1I22M1D16M7D37M2I42M
81	3252	0.449	1.080E-74	39	844	923	7	883	885	43M1I198M1I21M1D26M6D24M10D28M1D26M11D45M3D22M1I74M10D205M1I29M9D27M24D34M
114	3242	0.364	1.843E-74	0	915	923	0	922	929	82M1I138M1D48M5I7M1I14M2I48M3D90M2D13M1I42M3D43M9D14M2D59M2D87M5I17M3D62M1D22M5I33M1D77M
91	3225	0.341	4.575E-74	1	922	923	5	785	788	81M1I23M1D161M4I1M14D5M7I6M56I14M1I41M1D25M27I17M34I11M7I88M2I13M4D4M2I78M6I39M2I15M14I25M3I28M1I33M2D17M4D30M
98	3157	0.335	1.737E-72	1	922	923	9	773	776	78M1I27M1D160M4I4M10D15M56I10M26I21M4I27M2I10M33I5M4I19M16I20M1D68M2I14M1D2M1D74M1I7M6I37M2I10M13I29M7I59M2D22M4D27M
124	3091	0.351	5.926E-71	5	917	923	1	712	713	77M1I181M3D2M1D10M12D1M28I7M8I21M38I13M11D12M17I13M101I51M1D24M1I18M2D85M1I28M2I38M6I7M28I54M1D6M1I33M
120	3087	0.351	7.339E-71	5	922	923	7	757	764	77M1I20M2I164M3D9M10I4M10I24M5I18M11I23M7I32M7I22M4D11M10I11M61I44M2D39M1D2M1D47M2I18M1D50M4I5M2I10M21I22M22I7M3I32M1I48M
10	3058	0.329	3.461E-70	0	922	923	21	781	784	82M1I24M1D159M15D12M36I11M4I23M1I28M5I21M1I9M21I4M40I16M44I69M2I13M4D4M2I79M6I39M2I23M8I9M5I5M6I26M2I32M2D21M2D28M
97	3049	0.339	5.601E-70	1	922	923	22	783	786	81M1I24M1D160M9D9M41I6M24I14M19I11M1I15M9I11M9I5M14I9M15I38M11I82M3I14M1D2M1D81M6I38M2I25M15I41M5I35M1D16M2D30M
0	3037	0.333	1.064E-69	0	922	923	8	751	754	82M1I24M1D160M10D5M3D3M7I30M9I17M14I20M1I17M18I8M121I75M3I12M1D2M1D77M1D5M6I37M2I12M3D2M18I51M3I30M2D21M2D30M
95	3028	0.349	1.722E-69	5	922	923	1	716	720	77M1I20M2I172M7I13M30I17M40I27M15I4M8I4M43I5M14I4M3I10M2I25M3D35M2D44M2D51M2I16M1D50M4I4M2I11M27I38M10I32M1I41M1D7M
7	3008	0.339	5.018E-69	0	922	923	0	824	857	5M3D77M1I21M1D169M21I15M11I45M7I7M6I22M6I6M18I10M16I10M5I30M6I16M1I56M2D43M3D46M2I17M1D21M6I33M2I12M6I7M2I90M2D42M6D7M
88	2993	0.337	1.119E-68	3	922	923	5	748	770	79M1I190M54I11M48I11M2D19M8I20M7I8M46I26M2I5M1I48M2D43M2D48M2I18M1D11M3I4M4I22M3I22M6I45M4I56M2D34M1D7M3D4M
1	2990	0.331	1.314E-68	0	922	923	0	775	787	79M1I189M1I7M8I4M31I6M5I6M10I5M12I16M46I5M4I15M22I11M1I8M4I6M14I57M1D14M2D39M1D3M1D49M2I16M2D14M1I22M4I10M2I7M2I32M8I42M3I31M1D4M2D5M7D10M8D2M3D18M6D10M
40	2988	0.342	1.462E-68	0	922	923	1	755	776	82M1I22M1D174M7D10M2I6M3I23M7I12M44I6M4I12M5I14M2I3M1I15M96I43M2D43M2D46M2I18M1D13M7I26M3I22M11I41M1D59M2D34M1D7M3D4M
96	2980	0.320	2.243E-68	5	922	923	38	940	948	30M5I39M1I188M11D28M2I19M2I37M16I28M10I44M36D10M2I39M2D41M3I63M4I14M2D49M1I35M3D16M4I43M14I8M1D5M6I112M
20	2974	0.338	3.092E-68	5	922	923	7	750	772	77M1I186M5I4M49I7M7D7M9I3M5D16M16I17M56I4M14I15M13I9M10I20M2I42M2D41M4D2M2I44M2I17M1D16M7I24M3I22M6I13M2I9M3I34M1D41M2D42M4D6M
63	2965	0.323	5.003E-68	1	922	923	3	754	778	81M1I19M1D170M41I26M8I14M19I12M3I34M22I18M8I7M52I51M2D43M2D46M2I17M1D14M3I7M7I42M15I23M1D68M2D38M1D7M1D4M
87	2951	0.331	1.058E-67	3	922	923	5	746	770	79M1I19M1D179M5D11M1D9M2I17M12I18M12I11M2I10M28I8M57I6M54I49M2D42M2D47M2I17M1D14M3I4M4I25M3I21M15I22M1D68M2D38M1D7M1D4M
89	2951	0.340	1.058E-67	3	922	923	5	755	777	79M1I22M1D186M1I20M34I25M14I7M4I17M13I7M42I16M30I8M19I39M2D43M2D48M2I16M1D13M7I29M3I20M8I21M3I16M1D62M2D34M1D7M2D4M
2	2950	0.323	1.116E-67	4	918	923	9	779	781	78M1I20M1I58M1I106M1D8M6I21M21I12M45I20M12I46M19I22M33I52M1D41M3D49M1D11M1D6M4D65M4D10M7I19M26I20M2I32M3D11M5D12M3D16M4D6M
14	2876	0.347	5.839E-66	3	918	923	83	885	886	76M1I28M25I6M4I2M1D70M1D62M2I11M3I55M16I34M1I50M4I21M12I11M6I44M1I79M1D2M1D127M2I10M3I7M1I20M37I78M1D5M
125	2869	0.302	8.491E-66	5	912	923	27	805	813	77M1I183M4D14M2I14M11I9M6I13M18I20M16D1M3I7M1I59M57I28M6I11M3I62M13I131M2I10M4I12M2D11M9I6M6I8M7I11M2I70M
37	2823	0.313	9.939E-65	4	921	923	2	810	829	11M2D64M1I80M1I107M9D10M12I21M2I24M17I5M5I9M24D9M4I43M29I10M15I25M37I42M2D40M1D2M1D46M1I3M1I16M1D13M1I15M2I19M4I21M19I38M2I46M2D38M2D8M
36	2790	0.316	5.805E-64	2	921	923	0	810	829	12M2D65M1I80M1I107M9D10M12I21M2I24M17I6M2I11M21D9M4I43M29I10M15I15M37I52M2D40M1D2M1D46M1I3M1I16M1D13M1I15M2I19M4I20M3D27M22I9M2I43M4D4M2I35M2D8M
21	2689	0.351	1.287E-61	3	771	923	2	701	745	76M1I135M1D86M26I14M5I5M13I18M1I36M6I14M1D29M16I32M1D110M4D4M2I69M1I10M1I32M4I23M
123	2649	0.428	1.093E-60	44	731	923	0	713	715	35M1I191M2D7M5I9M3I25M3I48M1D42M1D12M2D44M13D8M2D35M5D38M9D145M1D18M2D19M
12	2502	0.333	2.838E-57	5	812	923	2	674	675	77M1I184M5D8M8I10M34I9M25I27M5I23M5I42M15I5M30I11M4I20M1D28M1I6M2D35M1D6M1I5M2I45M2I17M1D13M5I5M1I13M1D17M7I56M
121	2468	0.316	1.748E-56	11	792	923	1	618	619	68M1I188M12D10M6I12M36I12M17I7M3I13M9I6M11D11M9D7M59I8M7D67I22M1D11M2D44M2D50M2I16M2D24M1I24M6I4M2I15M1I20M
9	2313	0.285	6.962E-53	5	922	923	7	616	639	77M1I19M1D166M2D26M1D8M21I12M53I4M17D8M233I43M2I17M1D14M7I29M3I19M18I33M1I15M5D40M2D38M1D7M1D4M
11	2108	0.317	4.019E-48	0	777	923	0	580	596	39M33I194M4D5M4D9M3I24M22I35M28I5M3I9M66I5M19I25M27I22M1D10M2D44M1D2M1D49M2I16M2D23M5I25M2I5M2I20M
19	1826	0.216	1.425E-41	2	921	923	9	732	735	31M1D16M2D33M1I11M1I9M1I44M1D13M13D22M1I3M3D27M2D8M3I8M3D34M9D10M85I8M58I12M30I34M13I18M1I25M2D6M2D46M1I15M1I4M4D83M4D33M4D7M5I4M1I13M16I10M6I10M2I14M5I5M14I22M1D8M1I17M1I10M
90	1327	0.175	5.543E-30	0	913	923	0	690	697	4M1I2M1D26M1I14M5I32M1I17M1I43M5D17M1I21M1I21M1D6M13I4M1I39M28D7M28I12M8I29M7I15M22I7M15I6M27I2M91I40M3I3M2D10M1D22M5D41M2D2M2D6M3I18M2D19M12I10M3I15M13I5M1I18M1I5M19I26M1D3M2D5M1I10M1D12M1D10M1D15M1D16M
4	1228	0.163	1.105E-27	7	917	923	5	687	688	3M1D40M4I31M1I18M1I39M3D4M2D19M1I19M1I20M1D3M3D9M12I37M1D18M60I16M1I4M7I21M3D9M23I20M3I10M9I1M15I12M5I17M23I16M3D28M3I11M3D2M1D8M2I12M4D3M1I8M5D29M2D7M2D3M3I18M2D12M9I6M3I17M2I12M82I2M5D7M4D12M7I7M1D22M3D11M1D10M
129	1203	0.170	4.206E-27	10	910	923	0	646	656	23M1I9M32I9M1I18M1I40M3D7M2D13M1I18M1I24M1D6M13I4M1I35M2D10M85I9M8I1M17D15M33I6M58I27M8I15M5I8M4D27M1I8M2I4M2D6M1D8M1D10M3D12M1D32M1D2M3D9M3I16M2D16M8I4M3I19M4I8M3I2M11I27M4I27M5I11M9I5M1D16M1D6M1D13M1D15M
99	965	0.180	1.418E-21	5	631	923	17	449	450	28M1I14M5I32M1I17M1I40M3D4M1D14M1I23M1I24M2D12M12I37M13D7M67I31M2I7M84I25M43I44M1I4M2I10M3D4M1D22M4D7M
17	822	0.168	2.972E-18	9	846	923	3	890	985	22M2I11M1D11M1D6M5I9M1I34M1I33M3D19M2I7M11D17M1I16M12D9M3D5M1I11M9D28M20D2M1I10M2D12M22D15M9D39M1D40M11D31M15D16M1D18M19D7M1D32M6D35M6D33M2D16M13I12M15I3M3I12M1D10M3D4M11D19M63I9M2D24M14I79M
93	617	0.139	1.716E-13	11	658	923	13	802	803	32M7I35M1I8M1I17M1I33M4D2M3D16M2I4M1I13M2D29M4I7M2I5M20D31M2I2M5D9M2D19M2D54M5D20M105D16M4D20M4D18M6D48M8D6M19D69M3D22M16I5M18I10M7D24M2I17M
 126	6154	1.00	0.000E+00	0	807	808	0	807	808	808M
131	3440	0.378	4.857E-80	3	806	808	0	889	896	7M1I95M2D161M10D4M9I30M5D45M19D40M4D8M3D22M14D13M30D130M1D37M2D28M3D49M1D82M1D3M1D40M
3	3415	0.365	1.880E-79	4	806	808	0	876	882	102M2D162M2I10M4D30M16D20M11D35M7D27M11D12M40D6M1I17M5I135M1D37M2D27M4D18M1I46M11I14M6I36M1D3M1D40M
48	3412	0.372	2.212E-79	10	806	808	6	893	899	96M2D162M1I12M3D23M11D22M27D21M4D13M6D38M21D17M2D4M27D149M1D37M2D27M4D24M1D11M5I30M16I48M2D41M
128	3404	0.384	3.410E-79	11	805	808	8	867	876	97M2D159M4D40M1I12M8D8M1D31M2D12M5D42M21D13M3I8M22D73M2D8M1I49M1D36M2D31M4D17M2D51M8I55M2D40M
52	3388	0.352	8.109E-79	4	806	808	0	898	913	101M2D163M1I13M3D28M5D43M18D25M11D31M9D10M33D5M25D144M1D37M2D27M4D27M1I37M11I15M6I37M2D41M
49	3386	0.371	9.036E-79	10	806	808	6	852	862	96M2D162M1I13M3D28M16D8M39D40M1D31M5D21M3I18M3I134M1D37M2D27M4D18M1I46M11I15M6I37M2D41M
70	3383	0.383	1.063E-78	4	806	808	0	848	858	102M2D162M1I12M3D24M19D14M1D29M6D20M1I7M11D27M10D13M5D152M1D37M2D27M4D22M1I35M7I6M4I15M6I38M2D41M
50	3366	0.368	2.668E-78	10	806	808	6	898	906	96M2D162M1I12M3D24M22D8M13D7M9D28M6D19M23D6M13D48M17D10M2I135M1D37M2D27M4D22M1I35M7I6M4I15M6I38M2D41M
41	3366	0.357	2.668E-78	10	806	808	6	914	924	96M2D162M1I12M3D29M16D38M1D15M15D20M1D15M3D11M9D7M9D9M66D143M1D37M2D27M4D18M4I36M7I6M4I16M6I37M2D41M
51	3364	0.355	2.973E-78	10	806	808	6	921	932	96M2D162M2I12M4D29M15D9M12D7M15D21M8D19M2D14M4D9M4D17M31D17M33D144M1D37M2D27M4D19M1I38M7I6M4I16M6I37M2D41M
54	3358	0.359	4.114E-78	10	806	808	6	913	923	96M2D161M2I14M4D28M15D10M31D27M6D18M44D8M1D11M4D36M15D147M1D37M2D27M4D29M1I28M7I6M4I15M6I38M2D41M
71	3355	0.356	4.840E-78	1	807	808	0	933	934	9M9D96M2D162M2I12M4D25M13D9M1D10M31D22M6D20M18D9M27D8M4D18M10D13M5D152M1D37M2D27M4D22M1I35M7I6M4I15M6I37M1D2M1D35M8D6M
76	3353	0.351	5.393E-78	4	806	808	0	915	925	102M2D162M2I12M4D28M13D13M1D5M56D44M26D46M7D5M15D145M1D37M2D27M4D35M1I22M7I6M4I15M6I38M2D41M
112	3351	0.351	6.010E-78	3	807	808	0	965	971	7M1I96M2D160M10D4M9I30M6D9M9D36M9D11M4D8M1I30M5D20M17D10M104D133M1D36M2D28M7D2M4I59M2I67M2D42M
94	3347	0.354	7.463E-78	10	806	808	6	917	924	97M2D160M10D4M9I120M2D26M8D9M102D133M1D37M2D31M3D38M1I30M4I17M3I37M2D41M
33	3346	0.354	7.878E-78	3	807	808	0	964	970	7M1I97M2D159M10D4M9I28M43D28M5D26M13D21M7D18M17D16M1D18M66D133M1D37M2D27M4D4M1I23M2I104M2D42M
44	3345	0.358	8.317E-78	10	807	808	6	877	886	96M2D162M5I8M7D29M16D12M11D43M7D11M3D17M25D30M20D8M3I134M1D37M2D27M4D22M1I42M11I14M6I38M2D42M
67	3345	0.351	8.317E-78	3	807	808	0	958	964	104M2D164M7I4M8D18M8D13M5D47M6D14M6D28M6D22M13D11M106D133M1D37M2D28M3D36M3I21M2I17M2I51M1D2M1D41M
16	3345	0.360	8.317E-78	0	806	808	30	977	978	106M2D166M4I6M5D15M4D21M60D20M18D21M41D44M2D29M6D136M1D37M1D31M3D14M14D43M18I54M1D2M1D28M4D12M
6	3343	0.356	9.268E-78	10	807	808	6	964	970	98M2D164M1I9M2D26M43D58M16D19M9D25M4D4M24D19M56D135M1D31M1I4M3D28M4D4M1I13M2I114M2D42M
45	3342	0.357	9.783E-78	10	806	808	6	917	927	96M2D162M2I12M4D25M13D9M1D14M37D36M44D4M6D15M4D36M15D147M1D37M2D27M4D29M1I31M4I6M13I50M2D41M
85	3339	0.359	1.151E-77	10	807	808	6	964	970	97M2D160M10D4M9I25M7D22M8D8M33D39M11D28M4D8M9D5M24D18M56D135M1D31M1I4M3D28M4D4M1I13M2I114M2D42M
61	3337	0.366	1.282E-77	3	806	808	0	926	933	7M1I95M2D161M10D4M9I30M5D45M19D30M6D10M43D19M39D21M3D133M1D37M2D28M3D79M2I52M2D41M
106	3336	0.349	1.354E-77	10	807	808	6	964	970	98M2D159M10D4M9I30M5D40M22D53M3D19M6D6M13D5M103D135M1D31M1I4M3D28M4D4M1I13M2I114M2D42M
30	3333	0.346	1.592E-77	3	807	808	0	966	972	7M1I96M2D160M10D4M9I27M5D51M19D17M3D30M5D16M6D7M8D7M108D133M1D37M2D28M3D90M2I41M2D42M
39	3332	0.350	1.681E-77	10	806	808	6	958	965	97M2D160M10D4M9I25M7D22M8D4M7D19M7D53M3D22M14D10M103D133M1D37M2D28M3D17M1I15M4D3M9D11M6I19M10I51M2D41M
13	3330	0.361	1.873E-77	10	806	808	6	884	894	96M2D162M1I13M3D28M10D9M4D7M5D6M1D31M2D18M8D21M3D18M56D11M2I135M1D37M2D27M4D29M1I31M2D16M19I38M2D41M
35	3330	0.352	1.873E-77	10	806	808	6	919	929	97M2D161M2I10M4D31M15D17M57D49M15D13M16D12M13D9M13D16M8I133M1D37M2D27M4D58M7I6M4I15M6I38M2D41M
119	3325	0.351	2.456E-77	3	807	808	0	962	968	7M1I96M2D160M10D4M9I25M7D22M8D28M9D6M1D44M5D12M1D8M13D10M107D133M1D37M2D28M3D18M13I14M14D15M2I20M2I49M2D42M
38	3325	0.344	2.456E-77	3	806	808	0	962	969	7M1I96M2D160M10D4M9I25M7D22M8D28M9D37M1D13M5D20M14D10M107D133M1D36M2D28M3D91M2I41M2D41M
111	3323	0.367	2.736E-77	10	807	808	6	932	938	97M2D160M10D4M9I28M3D8M8D8M4D31M9D20M58D21M1D9M3D6M31D7M11D10M7I133M1D37M2D28M3D60M1I21M2I47M1D3M1D41M
24	3320	0.353	3.219E-77	10	807	808	6	964	970	98M2D159M10D4M9I30M5D45M17D20M3D20M2D8M3D23M14D9M108D133M1D31M1I4M3D28M4D4M1I26M2I101M2D42M
108	3319	0.361	3.398E-77	3	807	808	0	922	928	7M1I96M2D165M1I9M2D25M5D24M46D19M16D10M57D65M9I134M1D37M2D31M3D14M1I62M3I10M3I36M1D2M1D41M
15	3318	0.358	3.587E-77	0	802	808	32	974	983	106M2D175M1D18M4D19M3D26M4D9M12D21M5D17M1D5M9D16M4D22M90D134M1D38M1D26M4D4M1I13M14D45M9I18M7I36M1D2M1D36M
62	3314	0.368	4.454E-77	3	807	808	0	925	931	7M1I96M2D160M10D4M9I25M7D22M8D4M5D16M30D15M6D13M25D21M1D5M13D12M16D6M1D16M3D133M1D37M2D28M3D17M1I18M13D11M6I19M10I51M2D42M
116	3311	0.359	5.240E-77	10	806	808	6	886	893	96M2D162M1I12M3D29M16D5M4D13M40D56M20D13M9D17M6D17M3D3M4I130M1D37M2D27M4D18M4I35M2I4M1I17M17I19M1D15M1D3M1D40M
69	3311	0.356	5.240E-77	10	806	808	6	914	924	96M2D162M2I12M4D28M19D14M41D26M2D30M4D8M16D20M6D10M14D7M15D143M1D37M2D27M4D18M1I39M7I6M4I16M6I37M2D41M
56	3310	0.350	5.531E-77	10	807	808	6	922	931	96M2D162M1I13M3D28M5D19M11D26M9D28M11D19M13D15M9D8M68D6M2I135M1D37M2D27M4D18M1D22M2I16M7I6M4I16M6I37M2D42M
115	3310	0.346	5.531E-77	4	806	808	0	976	982	101M2D171M1I5M2D23M10D6M1D13M2D26M20D25M47D5M39D24M12D19M27D12M3D133M1D36M2D28M4D50M1I37M3D10M1I34M1D2M1D40M
113	3309	0.354	5.839E-77	10	806	808	6	904	915	96M2D162M1I12M3D28M22D11M32D8M12D59M8D12M13D9M22D7M7D16M2I135M1D37M2D27M4D18M4I43M11I10M10I38M2D41M
78	3303	0.348	8.080E-77	10	807	808	6	935	940	96M2D166M8I2M10D11M2D7M4D21M36D12M4D25M43D21M7D17M3D7M3D9M27D23M2I131M1D35M2D29M4D19M2I15M2I5M4I86M1D2M1D41M
22	3303	0.348	8.080E-77	4	807	808	0	952	958	103M2D164M8I3M9D26M3D8M2D36M21D12M1I9M5D14M5D49M106D131M1D36M2D29M3D53M3I77M2D42M
117	3300	0.363	9.505E-77	11	807	808	9	990	1003	96M2D168M2D29M47D30M22D28M13D16M8D45M16D11M33D85M1D49M1D36M2D28M5D21M3D32M1D14M27D67M2D42M
25	3299	0.350	1.003E-76	10	806	808	6	963	970	98M2D164M1I9M2D28M5D45M17D33M5D15M3D19M6D6M13D7M103D133M1D31M1I4M3D28M4D4M1I13M2I114M2D41M
53	3297	0.352	1.118E-76	10	807	808	6	958	964	97M2D160M8I8M9D28M15D20M5D5M33D14M14D15M7D8M41D23M1D27M37D4M7I134M1D37M2D28M3D17M2I113M1D2M1D41M
75	3296	0.343	1.180E-76	3	807	808	0	964	970	7M1I95M2D161M10D4M9I30M5D48M22D49M40D9M45D14M40D138M1D35M2D33M3D14M1I12M1I42M1D23M1I36M2D42M
127	3296	0.339	1.180E-76	0	806	808	39	1007	1013	106M2D162M10D3M9I20M7D36M47D8M9D18M74D16M17D31M3D159M1D33M1D31M4D4M1I13M4I75M1I36M2D41M
43	3292	0.352	1.466E-76	4	806	808	0	921	931	102M2D162M1I12M3D30M13D5M1D10M57D25M15D12M10D8M16D7M7D34M5D156M1D37M2D27M4D18M1I39M7I6M4I15M6I38M2D41M
105	3291	0.345	1.547E-76	4	806	808	0	956	963	102M2D161M10D4M9I25M7D22M8D28M9D26M5D23M12D7M25D7M2D15M87D3M3I129M1D37M2D31M3D69M9I52M2D41M
27	3291	0.348	1.547E-76	3	807	808	0	964	970	7M1I97M2D159M10D4M9I28M3D8M2D39M17D34M19D20M24D7M31D19M56D133M1D31M1I4M3D28M4D4M1I13M2I114M2D42M
59	3291	0.342	1.547E-76	3	806	808	0	973	982	103M2D162M8D5M7I23M51D16M17D8M24D13M31D6M23D26M15D18M26D18M6I14M2D2M8I130M1D43M1D21M4D18M1I42M4I15M4I6M7I37M2D41M
107	3290	0.344	1.633E-76	10	807	808	6	963	969	97M2D160M10D4M9I30M5D49M11D66M28D10M108D133M1D36M2D28M3D48M3I83M2D42M
28	3288	0.352	1.820E-76	10	806	808	6	964	971	98M2D159M10D4M9I25M7D22M8D5M3D25M5D38M5D8M3D12M19D18M103D135M1D31M1I4M3D28M4D4M1I13M2I114M2D41M
64	3285	0.349	2.141E-76	3	807	808	0	962	968	7M1I95M2D161M10D4M9I30M5D45M19D33M4D15M3D6M35D7M45D10M43D3M4I135M1D37M2D28M3D79M2I52M2D42M
86	3285	0.349	2.141E-76	10	807	808	6	964	970	98M2D159M10D4M9I30M5D42M22D52M45D10M24D21M56D133M1D31M1I4M3D28M4D4M1I13M2I114M2D42M
31	3280	0.355	2.807E-76	3	806	808	0	963	970	7M1I97M2D159M10D4M9I25M7D22M8D5M33D30M13D21M7D17M4D14M24D19M56D135M1D31M1I4M3D28M4D4M1I17M1I8M1I102M2D41M
26	3279	0.356	2.963E-76	4	806	808	0	963	970	104M2D164M1I9M2D23M7D22M8D9M33D38M11D30M7D13M30D18M56D133M1D31M1I4M3D28M4D4M1I13M2I114M2D41M
5	3275	0.346	3.679E-76	3	806	808	0	963	970	7M1I97M2D159M10D4M9I30M5D45M17D33M5D15M3D22M19D8M103D135M1D31M1I4M3D28M4D4M1I13M2I114M2D41M
82	3274	0.343	3.884E-76	6	806	808	28	941	947	100M2D162M1I12M3D30M19D6M22D31M9D12M26D13M24D49M25D6M6I134M1D37M2D27M4D18M4I35M3I25M12I37M2D41M
130	3272	0.348	4.328E-76	10	806	808	6	977	983	96M2D166M1I9M2D10M4D11M6D18M8D9M55D10M18D13M5D6M5D18M24D26M3D15M42D10M5I135M1D36M2D28M4D18M1I50M1D26M2I37M2D41M
66	3268	0.357	5.374E-76	10	807	808	6	918	923	76M1D20M2D168M1I7M3D11M2D8M28D14M2I22M29D12M1D22M24D13M2D8M1D28M32D6M8I132M1D34M2D30M4D18M1I32M1D22M1I16M7I37M2D42M
42	3267	0.353	5.673E-76	4	806	808	0	927	933	102M2D166M2I6M4D13M35D45M4D23M5D15M45D41M32D13M1I137M1D36M2D28M4D17M8D22M1I21M4I6M4I15M7I37M2D41M
29	3266	0.354	5.989E-76	10	806	808	6	963	970	98M2D159M10D4M9I25M7D22M8D5M3D18M9D54M13D8M26D9M30D14M56D133M1D31M1I4M3D28M4D4M1I13M2I114M2D41M
34	3266	0.350	5.989E-76	10	806	808	6	963	970	98M2D159M10D4M9I31M15D21M36D18M45D22M17D56M42D3M1D3M4I130M1D31M1I4M3D28M4D4M1I13M2I112M1D3M1D40M
109	3265	0.343	6.322E-76	10	806	808	6	910	915	96M2D165M9I2M11D27M44D29M8D30M1I23M12D12M53D8M2D156M1D37M2D27M4D18M1I16M1I22M7I6M4I12M10I37M2D41M
46	3264	0.356	6.673E-76	10	806	808	6	915	926	96M2D162M1I13M3D28M13D6M1D10M28D22M8D18M28D4M3D54M29D144M1D37M2D27M4D22M5I34M4I6M13I49M1D2M1D15M12D25M
72	3259	0.347	8.748E-76	10	806	808	6	952	958	96M2D162M10D3M9I20M7D47M1D12M9D23M1D37M10D5M10D14M107D128M1D39M1D27M4D4M1I17M9D13M2D46M16I37M2D41M
57	3256	0.352	1.029E-75	10	806	808	6	920	931	96M2D171M2D32M59D17M52D22M8D34M6D49M2I135M1D37M2D27M4D18M1I39M7I6M4I15M6I38M2D41M
77	3253	0.353	1.211E-75	10	806	808	6	912	925	96M2D166M1I8M3D29M18D12M8D29M3D4M15D8M51D10M3D12M11D10M10D36M2I135M1D35M2D29M4D23M3I39M11I15M6I37M2D41M
47	3249	0.368	1.503E-75	4	806	808	0	809	820	102M2D162M2I10M4D30M5D45M15D8M12D9M10D38M6I15M2D3M4I130M1D37M2D27M4D18M4I5M3I17M20I10M7I7M6I37M2D41M
118	3249	0.345	1.503E-75	10	806	808	6	972	978	97M2D161M6D4M7I3M2D18M7D47M25D22M40D19M52D26M40D14M7I133M1D34M1D22M2D8M4D4M1I17M4D27M1I42M1I5M1I35M2D41M
23	3248	0.354	1.587E-75	10	806	808	6	929	935	96M2D166M1I9M3D11M36D62M1I16M10D4M30D3M15D29M25D15M9D8M4I3M2D130M1D37M2D27M4D20M1I19M8D21M4I6M4I15M7I37M2D41M
83	3234	0.338	3.386E-75	0	806	808	21	941	947	106M2D162M2I12M4D21M17D14M21D20M32D19M9D15M33D6M11D33M3I155M1D37M2D27M4D18M4I48M11I11M4I38M2D41M
74	3225	0.360	5.512E-75	10	804	808	0	921	926	96M2D161M8I7M9D18M7D11M1D30M5D14M9D26M12D16M6D6M7D36M87D127M1D66M2D25M8I30M2I69M2D18M5I16M
122	3223	0.354	6.142E-75	5	807	808	0	965	1001	101M2D162M5I7M8D9M4D11M18D18M38D13M4D17M16D13M9D11M6D29M12D9M1D23M4I81M1D50M1D34M2D32M5D16M20D49M2D10M5D4M14D9M6D42M2D24M3D5M1I4M6I4M
58	3214	0.375	9.998E-75	10	806	808	6	879	889	96M2D162M1I12M3D26M13D9M1D10M31D22M6D20M19D17M4D36M15D147M1D37M2D27M4D13M1D6M9I30M7I6M4I15M6I37M1D2M1D40M
60	3209	0.330	1.311E-74	11	807	808	3	986	994	4M2D20M8D6M5D65M2D162M8D5M7I19M47D4M2D16M17D8M24D13M45D11M3D5M9D13M12D24M1D15M4D12M7D11M1I136M1D36M1D28M4D20M2I26M1D23M3I19M5I36M2D42M
68	3191	0.360	3.473E-74	21	806	808	9	895	901	4M3D11M2I68M2D162M10D3M9I20M7D31M15D19M7D20M3D28M43D9M19D161M1D38M1D26M3D18M1I28M1I33M2I51M2D41M
120	3190	0.389	3.666E-74	3	807	808	0	753	764	6M1D258M2I12M3I19M6I68M1I15M9D10M9D25M9I40M2D42M2D49M1I16M1D10M2I5M4D34M2I13M14I4M30I7M2I13M4I4M4I33M1D42M
102	3180	0.342	6.299E-74	3	806	808	0	957	964	7M1I96M2D164M7I4M8D27M7D14M19D18M14D19M22D20M50D20M7D13M22D2M4D153M1D37M2D27M5D7M2I37M1D34M2I52M2D41M
65	3174	0.350	8.717E-74	10	807	808	1	871	879	96M2D165M3I7M4D12M39D27M9D17M28D17M30D18M13D19M1D20M14D24M4I129M1D36M1D26M2D13M21I11M22I9M23I35M1D3M1D41M
100	3160	0.356	1.860E-73	10	804	808	5	789	806	97M2D165M9I15M14D15M1D107M4D7M12I82M2D49M1D36M4D29M3D2M3D32M9I27M11I10M6I34M2D14M1D27M
98	3153	0.365	2.717E-73	0	807	808	4	769	776	106M2D2M1D161M1D11M5I24M6I47M7I26M2D13M4I16M8I2M4D64M2I13M1D2M1D49M1D26M3I4M2I33M2D20M14I11M3I36M10I2M1I33M4D19M4D23M
124	3150	0.366	3.196E-73	8	806	808	0	712	713	98M2D159M3D2M3D4M8D15M5I32M7I3M9D29M31I11M34I40M1D25M1I15M2D49M1D31M1I4M2D32M1D2M1D20M34I29M8I38M3D7M1I32M
92	3147	0.340	3.760E-73	8	807	808	0	1082	1084	99M2D160M1I13M6D24M41D39M5D28M29D7M35D13M3D18M1I22M86D85M2D50M1D37M2D30M3D11M36D28M18D11M8D11M4D33M1I34M2D39M3D5M
73	3145	0.349	4.190E-73	27	806	808	2	927	933	79M2D161M1I14M2D11M6D26M3D30M9D7M1I25M1D37M26D14M94D133M1D36M1D30M2D98M1I35M2D41M
91	3138	0.367	6.120E-73	0	807	808	0	781	788	107M3D174M5D92M3I34M6I17M6I63M2I15M2D49M1D31M4I33M2D14M1I43M14I12M10I3M1I31M4D17M4D26M
95	3127	0.365	1.110E-72	8	807	808	0	711	720	260M2I10M3I43M2I19M12I14M3I18M21I22M5I35M2D41M2D50M1I16M1D10M2I8M4D30M2I21M15I22M22I6M7I2M1I33M1D42M
8	3125	0.326	1.237E-72	10	807	808	8	1008	1016	96M2D162M2D13M2D8M7D7M1I38M27D16M25D13M39D15M53D18M10D3M15D28M9I64M2I13M2D5M2D47M1D34M2D31M4D19M15D53M6D22M1I37M2D43M
7	3106	0.359	3.460E-72	1	804	808	0	810	857	105M3D161M4I30M7D12M7D10M2D22M8D38M1D46M7I41M2D43M3D45M1I19M1D13M5I8M1D22M2D32M10I3M5I46M1I35M4D35M1I4M
101	3106	0.339	3.460E-72	1	804	808	12	928	936	107M2D159M1I5M4I17M27D19M27D13M9D8M24D30M3D15M3D8M7D34M8D13M3I5M2D62M2D64M1D36M13D28M4D19M3I19M1D42M5I5M6I35M1D1M1D38M
87	3098	0.360	5.336E-72	2	807	808	0	747	770	103M3D163M6D14M1D6M3I43M5I26M13I9M6I14M30I40M2D42M2D48M1I17M1D13M5I30M1D19M1I29M3I16M18I46M4D40M7D3M
63	3096	0.355	5.946E-72	2	804	808	0	745	778	103M3D163M9I30M2D14M9I25M15I40M5I18M6I38M2D43M2D47M1I16M1D14M4I4M1I26M1D18M1I30M3I26M18I36M4D40M
1	3077	0.359	1.663E-71	11	804	808	7	762	787	96M2D160M7I13M15I24M2I28M7I39M14I12M2I33M1D14M2D39M1D3M1D49M1I16M2D14M8I4M5D58M1I15M1D13M10I15M5I2M4I29M2D4M3D9M7D6M11D23M
97	3057	0.368	4.911E-71	0	807	808	17	779	786	106M2D2M1D159M2D13M4D56M5I73M24I63M3I13M1D2M1D49M1D27M2I4M2I33M2D16M8D10M3I21M29I15M4I30M3D19M2D25M
20	3047	0.354	8.439E-71	2	804	808	0	739	772	104M2D166M9I9M10D6M4D57M21I22M27I5M8I41M2D35M2D53M1I19M1D13M4I8M1I27M1D13M1I30M3I18M13I14M1I34M4D40M
0	3036	0.371	1.531E-70	0	807	808	4	747	754	106M2D2M1D161M1D11M7D7M3I46M33I40M7I12M11I62M3I13M1D2M1D49M1D28M1I4M2I33M2D15M9D5M25I41M10I31M3D4M1D16M2D25M
88	3031	0.360	2.007E-70	10	804	808	8	737	770	96M2D166M9I7M10I31M1D19M4I12M12I27M13I17M6I38M2D35M2D56M1I12M1D17M4I4M1I31M1D20M1I23M3I17M9I13M5I36M4D40M
89	3016	0.356	4.520E-70	2	804	808	0	745	777	105M3D164M15I7M3I52M12I49M7I12M9I40M2D37M1I5M3D48M1I12M1D14M4I7M1I31M1D13M1I30M6I24M2I6M8I4M1I32M4D40M
32	3016	0.340	4.520E-70	46	807	808	1	923	929	62M2D164M1I9M2D28M5D48M17D43M8D21M6D6M12D10M104D130M1D31M1I4M3D32M3D27M2I101M2D42M
55	3014	0.341	5.037E-70	4	807	808	0	884	893	102M2D8M1I152M10D5M8I29M19D5M1D10M23D16M8D24M1I11M50D27M3D16M7D4M12D106M1I38M1D9M1I26M2D8M15I17M1I6M8I34M22I51M2D10M1I31M
10	3005	0.362	8.199E-70	0	807	808	17	777	784	106M2D2M1D160M2I10M9D54M6I61M16I11M11I62M2I16M2D49M1D31M4I33M2D14M1D25M1I11M17I18M12I29M3D4M1D17M2D24M
40	2998	0.357	1.198E-69	3	804	808	0	744	776	104M3D161M9D19M6I16M13I20M4I10M13I24M4I9M9I18M6I38M2D37M1I5M3D45M1I19M1D13M5I35M1D17M1I26M3I9M14I57M4D40M
18	2989	0.287	1.949E-69	8	805	808	0	1242	1248	100M2D163M2I6M8D26M45D13M17D44M4D16M4D5M9D20M24D5M34D17M36D16M36D62M1I14M1D50M1D36M2D29M20D5M45D24M70D3M1I17M29D27M35D9M18D12M7D35M2D40M
37	2986	0.342	2.293E-69	10	807	808	4	805	829	9M2D87M2D55M1I106M1D36M7I28M2I12M29D32M9D25M1I21M6I39M2D42M2D49M1I16M1D13M1I53M3D11M4I12M9I22M19I36M4D43M
114	2976	0.339	3.941E-69	4	804	808	0	922	929	104M2D109M1D51M5D3M9I13M85D6M21D18M1D24M18D26M7D22M1I39M8I5M2D56M2D70M1D16M5I16M5D27M4D11M1I19M1I45M6I13M3I35M1D1M1D38M
79	2975	0.342	4.160E-69	56	807	808	0	884	889	50M2D166M2I8M4D11M1I19M5D6M38D19M4D2M56D25M14D31M7D22M8D16M3I131M1D34M2D30M4D18M5D14M2D29M4I6M7I14M4I37M1D2M1D41M
36	2965	0.326	7.148E-69	7	807	808	1	806	829	11M2D90M2D53M1I106M2I9M10D60M28D71M5I15M8I39M2D42M2D49M1I16M1D13M1I55M1D13M11I32M19I36M4D39M1D4M
104	2955	0.331	1.228E-68	4	807	808	0	932	938	43M32I29M2D159M10D4M9I28M43D25M5D29M13D21M7D18M17D16M11D18M56D133M1D31M1I4M3D32M3D27M2I101M2D42M
84	2941	0.325	2.621E-68	52	806	808	1	923	929	54M2D161M10D4M9I20M7D27M37D21M8D2M12D3M73D23M16D42M17D10M7I130M1D36M1D35M3D14M1D73M6I37M2D41M
80	2941	0.332	2.621E-68	46	806	808	1	925	931	60M2D162M83D3M19D9M24D3M29D25M1I11M4D37M1D211M1D33M1D31M3D18M1I28M1I32M2I52M2D41M
125	2920	0.339	8.169E-68	6	807	808	24	812	813	100M2D161M2D9M2I5M4D18M5I33M21D26M4D13M1D13M4D8M3D30M8I64M13I54M1D28M2I8M4D26M2D30M15I10M1I5M4I23M14I31M2D40M1D3M
96	2874	0.335	9.856E-67	11	804	808	40	933	948	24M2I4M3I63M2D164M5D9M3D12M1D7M8D47M2I34M1I56M111D63M4I14M2D84M2D9M1I19M4D33M10I22M6I18M11I33M2D39M
2	2873	0.351	1.040E-66	6	804	808	7	772	781	101M1D56M1I108M3I12M9D23M2D23M2I36M1I15M3I21M26I37M1D35M1D11M2D48M2D8M1D8M4D21M2D28M7D5M1D13M14I29M23I8M5I2M1I30M5D9M5D14M3D19M
14	2834	0.324	8.593E-66	0	807	808	69	884	886	10M7D97M22I4M1I7M3I72M1D52M3I9M3D22M8D46M6D11M40D8M6D6M5D18M4D19M3I106M2D49M1D33M2D32M2D25M14I13M23I6M12I40M2D42M
21	2779	0.392	1.688E-64	11	656	808	6	703	745	95M2D110M1D52M2I10M4D12M4D5M5D22M5D43M24D4M7D6M3D58M4I85M2D49M1D22M1I11M1D55M
103	2771	0.324	2.602E-64	30	807	808	0	881	886	49M3I5M3I5M3I173M4I30M8D9M6D12M19D11M1D73M6I12M12D7M76D79M2D54M1D36M2D28M4D54M9I15M1I54M1D2M1D41M
121	2703	0.389	1.033E-62	15	676	808	1	618	619	93M2D159M4D37M37I17M17I17M12D13M5I11M1D15M5I22M1D10M2D44M2D51M1I16M2D14M3I48M2I25M
110	2696	0.318	1.509E-62	94	806	808	0	873	880	14M2D163M8I2M9D27M43D28M5D43M65D48M42D4M1D3M4I130M1D31M1I4M3D32M3D14M2I114M2D41M
81	2608	0.330	1.769E-60	43	721	808	7	872	885	64M2D160M10D4M9I25M7D22M8D28M3D64M17D4M6D12M109D133M1D33M2I1M4D32M3D62M28D24M
12	2556	0.361	2.953E-59	10	702	808	3	673	675	94M2D163M7I7M6D6M5D26M4D94M9I12M8I29M1I7M2D30M4I5M1D7M1D46M1I19M1D12M4I35M2D1M4I9M8I45M
9	2369	0.312	7.360E-55	2	806	808	0	609	639	103M3D162M9I25M36I11M29I19M14I6M9I20M79I43M1I17M1D10M4I7M1I26M1D18M1I29M2D12M23I49M4D42M
123	2358	0.367	1.335E-54	49	618	808	1	713	715	56M2D163M2D23M1D31M12D37M5D12M1D8M9D9M2D15M6D32M97D133M1D16M1D21M4D14M
11	2301	0.365	2.922E-53	11	658	808	7	581	596	35M32I29M2D161M6D15M1D11M4I10M1I24M9I13M26I18M4I6M7I11M5I31M1D10M2D46M2D49M1I16M2D14M3I49M3D8M
19	1920	0.245	2.651E-44	11	807	808	14	729	735	26M1D17M2D43M1I10M1D42M1D11M5D4M8D20M1I3M3D28M2D51M4I9M5D46M14I27M12I15M42I15M2D6M2D46M1I14M1D7M2D42M1D38M6D27M7D9M4I30M20I26M13I5M10I7M7I10M1D11M1I14M1I7M
90	1532	0.177	3.513E-35	4	803	808	0	692	697	32M1I10M5I55M1D41M5D17M1I21M1I24M1I4M11I4M1I35M3D9M17D11M5I23M12I33M25I11M19I5M18I38M3I7M2D6M1D11M1D11M4D40M5D2M1I8M2I17M2D15M2I3M7I20M1D12M2I16M32I30M5I7M1I4M1I10M1D11M3D9M1D13M1D4M1D15M
4	1475	0.198	7.689E-34	8	803	808	2	680	688	6M1D37M1I4M3I48M1D39M3D3M2D19M1I19M1I22M4D10M12I35M2I4M8I56M8D11M1D13M3I25M1D14M12I9M13I39M3I8M1D5M3D9M2I11M5D8M4I7M7D22M2D31M2D11M7I12M3I14M85I12M2D11M3I3M2I13M5D23M3D8M3I7M
129	1329	0.181	2.082E-30	16	803	808	0	650	656	5M2D13M1I12M32I28M1D41M3D4M2D13M1I18M1I27M1I4M11I4M1I35M15D3M13D14M6I11M2I12M12I11M47I12M11I21M6I3M7I26M1I8M2I4M2D6M1D11M1D7M3D12M1D34M4D9M2I15M2D20M9I26M3I4M1D6M15I35M7I16M6I2M1I5M9I5M1D14M3D6M1D13M1D19M
99	1104	0.208	4.060E-25	0	521	808	3	449	450	8M5D28M1I10M6I3M1D48M1D42M3D3M1D14M1I23M1I40M10I30M2D12M5D5M11I32M1I26M25I17M42I38M3I9M3D4M1D6M4D23M
17	754	0.161	6.877E-17	13	737	808	3	643	985	24M2I23M2D3M5I9M1I4M1D24M1D39M2D3M1D21M9D19M1I17M8D2M4D7M5D3M10D7M4I32M2I2M4I9M17D21M3D30M5D30M1D14M2D36M3D17M9I9M2I9M16I4M5I6M9I23M5I4M53I2M13I12M24I11M2I44M1I47M
93	683	0.134	3.211E-15	3	803	808	0	800	803	12M1D32M4I10M3I33M1I8M1D41M3D4M4D11M2I7M1I13M2D28M10D5M8D10M4I31M8I7M6D7M1D69M3D24M105D19M2D32M8I20M13I6M22I18M3I10M25I6M22I3M6I9M1D18M14I26M2D23M1D50M2I5M3D10M15I41M
 