39	7039	1.00	0.000E+00	0	964	965	0	964	965	965M
62	6485	0.959	0.000E+00	0	964	965	0	930	931	414M15I7M19I510M
119	6413	0.937	0.000E+00	0	964	965	0	967	968	391M2I128M4D347M1D97M
38	6322	0.924	0.000E+00	0	964	965	0	968	969	417M2I102M4D313M1D34M1D97M
30	6234	0.883	0.000E+00	0	964	965	0	971	972	521M4D58M1D256M1D34M1D96M
28	6143	0.883	0.000E+00	0	964	965	0	970	971	349M2I18M1D144M1D8M4D314M1D35M1D95M
86	6116	0.889	0.000E+00	0	964	965	0	969	970	349M2I162M1D8M4D314M1D35M1D95M
85	6115	0.887	0.000E+00	0	964	965	0	969	970	349M2I162M1D8M4D314M1D35M1D95M
27	6111	0.882	0.000E+00	0	964	965	0	969	970	349M2I162M1D8M4D314M1D35M1D95M
5	6093	0.887	0.000E+00	0	964	965	0	969	970	349M2I162M1D8M4D314M1D35M1D95M
64	6088	0.880	0.000E+00	0	964	965	0	967	968	418M1I84M1I14M3D316M1D35M1D96M
106	6087	0.890	0.000E+00	0	964	965	0	969	970	349M2I162M1D8M4D314M1D35M1D95M
24	6080	0.876	0.000E+00	0	964	965	0	969	970	349M2I162M1D8M4D314M1D35M1D95M
53	6067	0.889	0.000E+00	0	964	965	0	963	964	521M4D23M6I3M1I280M1D35M1D96M
75	6058	0.884	0.000E+00	0	964	965	0	969	970	521M3D312M1D38M1D94M
33	6056	0.867	0.000E+00	0	964	965	0	969	970	349M2I162M1D8M4D314M1D35M1D95M
25	6050	0.883	0.000E+00	0	964	965	0	969	970	349M2I162M1D8M4D313M1D36M1D95M
6	6048	0.881	0.000E+00	0	964	965	0	969	970	349M2I162M1D8M4D314M1D35M1D95M
112	6042	0.855	0.000E+00	0	964	965	0	970	971	500M1I12M1D12M4D291M1I16M1D15M1D22M1D95M
26	6040	0.885	0.000E+00	0	964	965	0	969	970	349M2I162M1D8M4D314M1D35M1D95M
29	6040	0.883	0.000E+00	0	964	965	0	969	970	349M2I162M1D8M4D314M1D35M1D95M
107	6038	0.854	0.000E+00	0	964	965	0	968	969	349M2I162M1D8M4D316M1D12M1I22M1D93M
105	6019	0.875	0.000E+00	0	964	965	0	962	963	433M1I87M4D295M1I10M5I36M1D97M
34	6006	0.889	0.000E+00	0	964	965	0	969	970	349M2I162M1D8M4D314M1D35M1D95M
31	5957	0.880	0.000E+00	0	964	965	0	969	970	349M2I162M1D8M4D314M1D35M1D95M
61	5935	0.849	0.000E+00	0	964	965	0	932	933	418M1I53M20I7M7I7M6I315M1D35M1D96M
22	5875	0.825	0.000E+00	0	964	965	0	957	958	336M1I14M1I4M1I63M7I37M2I54M4D295M1I19M1D35M1D95M
111	5854	0.848	0.000E+00	0	964	965	0	937	938	421M33I59M1D7M4D296M1I18M1D33M1D97M
131	5841	0.818	0.000E+00	0	964	965	0	895	896	418M1I68M73I274M1D11M3D24M1D96M
94	5622	0.782	0.000E+00	0	964	965	0	923	924	336M1I51M1I31M34I32M3I32M4D35M2I258M1I17M1D37M4I90M
67	5621	0.761	0.000E+00	5	964	965	6	963	964	331M1I116M2I66M4D300M5I7M2D12M1I24M1D95M
108	5579	0.782	0.000E+00	0	964	965	0	927	928	337M1I50M1I24M1I6M34I67M4D21M1D17M2I255M1I17M1D37M3I91M
104	5576	0.842	0.000E+00	0	964	965	0	937	938	44M32I273M2I162M1D8M4D314M1D35M1D95M
32	5487	0.875	0.000E+00	42	964	965	1	928	929	307M2I162M1D8M4D314M1D35M1D95M
102	5228	0.708	0.000E+00	0	964	965	0	963	964	336M1I116M2I24M6I28M1D13M4D309M2D35M1D95M
110	5162	0.874	0.000E+00	90	964	965	0	879	880	259M2I162M1D8M4D314M1D35M1D95M
72	5162	0.684	0.000E+00	0	963	965	0	957	958	336M1I72M1I37M7I42M1D16M1D10M4D6M1D30M1I17M1I177M1I59M1I149M
118	5136	0.701	0.000E+00	0	963	965	0	977	978	338M1I69M1I39M4D49M1D15M1D9M4D7M1D46M1I180M1I13M2D49M1D33M3D15M1D98M
127	5056	0.671	0.000E+00	0	963	965	43	1012	1013	336M1I72M1I37M4D49M1D16M1D10M4D9M2D27M1I17M1I177M1I60M1I148M
81	4891	0.853	0.000E+00	39	876	965	7	875	885	378M2I59M1I42M4D293M2D21M1D15M27D27M
73	4781	0.636	0.000E+00	23	963	965	2	932	933	313M1I73M1I38M5I31M4I23M1D9M4D13M1D10M6I205M1I33M1I24M1D19M1D36M1D95M
68	4732	0.630	0.000E+00	12	963	965	8	900	901	6M1I9M2I381M1I17M18I5M38I5M5I13M1D9M4D6M1D26M2D22M1I178M1I61M1I43M1D103M
115	4684	0.583	0.000E+00	0	963	965	0	981	982	305M3D61M1D31M1D26M1I16M1I31M3I13M1D12M8D11M1D17M1D47M1D217M1D21M1D22M1D36M3D93M
74	4664	0.613	0.000E+00	10	959	965	4	912	926	326M1I9M1I62M1I22M3D52M7I10M5I32M2I26M1I188M2I30M1I29M4I5M2I105M17I10M
16	4654	0.578	0.000E+00	5	962	965	39	977	978	299M1I20M1I20M3I45M1D19M3I29M1I26M17I63M4D15M3D183M1I84M1D39M1I88M
84	4608	0.641	0.000E+00	47	963	965	0	928	929	289M1I74M1I36M4D33M9I18M10D4M1D9M5D41M6D14M1I178M1I67M1I140M
15	4608	0.580	0.000E+00	0	962	965	38	982	983	3M2I298M1I21M1I27M4I41M1D11M3I33M1I38M6I10M1I47M1D30M2I170M1I64M1I19M2D27M1D101M
130	4586	0.570	0.000E+00	0	963	965	0	982	983	295M3D73M1D26M1D48M2D42M3I31M6D5M5D51M1D218M1D26M1I16M1D24M2D105M
80	4565	0.668	3.483E-104	42	963	965	1	930	931	294M1I72M1I37M4D49M1D16M1D10M4D6M1D26M1D22M1I178M1I60M1I53M1D94M
3	4501	0.526	9.003E-103	0	963	965	0	881	882	275M2D3M1I54M19I15M1D45M11I20M5I23M18I15M3I18M3I31M1I7M11I214M1D29M14I129M
54	4496	0.518	1.174E-102	0	964	965	0	919	923	281M1D87M1D23M2I14M5I14M6I28M1D12M17I59M5I239M1D29M14I130M
44	4484	0.530	2.217E-102	0	964	965	0	882	886	268M2D10M1I56M2I4M17I9M1D45M8I12M8I31M18I15M3I18M3I18M16I10M2D8M2D212M1D29M14I130M
59	4481	0.551	2.599E-102	0	958	965	0	973	982	7M1D287M3D74M1D29M1D36M2D53M2I2M3D27M5D5M6D24M6D14M1D193M4I3M3D32M1D16M2I16M8I20M2I103M
56	4466	0.516	5.756E-102	0	964	965	0	927	931	266M5D11M4I40M2I25M2I17M1D42M3I3M8I50M4I7M3I19M3D33M7I244M1D31M14I130M
51	4441	0.520	2.166E-101	0	960	965	0	923	932	281M1D46M2D12M6I23M1D45M2D43M3I13M18I23M1I44M2I232M1D29M14I126M
77	4432	0.510	3.489E-101	0	964	965	0	924	925	277M1D119M1I75M18I23M1I36M12I228M1D22M1I8M15I124M6D5M
49	4426	0.522	4.796E-101	0	964	965	0	858	862	266M5D9M4I54M19I15M1D46M17I2M9I12M8I11M16I12M11I14M3I18M3I9M1I3M10I6M2D214M1D29M14I130M
109	4414	0.515	9.059E-101	0	962	965	0	914	915	281M1D65M2I20M1D47M8I9M7I32M18I28M3D275M1D29M15I26M4I97M
46	4413	0.520	9.552E-101	0	960	965	0	917	926	281M1D59M4I24M1D39M5I4M3I14M2I25M4D12M17I15M11I43M2I232M1D14M2D10M20I98M12D27M
50	4411	0.520	1.062E-100	0	964	965	0	904	906	274M2D4M1I89M1I22M2I14M5I34M7I19M17I15M11I19M3I16M2I237M1D29M14I130M
52	4400	0.513	1.903E-100	0	964	965	0	904	913	266M5D9M4I54M4I10M2I19M1D58M1I29M11I6M16I43M1I14M14I231M1D29M14I130M
113	4396	0.523	2.352E-100	0	959	965	0	905	915	274M2D4M1I53M7I5M1I22M1D55M2I47M20I22M1I43M5I230M1D22M2I5M15I26M4I94M
43	4389	0.517	3.409E-100	0	964	965	0	927	931	266M5D11M4I65M2I20M1D16M1I37M1I32M1D17M18I20M1I19M1I25M3I233M1D29M14I130M
41	4384	0.519	4.443E-100	0	963	965	0	923	924	266M5D11M4I17M4I8M1D28M1I27M1I41M12I40M1I12M4I7M3I26M1I10M1D9M3D4M2D5M1D27M10I213M1D13M2I15M15I123M4D4M
76	4380	0.510	5.492E-100	0	964	965	0	921	925	266M5D11M4I69M3I15M1D28M1I24M11I38M20I72M3D230M1D29M14I130M
45	4375	0.518	7.159E-100	0	963	965	0	922	927	281M1D71M1I15M1D23M2I19M1I28M1I30M18I22M2I34M5I239M1D29M14I27M1I17M1D84M
13	4362	0.505	1.426E-99	0	964	965	0	890	894	266M5D11M4I40M3D37M9I40M5I58M23I11M11I17M11I8M1I18M5I217M1D27M14I132M
57	4359	0.525	1.672E-99	0	959	965	0	921	931	278M1D23M1I38M1I27M1D87M1D17M18I23M1I26M5I3M2I242M1D29M14I125M
71	4356	0.520	1.960E-99	4	960	965	16	926	934	277M1D71M1I15M1D23M2I14M5I14M6I28M1D13M14I23M3I35M5I239M1D29M14I126M
35	4354	0.509	2.179E-99	0	962	965	0	928	929	268M10D7M9I60M1I23M1D16M1I23M11I34M1I20M15I29M2D42M2I230M1D19M1D10M14I125M5D3M
69	4351	0.509	2.555E-99	0	964	965	0	920	924	268M2D10M1I48M2D10M3I18M10I22M2I30M1I50M15I25M1I9M2I267M1D14M6D9M20I130M
48	4350	0.524	2.694E-99	0	963	965	0	898	899	275M2D3M1I14M2I41M1I7M5I14M1D27M4I20M7I17M5I15M1I9M21I21M1I61M5I215M1D28M17I36M1D91M
78	4350	0.527	2.694E-99	0	963	965	0	939	940	280M1D21M1I45M3I18M1D23M1I20M8I31M1I22M14I41M1D37M3I18M7D205M1D17M1I10M5I37M2D102M
23	4343	0.510	3.904E-99	0	963	965	0	934	935	279M1D22M1I31M7I22M1I29M1I19M2D41M1I18M18I63M1I31M1D208M1D26M6I37M2D102M
42	4341	0.520	4.340E-99	0	963	965	0	932	933	279M1D12M3I16M1D26M9I22M1D29M1I13M2I24M4D17M1I18M18I22M6I25M1D41M4D208M1D35M6I29M2D102M
83	4337	0.508	5.365E-99	0	959	965	25	942	947	4M1I2M1D268M2D3M1I22M1I31M7I28M1D29M1D17M3D33M1D25M18I23M1I37M8I233M1D27M17I33M2D91M
116	4320	0.529	1.321E-98	0	964	965	0	892	893	268M2D10M1I53M7I7M1I11M1I26M4I18M5I4M6I21M4I34M8I23M2I18M14I6M3I237M1D18M3I8M14I29M3I28M1D70M
82	4296	0.519	4.714E-98	5	959	965	30	942	947	2M1D268M2D3M1I31M1D26M4I7M2I19M1D29M1D21M1I35M10I8M18I29M2D273M1D28M16I7M1I25M2D91M
70	4267	0.504	2.193E-97	0	960	965	0	850	858	281M1D20M1I3M17D7M42I14M1D23M2I14M5I14M6I6M23I10M21I12M11I33M5I239M1D29M14I126M
66	4259	0.505	3.350E-97	0	963	965	0	922	923	82M1D198M1D21M1I31M6I19M10I28M1I30M2D26M1I18M18I16M1D6M9I61M3D210M1D35M6I29M2D102M
60	4241	0.507	8.699E-97	11	964	965	9	991	994	20M10D7M3D256M3D39M2I29M1D26M1D18M6I18M3D22M5D30M5I11M7D13M3D45M1D21M2D4M8D169M1I39M1D16M2I21M5I38M2D91M
65	4218	0.516	2.944E-96	7	964	965	2	876	879	296M2D58M1D54M6I4M26I8M4I21M4I12M6D17M4D3M7D57M1D173M1I39M20I9M19I6M24I97M
58	4217	0.510	3.104E-96	0	964	965	0	885	889	281M1D71M1I15M1D23M2I55M42I14M11I33M5I239M1D10M1I13M20I129M
47	4098	0.500	1.703E-93	0	959	965	0	810	820	284M1D61M5I14M1D20M1I32M6I6M6I14M42I9M1I6M54I17M1I213M1D17M17I5M7I7M12I103M
55	4058	0.492	1.419E-92	0	964	965	0	889	893	112M1I168M1D58M4I12M3D9M1D7M2I42M8I9M8I44M3I70M6I113M1I49M1I38M20I7M4I2M1I20M20I89M1I36M
79	3892	0.502	9.402E-89	52	963	965	0	888	889	228M1D21M1I43M3I15M1D28M1I21M8I17M5I28M19I27M2D18M2D32M3D16M4I2M12D203M1D14M4D20M10I26M2D102M
103	3840	0.502	1.480E-87	26	963	965	0	885	886	49M4I8M5I7M2I170M5I15M1D23M1D26M14I40M2I33M1I59M2D11M3I5M3I34M11I16M2I5M1I83M2D128M1D36M8I15M2D114M
117	3815	0.370	5.568E-87	0	964	965	2	995	1003	271M8D13M10I29M5D39M1I31M2I13M1D40M1I22M19I20M1D41M9D110M1D130M2D13M10D7M6D8M2D48M17D97M
128	3719	0.380	9.028E-85	2	961	965	0	875	876	3M3D262M6I6M9D21M8I22M1D46M5I50M1I51M9I8M26I7M46I88M1D125M1D12M3D23M7I44M2D79M4D5M
92	3672	0.348	1.090E-83	5	962	965	1	1083	1084	261M4D34M38D70M7D22M3D41M5D22M2D18M16I26M5D56M5D95M2D136M32D5M15D52M6D4M16D96M1D4M
122	3550	0.346	7.013E-81	7	964	965	6	970	1001	261M2D35M6I3M5I18M23I12M27D27M3I34M7I31M19I18M4I35M2I34M3I79M1D117M1D9M1D12M4D6M17D13M13D37M5D7M12D73M4I21M
101	3493	0.364	1.439E-79	5	956	965	20	928	936	260M6I24M8I8M4I19M4I24M5I105M17I11M4I21M1D48M6I8M4D3M1D58M2D102M12D3M1I38M1D12M2I20M8I10M1D113M
8	3443	0.345	2.037E-78	5	964	965	7	1015	1016	262M14D37M7D30M10D21M10D95M1D22M19I92M3I81M2D122M1D16M12D33M11D42M1D76M1D4M1D5M
18	3423	0.314	5.880E-78	5	962	965	1	1247	1248	264M5D100M9D24M2D19M5D19M8D42M16I3M7D25M7D53M23D11M15D70M1I11M1D141M5D11M88D29M81D11M10D18M40D90M
126	3302	0.357	3.587E-75	6	958	965	10	806	808	97M2I160M10I4M9D25M7I22M38I9M8I28M8I45M13I15M83I3M8D133M1I37M2I27M3I18M1D12M4D15M5I12M1D31M3D36M1I2M1I40M
100	3270	0.331	1.956E-74	2	964	965	1	801	806	270M10I13M17I15M47I36M1I10M21I7M10I3M1I4M23I60M11I13M10I1M1I76M1D5M1D85M3I3M5D30M3D24M25I16M1D19M3D8M1I43M1D23M4D18M
91	3254	0.339	4.567E-74	5	964	965	9	786	788	99M1D161M14D8M82I6M24I13M43I28M21I62M2I30M2I64M2I10M4D5M2I79M3I3M3I34M1I21M20I46M1I3M1I33M2D17M4D31M
114	3254	0.354	4.567E-74	5	956	965	5	922	929	215M1D45M5I22M2I42M1I43M2D12M2D53M1I26M17I20M2I12M2I25M3I93M2D87M5I14M3D40M1D12M6D18M13I18M2I25M2D77M
96	3241	0.337	9.097E-74	5	964	965	38	941	948	30M5I227M14D14M9I46M4I5M8I5M1I38M15I13M11I21M4I11M8D11M8D25M6I43M1I23M3D6M1D62M4I9M4D5M2I48M1I32M1I38M1D20M6I7M3I24M14I102M
98	3191	0.323	1.288E-72	5	964	965	13	774	776	101M1D166M8D6M1I7M27I5M36I8M25I11M5I22M2I17M10I7M3I8M18I13M8I20M46I73M2I10M1D5M1D74M1I9M6I34M1I11M1D16M19I9M1I3M4I27M1I32M2D22M4D28M
124	3180	0.337	2.307E-72	5	958	965	1	712	713	258M3D5M7I3M192I14M2I16M6I17M1I12M11D9M8I29M2I40M1D23M1I17M2D82M1I32M1I22M27I14M2I6M3I16M6I40M1D6M1I33M
97	3147	0.337	1.327E-71	5	964	965	26	784	786	101M1D166M9D6M1I7M27I5M36I8M25I35M5I12M19I11M21I11M3I23M38I9M5I5M2I63M3I10M1D5M1D84M6I34M1I13M3D4M13I5M7I13M1I3M6I61M1D16M2D31M
7	3132	0.330	2.938E-71	0	964	965	2	822	857	5M1D100M1D173M7I21M30I5M11I18M40I49M31I34M3I13M12I32M2I39M2D43M3D46M2I18M1D19M6I36M1I30M9I25M3I52M2D38M3D12M
0	3095	0.322	2.088E-70	5	964	965	13	752	754	101M1D161M18D16M2I43M13I3M93I22M31I8M17I10M56I3M2I63M3I10M1D5M1D77M1D7M6I34M1I12M17I32M2I25M3I30M2D21M2D31M
120	3094	0.331	2.202E-70	5	964	965	7	758	764	98M2I163M5D17M7I37M64I8M1D22M5I5M6I25M1I10M5I16M30I7M26I7M11I7M4I33M2D46M2D47M2I18M1D50M4I7M1I8M6I5M21I22M22I2M1I35M1I46M
95	3081	0.323	4.385E-70	5	964	965	1	715	720	97M2I163M5D13M27I26M39I61M3I7M27I11M102I1M5I32M2D45M2D50M2I16M1D51M5I14M8I6M17I26M7I5M6I1M3I35M1I38M1I7M
10	3073	0.315	6.701E-70	5	964	965	26	782	784	101M1D159M10D14M76I8M22I22M8I14M7I30M24I23M8I10M34I9M5I5M2I63M2I11M4D5M2I82M6I34M1I26M18I11M1I20M1I9M5I32M2D21M2D29M
89	3065	0.312	1.024E-69	5	964	965	7	758	777	100M1D172M41I18M1D1M97I22M34I49M1I13M7I6M15I3M2I39M2D37M3D4M1I49M2I16M1D10M2I6M5I34M2I11M7I13M3I26M5I16M1D45M2D38M5D8M
1	3062	0.310	1.201E-69	0	964	965	0	776	787	269M1D11M6I18M4I8M3I5M29I10M31I2M17I9M6I15M15I12M19I13M67I15M1I26M1D13M2D38M1D5M1D49M2I16M2D15M3I2M5I60M14I49M1I32M1D4M2D5M7D10M8D2M3D18M6D11M
37	3056	0.307	1.650E-69	2	964	965	0	810	829	13M2D144M1I105M12D13M75I11M21I12M21I6M4I5M8I8M10I17M9D51M1D21M8I28M2I39M2D42M2D49M2I16M1D13M1I15M2I19M3I17M25I6M2D33M2I47M2D48M
36	3020	0.312	1.112E-68	2	964	965	0	810	829	12M2D145M1I105M12D13M75I11M21I12M21I9M1I15M1I9M17I3M6D54M1D21M8I28M2I39M2D42M2D49M2I16M1D13M1I15M2I19M3I18M23I16M1I4M1I64M4D3M2I46M
87	3019	0.320	1.173E-68	5	964	965	7	749	770	100M1D162M1I10M7D23M6I12M3I12M80I13M11I23M1I7M21I8M82I4M2I39M2D42M2D47M2I18M1D10M2I7M5I25M2I57M21I19M3D33M2D42M5D2M1I5M
20	3015	0.312	1.450E-68	5	964	965	7	752	772	270M39I19M2I1M3D1M97I21M2I4M28I16M3I23M25I12M5I10M3I39M2D36M4D6M2I45M2I18M1D24M7I17M1I12M1I8M5I18M8I36M1I44M2D42M5D7M
40	3007	0.314	2.215E-68	0	964	965	0	757	776	5M1D100M1D161M7I5M6I6M7D9M3D13M17I8M52I4M2I12M6I7M8I33M29I9M24I4M53I4M2I39M2D37M3D4M1I47M2I18M1D10M2I7M5I34M2I10M5I11M9I90M2D38M5D8M
63	3001	0.316	3.045E-68	5	964	965	7	757	778	100M1D162M1I25M36I8M102I17M7I7M20I7M8I47M7I11M9I5M2I39M2D42M2D47M2I17M1D11M2I7M5I23M2I41M12I17M5I13M1I42M4D3M2I38M5D2M1I5M
88	2998	0.306	3.570E-68	5	964	965	7	752	770	270M10I4M101I9M26I19M1I10M2I13M21I11M9I18M31I24M2I39M2D37M3D4M1I49M2I12M1D14M2I7M5I24M1I12M1I30M10I18M1I21M3I40M2D38M7D8M
2	2997	0.311	3.764E-68	1	962	965	6	780	781	103M1I56M1I169M29I6M12I13M1I10M45I8M35I18M7I17M45I45M1D33M1D14M2D45M1D11M1D6M4D62M5D35M36I16M3I32M3D11M5D12M3D16M2D9M
125	2966	0.308	1.946E-67	3	961	965	25	812	813	264M1D4M2D21M11I18M41I23M83I3M2D63M4D116M13I127M1I10M1D8M12I6M5I22M11I14M3I71M1I8M
14	2951	0.323	4.311E-67	5	960	965	85	885	886	104M25I4M4I2M1D70M1D53M5D8M6I23M4I24M8I22M30I9M11I15M1I21M8I15M17I46M2D40M4I5M2I81M2D128M1I8M24I17M22I13M1D81M
123	2824	0.435	3.614E-64	44	769	965	0	713	715	222M1D6M1D8M8I64M2I49M4I69M2I13M1I241M1D17M2D20M
21	2788	0.341	2.436E-63	5	842	965	4	744	745	209M1D51M4D17M34I24M1I30M16I12M13I16M4I18M2D22M19I9M9I39M11I5M1I19M2I76M4D5M2I70M1I10M3D3M4I34M3I16M9D33M
121	2520	0.319	3.597E-57	11	845	965	1	618	619	256M12D10M5I8M5I11M30I3M72I23M33I17M3I10M57I4M3D3M6I21M1I22M1D11M2D39M2D55M2I16M2D14M2I9M3I22M3I28M17I14M
12	2515	0.322	4.688E-57	5	870	965	2	674	675	260M7D15M4I19M16I11M43I6M18I10M5I20M6I15M36I10M21I28M15I21M2I27M1I7M2D35M1D7M1I3M2I46M2I17M1D13M2I36M9I10M6I10M15I36M
9	2367	0.271	1.196E-53	5	964	965	7	619	639	100M1D162M1I10M105I8M46I58M174I45M2I18M1D13M4I4M3I25M2I19M1I9M22I21M3D26M2D32M2D44M4D6M
11	2204	0.302	6.762E-50	0	837	965	0	595	596	42M32I201M2D4M35I6M33I12M57I20M6I6M37I7M14I36M15I19M4I25M1D10M2D41M1D5M1D49M2I16M2D14M2I8M3I23M3I22M4I7M4I14M
19	1824	0.194	3.780E-41	2	964	965	9	732	735	30M1D17M2D44M1I11M1I42M1D11M5D4M8D20M1I3M3D27M2D53M204I77M6I22M3I5M4I12M2D6M2D47M1I8M1D10M2D79M3D4M1D40M6I17M17I14M14I29M11I23M1D8M1I18M3I9M
90	1389	0.150	3.898E-31	0	960	965	0	696	697	4M1I2M1D25M1I14M5I52M1I41M5D17M1I21M1I29M12I3M1I40M200I18M16D55M2I3M10I13M1I2M12I33M2I5M1I7M2D6M1I5M5I16M12D33M1I3M5D7M3I19M2D18M14I29M9I13M19I9M5I12M1I23M1I4M1I10M1D12M1D10M1D15M1D22M
4	1296	0.174	5.391E-29	7	958	965	5	686	688	3M1D38M4I52M1I38M3D4M2D16M1I22M1I22M4D10M12I46M47I9M40I31M30I11M2D24M21I10M3I4M39I36M3I12M3D25M3I14M3D2M1D8M2I11M5D8M3I5M5D4M1D23M2D7M2D2M3I18M2D14M1I7M7I6M4I11M80I15M1I1M1I7M4D12M7I7M1D22M3D21M
129	1242	0.158	9.435E-28	10	951	965	0	646	656	2M1D2M1I16M1I11M35I3M2D4M1D19M1I41M3D4M2D13M1I18M1I33M13I38M2D16M185I16M1I20M12I25M12I14M1D17M6I29M2I5M1I7M2D6M1D8M1D14M3D7M1D32M1I2M5D9M3I16M2D20M11I20M6I24M20I43M3I2M1I7M9I3M1D16M1D6M1D13M1D15M
99	941	0.268	8.009E-21	5	349	965	17	361	450	7M1D2M1I16M1I13M5I54M1I38M3D4M1D14M1I23M1I24M2D12M12I31M17D13M1I42M1I28M
17	789	0.169	2.527E-17	9	892	965	3	909	985	21M2I25M3I15M1I4M1D26M1I38M2D3M1D15M2I6M11D17M1I18M12D8M8D3M7D7M4I30M12D24M1I25M7D17M1D19M11D42M7D14M1D26M7D45M18I10M2D30M1D23M16D24M2D27M5D8M8I11M14I5M13D25M4D2M8D17M57I6M1I44M5D28M3I44M5I11M
93	662	0.153	2.118E-14	11	603	965	13	774	803	32M3D7M10I33M1I11M1I39M3D3M4D16M2I3M1I13M2D29M4I6M2I6M20D32M3D9M6D12M21D57M2D8M103D23M1D29M1I27M3D34M1D34M23D58M1D28M5I17M
 33	6874	1.00	0.000E+00	0	969	970	0	969	970	970M
24	6442	0.965	0.000E+00	0	969	970	0	969	970	970M
86	6424	0.937	0.000E+00	0	969	970	0	969	970	970M
27	6407	0.936	0.000E+00	0	969	970	0	969	970	970M
6	6404	0.936	0.000E+00	0	969	970	0	969	970	970M
5	6383	0.940	0.000E+00	0	969	970	0	969	970	970M
34	6371	0.937	0.000E+00	0	969	970	0	969	970	970M
29	6369	0.938	0.000E+00	0	969	970	0	969	970	970M
31	6360	0.934	0.000E+00	0	969	970	0	969	970	970M
26	6349	0.938	0.000E+00	0	969	970	0	969	970	970M
28	6336	0.935	0.000E+00	0	969	970	0	970	971	367M1D603M
25	6325	0.934	0.000E+00	0	969	970	0	969	970	970M
85	6319	0.936	0.000E+00	0	969	970	0	969	970	970M
106	6297	0.940	0.000E+00	0	969	970	0	969	970	970M
30	6137	0.880	0.000E+00	0	969	970	0	971	972	349M2D162M1I70M1D388M
112	6055	0.860	0.000E+00	0	969	970	0	970	971	352M2D150M1I315M1I33M1D118M
75	6043	0.855	0.000E+00	0	969	970	0	969	970	349M2D162M1I9M1I448M
104	6030	0.932	0.000E+00	0	969	970	0	937	938	44M32I894M
38	6028	0.875	0.000E+00	0	969	970	0	968	969	349M2D66M2I94M1I458M
64	6021	0.870	0.000E+00	0	969	970	0	967	968	349M2D67M1I84M1I9M1I6M1I451M
53	6003	0.855	0.000E+00	0	969	970	0	963	964	352M2D159M1I36M7I415M
39	5986	0.867	0.000E+00	0	969	970	0	964	965	349M2D162M1I8M4I314M1I35M1I95M
105	5960	0.856	0.000E+00	0	969	970	0	962	963	349M2D81M1I80M1I306M1I7M6I138M
111	5947	0.839	0.000E+00	0	969	970	0	937	938	349M2D68M33I368M1I151M
119	5931	0.862	0.000E+00	0	969	970	0	967	968	349M2D42M2I118M1I326M1I131M
107	5927	0.848	0.000E+00	0	969	970	0	968	969	853M1I116M
61	5904	0.838	0.000E+00	0	969	970	0	932	933	349M2D62M1I75M38I445M
62	5759	0.825	0.000E+00	0	969	970	0	930	931	349M2D63M15I7M19I58M1I8M4I302M11I2M10D35M1I95M
22	5755	0.813	0.000E+00	0	969	970	0	957	958	334M1I82M7I40M2I45M1I308M1I149M
32	5737	0.931	0.000E+00	42	969	970	1	928	929	928M
131	5710	0.807	0.000E+00	0	969	970	0	895	896	349M2D62M1I74M78I287M3D119M
108	5551	0.778	0.000E+00	0	969	970	0	927	928	334M1I14M2D37M1I24M35I63M1I34M1D18M2I254M1I57M4I90M
67	5534	0.746	0.000E+00	5	969	970	6	963	964	329M1I13M2D108M2I53M1I311M5I8M1D14M1I119M
94	5485	0.766	0.000E+00	0	969	970	0	923	924	334M1I14M2D37M1I24M34I42M3I21M1I47M2I257M1I55M5I91M
110	5429	0.926	0.000E+00	90	969	970	0	879	880	880M
102	5175	0.692	0.000E+00	0	969	970	0	963	964	334M1I13M2D108M2I19M6I358M1D129M
118	5164	0.686	0.000E+00	0	968	970	0	977	978	338M1I11M2D56M1I39M3D3M1D47M1D35M1D46M1I180M1I13M2D45M1D23M1I14M3D114M
72	5086	0.674	0.000E+00	0	968	970	0	957	958	333M1I16M2D57M1I38M7I41M1D37M1D30M1I17M1I177M1I61M1I21M1I11M1I115M
127	5085	0.656	0.000E+00	0	967	970	43	1012	1013	337M1I12M2D57M1I37M4D49M1D39M2D28M1I17M1I177M1I61M1I20M1I12M1I110M1D4M
73	4799	0.629	0.000E+00	23	967	970	2	932	933	311M1I13M2D60M1I34M5I45M1I5M3I52M5I199M1I34M1I34M1D136M1D4M
68	4740	0.618	0.000E+00	3	967	970	8	900	901	8M10I7M2I320M2D59M1I14M37I3M1D9M12I3M13I30M1D26M2D22M1I177M1I60M1I21M1I123M1D4M
115	4738	0.582	0.000E+00	0	968	970	0	981	982	305M3D43M2D14M1D33M1D37M2I30M3I19M1D15M4D30M1D47M1D217M1D34M1D46M2D94M
16	4737	0.595	0.000E+00	0	967	970	34	977	978	304M1I21M1D9M3I54M1D23M3I25M1I24M2I30M1D31M10I19M2I12M2I177M1I60M1I19M1D41M2I91M
81	4723	0.798	0.000E+00	39	881	970	7	875	885	310M2D66M2I59M1I34M1I305M2D38M26D27M
80	4656	0.652	0.000E+00	42	968	970	1	930	931	291M1I16M2D57M1I37M4D54M1D32M1D26M1D22M1I177M1I60M1I16M1I133M
84	4647	0.639	0.000E+00	47	967	970	0	928	929	286M1I16M2D59M1I36M4D56M1D21M1D42M6D14M1I177M1I60M1I17M1I33M1I93M1D4M
15	4640	0.582	0.000E+00	0	967	970	36	982	983	303M1I21M1I26M2I42M1D19M3I25M1I56M1D34M10I16M2I19M2I170M1I214M
130	4629	0.568	0.000E+00	0	968	970	0	982	983	295M3D52M2D19M1D28M1D46M2D42M3I32M5D14M1D46M1D218M1D22M1I49M1D102M
74	4531	0.614	3.725E-103	7	957	970	1	924	926	400M1I22M3D57M5I8M7I15M7I40M1I188M2I31M1I26M1D14M8I16M1I87M2D14M
56	4509	0.519	1.191E-102	0	969	970	0	927	931	266M5D11M4I41M2I41M1D41M4I4M7I14M5I11M1D60M5I43M7I226M1D27M15I26M1I109M
59	4507	0.562	1.324E-102	0	963	970	0	973	982	7M1D287M3D54M2D18M1D29M1D34M3I27M2D5M3D21M1D18M4D22M2D24M6D23M1D183M5I2M4D33M1D16M2I10M12I9M1I33M1D86M
3	4488	0.515	3.614E-102	0	968	970	0	881	882	275M2D2M1I54M17I16M1D40M31I20M3I14M7I26M13I40M5I19M2D212M1D15M3I4M12I31M1I108M
54	4483	0.517	4.707E-102	0	969	970	0	922	923	281M1D68M2D17M1D23M2I19M8I12M8I41M3I25M9I33M3I6M6I231M1D20M15I30M1I103M3D6M
51	4458	0.530	1.764E-101	0	963	970	0	921	932	281M1D62M2I21M1D44M8I12M8I73M5I42M6I228M1D16M12I12M3I25M1I103M
41	4453	0.516	2.298E-101	0	968	970	0	923	924	278M1D21M3I36M1I26M1D40M17I89M5I60M7I212M1D13M19I8M1D25M1I103M4D5M
44	4440	0.517	4.567E-101	0	969	970	0	882	886	268M2D9M1I54M17I16M1D45M8I12M8I44M7I15M30I12M4I4M2I27M2D212M1D15M3I4M12I31M1I109M
49	4428	0.512	8.612E-101	0	969	970	0	858	862	266M5D9M4I53M17I16M1D41M45I8M1D15M6I20M28I31M5I17M2D214M1D17M1D7M16I25M1I109M
109	4424	0.511	1.064E-100	0	967	970	0	914	915	281M1D85M1D49M10I23M5I44M1D14M5I8M9I17M7I238M1D14M2D11M18I35M5I90M
35	4420	0.510	1.314E-100	0	967	970	0	928	929	266M5D11M4I46M1D39M1D16M1I37M16I21M2I39M8I48M6I235M1D25M14I26M1I103M5D4M
76	4418	0.522	1.461E-100	0	969	970	0	924	925	266M5D11M4I45M1I39M1D23M1I20M8I12M8I13M1D60M5I17M1I19M12I230M1D14M3I15M12I21M1I103M3D6M
43	4413	0.529	1.903E-100	0	969	970	0	927	931	274M2D3M1I88M1D16M1I37M1I29M10I9M4I38M5I11M2I29M6I231M1D22M8I5M7I23M1I109M
69	4412	0.520	2.006E-100	0	969	970	0	920	924	277M1D56M10I23M1D22M2I35M16I28M2I87M6I228M1D17M6D4M21I26M1I109M
77	4409	0.510	2.351E-100	0	969	970	0	919	925	277M1D77M2D35M1I15M8I17M8I50M2I14M2I15M17I28M1D224M1D20M6I14M11I19M1I103M1D6M
52	4408	0.504	2.478E-100	0	969	970	0	904	913	266M5D9M4I54M4I29M1D40M36I36M5I37M7I268M1D22M8I7M7I21M1I109M
50	4403	0.516	3.228E-100	0	969	970	0	904	906	274M2D3M1I88M1D15M2I27M31I46M5I19M5I33M3I6M6I231M1D22M8I5M7I23M1I109M
57	4400	0.529	3.782E-100	0	963	970	0	920	931	278M1D23M1I44M1D20M1D54M1I21M8I12M1I6M4I38M5I19M2I20M7I16M2I213M1D18M8I11M7I21M1I103M
42	4393	0.517	5.475E-100	0	968	970	0	932	933	279M1D21M2I41M6I44M1I13M3I3M5I17M5I12M1I91M1I17M5I20M3I202M1D25M8I6M1D51M1D87M
78	4392	0.523	5.772E-100	0	968	970	0	939	940	280M1D21M1I45M1I18M1D23M1I32M7I39M7I39M13I17M5I10M1I10M3D10M2D10M5D205M1D23M7I61M1D83M
113	4378	0.524	1.210E-99	0	967	970	0	914	915	274M2D3M1I62M4I3M2I16M1D42M3I4M5I11M8I13M1D31M1I25M8I8M9I262M1D22M18I38M5I86M6D4M
45	4375	0.516	1.418E-99	0	969	970	0	926	927	281M1D73M1D12M1D23M2I19M8I12M8I48M2I23M5I33M3I6M6I231M1D20M15I30M1I103M3D6M
71	4366	0.523	2.281E-99	4	963	970	16	924	934	277M1D73M1D12M1D23M2I19M8I12M8I41M3I25M9I33M3I6M6I231M1D22M8I5M7I23M1I103M
48	4362	0.523	2.818E-99	0	968	970	0	898	899	275M2D2M1I15M2I32M1D11M5I18M1D29M4I18M7I17M5I15M1I9M2I39M9I7M6I18M2I9M5I12M8I212M1D14M3I6M3I7M12I129M
23	4362	0.519	2.818E-99	0	963	970	0	929	935	279M1D22M1I30M6I52M1I32M13I20M1I88M1I32M9I2M2D207M1D21M7I55M1D85M
13	4355	0.504	4.079E-99	0	969	970	0	893	894	266M5D11M4I41M3D36M7I41M19I30M9I22M3I29M14I13M11I21M5I213M1D21M1I4M14I25M1I101M3D8M
46	4344	0.519	7.295E-99	0	963	970	0	915	926	281M1D62M2I21M1D44M11I14M5I12M12I12M5I23M2I52M6I228M1D28M19I21M1I78M12D25M
82	4344	0.519	7.295E-99	5	963	970	30	941	947	2M1D268M2D2M1I32M1D22M4I30M1D25M1D30M12I25M1D53M5I26M16I237M1D14M12I11M6I40M1D86M
83	4338	0.510	1.002E-98	0	963	970	25	941	947	4M1I2M1D258M7D10M6I20M1I21M3D13M7I4M1I18M1D25M1D14M8I10M3I85M5I5M10I23M2I236M1D27M18I41M1D86M
116	4318	0.524	2.882E-98	0	969	970	0	892	893	274M2D3M1I54M7I44M4I20M3I3M8I15M5I10M1D31M3I15M3I8M5I7M13I7M8I241M1D25M18I46M4I15M1D70M
70	4311	0.502	4.173E-98	0	969	970	0	857	858	281M1D20M1I3M17D7M36I3M4I11M1D23M2I19M8I12M8I22M4I37M50I7M6I228M1D25M8I5M7I23M1I103M3D6M
66	4307	0.498	5.155E-98	0	968	970	0	922	923	82M1D198M1D21M1I34M14I40M1I31M13I19M3I19M2D6M3I92M10I208M1D39M7I38M1D90M
60	4303	0.521	6.369E-98	6	969	970	2	991	994	4M2D21M10D7M3D256M3D70M1D24M1D22M6I14M3D23M5D108M1D21M2D4M8D169M1I31M1D24M2I11M6I48M1D92M
58	4200	0.509	1.473E-95	0	969	970	0	888	889	281M1D73M1D12M1D23M2I14M36I11M8I9M5I37M5I33M3I6M6I231M1D10M1I12M21I21M1I103M3D6M
65	4163	0.515	1.041E-94	7	969	970	2	876	879	296M2D47M2D11M1D51M6I6M2D15M14D16M15I55M24I9M1D22M1D175M1I36M65I113M
47	4140	0.494	3.509E-94	0	963	970	0	809	820	273M5D4M4I65M3I13M1D20M1I37M12I23M8I8M94I14M1I215M1D18M8I11M7I22M23I80M
55	4011	0.483	3.206E-91	0	969	970	0	889	893	112M1I168M1D62M1D19M1D7M2I42M8I9M8I27M5I9M9D9M16I31M1I12M1I130M1I49M1I38M20I7M4I2M1I16M21I21M1I72M1I36M
79	3914	0.501	5.398E-89	53	968	970	1	888	889	227M1D21M1I45M1I17M1D24M1I34M8I15M1D21M7I5M3I86M1D17M6I200M2D4M1I12M3I27M4I36M1D90M
117	3842	0.391	2.425E-87	0	969	970	0	995	1003	5M2D265M9D3M8I11M1I13M2I15M5D16M7I10M3I46M3I34M5D43M1D33M8I137M1D129M2D16M22D51M6D18M5D93M
92	3764	0.368	1.496E-85	5	967	970	1	1083	1084	264M2D9M2D119M4I46M1D27M3D8M4D18M11D33M6D8M5D15M7D13M2D11M11D89M2D136M33D41M7D17M18D21M9D80M1D4M
128	3761	0.375	1.753E-85	2	966	970	0	875	876	3M3D263M6I5M9D21M8I23M34I7M41I17M6I21M19I44M1D47M10D95M2D7M1I118M1D19M2D32M7I38M1D78M4D5M
103	3761	0.490	1.753E-85	26	967	970	0	885	886	49M4I8M5I7M2I170M5I15M1D23M1D26M12I37M2I36M1I55M11D19M7I5M13I26M11I2M3I97M2D122M1D66M5I16M3I86M1D4M
122	3630	0.345	1.780E-82	7	969	970	6	971	1001	261M2D35M6I3M5I7M35I11M4I16M22D13M9I43M3I2M2I41M1D8M1I74M6I77M1D117M2D21M4D6M17D18M17D28M8D19M3D68M3I21M
8	3496	0.356	2.118E-79	0	969	970	0	1015	1016	5M2D262M14D61M2I71M1D40M2D33M3D40M1D5M1D67M3I81M2D127M1D10M12D54M10D98M2D11M
101	3466	0.360	1.034E-78	5	961	970	20	928	936	260M6I19M9I12M3I21M3I5M7I25M27I30M3I12M2I29M2I28M1I76M7D5M3D3M2D58M2D104M11D40M1D22M11I21M3I34M3D76M
18	3465	0.316	1.090E-78	5	965	970	1	1247	1248	264M5D69M6D54M1D20M10D25M7D51M5D47M1I21M26D27M3D70M1I11M1D141M5D12M147D17M1D31M16D5M12D11M41D76M2D7M
126	3334	0.352	1.107E-75	0	964	970	3	807	808	6M1D98M2I159M5I5M8D1M4I20M7I26M36I9M5I24M13I23M7I17M4I24M88I3M8D133M1I31M1D5M3I27M4I4M1D14M2D112M1I2M1I41M
114	3258	0.363	6.145E-74	5	961	970	5	922	929	215M1D45M5I22M2I42M12I47M5I12M3I35M4D17M1D20M2D14M3I37M3D21M2I14M6I3M4I60M2D85M5I11M3D43M1D12M6D16M1I29M10I18M4I77M
91	3250	0.341	9.378E-74	5	969	970	9	787	788	97M1D163M14D8M80I11M1I9M18I12M24I48M3I29M49I30M2I64M2I10M4D5M2I79M3I3M3I36M1I11M17I26M1I3M2I26M1I1M3I34M2D17M4D27M1D4M
100	3223	0.345	3.907E-73	0	968	970	0	799	806	3M1I268M10I10M25I6M2I7M35I49M22I12M11I40M5I11M12I13M22I15M11I75M1D5M1D81M2D6M2D2M2I30M3D23M1I7M12I4M3I13M9I15M2D7M1I49M1D20M3D14M
98	3146	0.315	2.286E-71	5	969	970	13	774	776	99M1D162M10D7M3I10M27I5M34I21M21I15M22I34M1I8M19I4M37I8M26I21M4D63M2I11M1D5M1D74M1I9M6I34M1I14M5I9M11I20M6I22M3I2M1I32M2D22M4D28M
124	3137	0.330	3.678E-71	5	963	970	1	712	713	258M3D4M3D6M12D3M30I9M1I16M117I14M10D8M17I17M68I14M2I40M1D22M1I18M2D82M1I32M1I25M30I17M3I16M7I40M1D6M1I33M
97	3118	0.333	1.004E-70	1	969	970	22	784	786	103M1D162M9D12M1I7M27I5M34I21M60I14M1I8M6I14M6I5M1I29M20I8M22I10M5I6M2I61M3I11M1D5M1D84M6I34M1I13M3D4M12I14M5I3M1I8M3I22M8I35M1D16M2D31M
7	3112	0.324	1.379E-70	5	969	970	8	822	857	100M1D172M5I19M19I12M22I19M40I29M2I51M11I6M25I6M9I6M4I25M2I39M2D43M3D46M2I18M1D20M6I35M1I18M16I55M2D32M2D38M3D12M
10	3086	0.319	5.447E-70	5	969	970	26	782	784	99M1D161M10D15M74I7M1I9M13I13M42I37M6I6M8I11M9I4M20I13M14I21M2I62M2I11M4D5M2I82M6I34M1I15M5I9M14I13M1I3M2I26M5I32M2D21M2D29M
120	3074	0.334	1.027E-69	0	969	970	0	758	764	4M2D99M2I163M3D9M5I47M62I9M7I16M1I31M2I5M7I26M34I11M20I5M17I5M4I33M2D39M1D7M1D47M2I18M1D50M4I7M1I12M20I17M24I7M5I1M3I35M1I46M
87	3067	0.323	1.487E-69	5	969	970	7	750	770	100M1D162M1I10M7D12M32I8M105I18M17I2M3I9M47I48M3I5M2I39M2D42M2D47M2I18M1D10M2I7M5I25M2I31M8I9M5I16M5I15M5I5M3D33M2D42M5D8M
0	3057	0.328	2.522E-69	5	969	970	13	752	754	99M1D162M10D3M6D8M36I5M34I15M25I14M44I7M29I25M40I8M5I24M2I61M3I11M1D5M1D77M1D7M6I34M1I13M3D2M21I20M1I30M5I31M2D21M2D31M
89	3052	0.317	3.285E-69	0	969	970	0	760	777	5M2D97M1D167M16I8M25I15M8I20M76I6M4I9M7I10M31I7M21I30M7I12M2I4M2I39M2D37M3D4M1I49M2I16M1D13M3I3M4I26M2I20M2I12M6I6M10I44M2D36M2D37M6D4M1D5M
95	3038	0.321	6.884E-69	5	969	970	1	718	720	99M2I161M5D21M93I5M41I5M7I15M31I16M1D10M25I5M6I7M8I24M6D4M2I32M2D45M2D50M2I16M1D51M5I14M34I37M6I1M3I35M1I38M2D8M
40	3029	0.315	1.108E-68	0	969	970	0	759	776	5M1D97M1D166M69I11M5D26M8I23M7I7M7I29M9I15M102I6M2I39M2D37M3D4M1I47M2I18M1D14M7I26M2I21M5I12M3I7M10I44M2D36M2D38M7D8M
63	3028	0.326	1.168E-68	5	969	970	7	768	778	100M1D162M1I28M25I9M105I18M17I2M3I11M4I9M22I34M7I11M9I5M2I39M2D42M2D47M2I17M1D11M2I7M5I23M2I33M8I9M5I16M5I20M2I35M4D3M2I38M15D8M
96	3025	0.323	1.368E-68	5	967	970	38	942	948	30M5I227M14D11M5I35M2D60M3I48M34D4M2I27M3I13M54I10M11I9M1I27M1D60M4I11M4D5M2I48M1I32M1I38M1D33M6I28M4I10M15I74M3D6M
2	3011	0.307	2.868E-68	3	966	970	8	780	781	103M1I54M1I169M59I8M37I12M13I24M50I38M18I35M1D33M1D14M2D45M1D11M1D6M4D62M5D22M37I28M4I33M3D12M5D11M3D16M3D8M
20	3010	0.317	3.024E-68	0	969	970	0	754	772	5M2D274M7D13M2I35M31I9M59I2M16I19M74I14M27I7M2I39M2D37M3D4M1I47M2I18M1D24M7I17M1I12M1I10M5I10M3I4M3I24M3I12M1D8M3I37M2D41M7D8M
88	2982	0.312	1.328E-67	5	969	970	7	752	770	268M10I6M9I10M31I42M58I18M17I10M53I22M26I2M2I39M2D37M3D4M1I49M2I12M1D14M2I7M5I24M1I12M1I10M5I10M3I7M3I21M3I21M2I40M2D38M7D8M
1	2976	0.318	1.823E-67	0	969	970	0	778	787	269M1D11M6I7M35I17M33I11M91I8M8I7M13I33M14I24M1I26M1D13M2D38M1D5M1D49M2I16M2D15M1I6M3I6M1I18M3I19M14I62M3I32M1D4M2D9M7D6M8D2M3D21M8D8M
37	2964	0.306	3.438E-67	2	969	970	0	810	829	13M2D144M1I107M14D11M12I46M12I7M26D18M66I17M8I10M63I20M7I23M2I39M2D42M2D49M2I16M1D13M1I15M2I19M3I19M3D13M24I32M6I38M2D48M
125	2957	0.309	4.977E-67	3	965	970	25	812	813	264M1D4M2D21M11I18M39I23M20D33M16I27M25I16M36I29M25I66M13I124M1I10M1D14M11I18M2I18M20I79M
36	2907	0.309	6.991E-66	2	969	970	0	810	829	12M2D145M1I105M9D12M15I9M25I11M57I4M15I10M12I27M18D2M3I41M21I41M7I10M2I39M2D42M2D49M2I16M1D13M1I15M2I22M2I6M1I8M7D2M4I11M5I30M25I35M4D3M2I46M
14	2900	0.324	1.012E-65	5	965	970	85	885	886	98M7I4M18I6M4I2M1D70M1D56M2D7M3I24M4I24M8I25M17I20M4I15M27I24M17I10M10I71M3D7M2I81M2D128M1I11M25I20M23I7M1D81M
123	2742	0.430	4.281E-62	44	772	970	0	713	715	228M2D8M8I113M4I69M7D37M12I29M3I181M1D23M2D14M
21	2702	0.348	3.545E-61	5	811	970	4	701	745	209M1D51M3D14M2I10M31I18M1I16M2D19M9I22M24I17M2D13M22I47M5I13M18I21M2I76M4D5M2I70M1I10M5D1M6I37M3I12M
121	2535	0.313	2.413E-57	11	849	970	1	618	619	258M11D5M4I11M12I14M42I10M73I12M12I7M6D26M73I21M1I22M1D11M2D43M2D51M2I16M2D14M2I9M3I22M5I3M2D21M18I16M
12	2495	0.334	1.998E-56	5	853	970	2	674	675	261M3D37M16I11M41I6M18I11M6I16M5I22M30I30M17I15M10I4M20I6M2I27M1I7M2D35M1D7M1I3M2I45M2I18M1D13M2I36M9I39M1I17M
9	2348	0.271	4.726E-53	5	969	970	7	621	639	100M1D172M133I5M3I22M130I16M13D6M32I4M44I45M2I18M1D13M2I4M5I25M2I19M8I21M5I16M5I20M2I36M2D41M6D9M
11	2165	0.311	7.493E-49	0	816	970	0	581	596	42M32I201M6D16M9I14M67I26M23I16M7I6M10I13M55I8M33I7M4I25M1D10M2D41M1D5M1D49M2I16M2D14M2I8M3I23M3I17M2D10M
19	1762	0.203	1.331E-39	2	964	970	9	730	735	30M1D17M2D44M1I11M1I42M1D11M5D4M8D20M1I3M3D27M2D51M12D17M33I5M47I10M40I7M8I19M10I13M87I18M3I5M4I12M2D6M2D46M1I5M1D16M2D76M3D4M1D52M24I50M7I5M19I17M1D8M1I25M
90	1375	0.169	1.015E-30	0	961	970	0	692	697	4M1I2M1D25M1I15M5I52M1I40M5D17M1I21M1I29M12I3M1I40M27D11M26I35M16I13M63I9M90I6M32I6M12I38M3I7M2D6M1I5M5I16M12D36M2D2M2D6M3I19M2D19M11I19M3I8M18I24M2I7M4I17M13I1M1D8M1I4M1I10M1D12M1D10M1D15M1D18M
4	1253	0.176	6.405E-28	9	964	970	8	687	688	40M4I52M1I37M3D6M2D14M1I22M1I22M4D10M12I37M1D7M1D16M29I13M41I14M45I25M3I4M18I32M23I19M10I12M7I1M10I3M3D25M3I14M3D2M1D8M2I11M5D9M5D3M3I5M1D23M2D7M2D2M3I18M2D14M1I7M7I6M4I11M84I8M2D5M1I1M1I9M3I2M2I14M3D25M3D22M
129	1189	0.162	1.886E-26	10	960	970	0	650	656	3M1D1M1I16M1I11M35I3M2D4M1D20M1I40M3D4M2D13M1I18M1I33M13I38M2D16M20I3M18D2M89I7M33I10M2I6M6I3M20I15M54I7M2I14M3I10M7I27M2I5M1I7M2D6M1D8M1D7M3D15M1D32M1D2M3D9M3I16M2D19M14I16M2I11M1I18M4I35M18I8M3I2M1I7M4I3M2I3M2I14M1D6M1D13M1D19M
99	984	0.265	9.562E-22	5	349	970	17	361	450	8M1D1M1I16M1I13M5I55M1I37M3D4M1D14M1I23M1I40M10I32M16D53M1I28M
17	853	0.165	9.709E-19	9	893	970	3	921	985	21M2I26M3I14M1I4M1D26M1I38M2D3M1D15M2I6M11D16M1I17M12D10M8D3M7D7M4I30M2I6M18D19M3D64M13D35M7D14M1D20M6D40M6D19M1I12M8D38M10D29M2D28M4I9M6D9M5I3M4I10M23I15M10D3M6I3M8D19M55I6M3I45M7D67M3D9M1D10M
93	692	0.167	4.813E-15	11	605	970	13	749	803	34M7I41M1I12M1I38M3D3M4D16M2I3M1I13M2D29M4I6M2I6M20D32M3D9M6D19M5D35M2D12M5D22M104D37M7I97M9D26M4D12M1D33M1D15M2I18M
 93	4796	1.00	0.000E+00	0	802	803	0	802	803	803M
19	788	0.209	2.897E-18	13	379	803	18	392	735	22M1D10M1D5M8D88M3I4M3I14M16D18M3D6M3I22M5I10M1I5M3D5M9I25M5D7M6D3M3I17M5I14M2I29M1I28M
122	784	0.145	3.622E-18	13	701	803	10	541	1001	32M3I10M10D30M1D11M1D39M4I2M3I16M2D4M1D13M2I28M10I5M8I9M4D32M1D11M10I2M17I33M2I22M15I17M77I31M2I96M2I16M20I19M2I34M
95	779	0.204	4.788E-18	13	403	803	7	383	720	32M3I7M10D33M1D10M1I39M3I5M4I10M3D20M2I29M4D6M1D6M19I30M5D15M4I22M2I89M
127	778	0.159	5.063E-18	13	778	803	54	632	1013	34M7D41M1D12M1D38M3I5M4I13M2D4M1D13M2I29M4D6M2D6M20I26M1I19M4I34M20I17M13I19M99I54M1D16M13I40M7I7M10I24M4I22M3I37M3I44M
126	770	0.198	7.913E-18	0	395	803	3	393	808	12M1I32M4D10M3D33M1D8M1I41M3I4M4I11M2D7M1D13M2I28M10I17M4I33M8D7M6I9M1I25M5D24M3D50M
99	762	0.196	1.237E-17	15	372	803	26	364	450	1M1I18M1I8M2D43M1D53M1I4M2I15M2D20M3I26M8I12M16I27M2D4M7D85M1I9M
120	761	0.190	1.308E-17	13	397	803	13	398	764	34M7D41M1D8M1I41M3I3M4I13M2D6M1D13M2I28M10I17M4I31M5D9M7D104M2D13M
4	751	0.197	2.285E-17	3	395	803	1	380	688	9M1I34M2D3M4D9M3I26M1D57M2I14M2D19M2I3M1I21M2D5M6I8M18I30M2D10M2I53M7D26M2D31M
10	746	0.166	3.021E-17	13	392	803	32	413	784	32M3I7M10D33M1D11M2D39M3I5M4I17M3D13M2I26M1D3M3D6M1D6M19I30M5D26M3D34M1I19M5D41M
89	745	0.194	3.194E-17	13	392	803	13	381	777	34M2D9M5D43M3D40M7I14M3D20M2I28M10I5M8I9M4D32M2D3M5I2M5I51M4D34M3D19M
92	745	0.132	3.194E-17	13	784	803	7	632	1084	34M7D41M1D11M1D39M4I2M3I20M3D13M2I28M10I5M8I9M4D32M2D7M4I66M1D26M4I12M102I36M3D57M6D31M25I16M10I50M2I63M
9	743	0.187	3.572E-17	13	334	803	13	321	639	32M7D43M1D11M2D39M3I3M4I12M3D20M2I26M4D15M18I32M2D11M5I46M
59	741	0.165	3.993E-17	13	730	803	12	608	982	32M3I8M10D32M1D11M1D39M3I3M4I15M2D4M1D13M2I29M4D6M2D6M20I33M3I11M1I27M1I49M1I29M3D1M97I43M1I13M5I39M3I15M1D51M1I52M1I11M
121	739	0.193	4.465E-17	13	336	803	1	322	619	32M3I7M10D33M1D12M1D39M7I15M3D19M2I28M10I5M8I6M1D4M3D31M2D2M6D37M1D24M
124	739	0.193	4.465E-17	13	371	803	7	372	713	32M3I7M10D44M2D39M3I4M4I15M2D3M1D13M2I29M4D14M18I32M1D3M2D11M11D7M4I5M3I31M11D33M
125	738	0.192	4.721E-17	13	393	803	33	423	813	34M7D41M1D11M1D39M3I3M4I11M3D25M1D2M3I21M10I5M4I45M2D27M2I33M3D9M21D6M1I11M2I29M
87	736	0.179	5.279E-17	13	386	803	13	386	770	34M7D52M3D39M1I2M6I13M3D20M2I26M1D3M3D12M18I32M2D16M7D10M2D71M1I16M
67	735	0.149	5.582E-17	13	757	803	12	583	964	32M3I13M10D27M1D11M1D39M3I3M4I15M2D4M1D13M2I29M4D6M2D6M20I31M2D3M7I45M3I4M6I21M8I22M102I40M12I29M3I15M5I21M3I18M7I16M4I6M3I67M1I13M
38	735	0.158	5.582E-17	13	713	803	11	579	969	34M7D41M1D11M1D39M3I3M4I16M2D3M1D13M2I29M4D6M2D6M20I32M3I9M6I32M5I22M4D49M94I61M2I31M13D6M10I25M15I21M4I21M1D23M
90	734	0.192	5.902E-17	0	369	803	0	364	697	12M1I3M1I18M1I9M1D13M1D30M1D57M2I14M2D20M1I2M2I22M1I4M5I4M18I3M3I26M5D4M15D10M5D84M
18	733	0.139	6.241E-17	13	782	803	7	628	1248	32M3I7M10D33M1D10M1D40M3I5M4I10M3D20M2I28M10I18M4I33M1D12M19I87M102I43M5I37M4I21M1I12M4I8M11I22M1I95M4D6M5D18M
98	732	0.182	6.600E-17	13	395	803	19	398	776	32M3I7M10D33M1D11M2D39M3I5M4I11M3D19M2I28M10I5M8I9M4D30M5D18M1D56M1D50M
1	732	0.174	6.600E-17	13	397	803	11	386	787	32M7D43M1D12M1D38M3I3M4I12M3D24M1D2M3I19M1D3M3D7M2D5M20I31M2D8M2I84M2D30M
91	732	0.178	6.600E-17	13	394	803	15	406	788	34M7D41M1D11M2D39M3I5M4I11M2D6M1D13M2I26M1D3M4D12M19I30M5D9M12D36M1D66M2D12M
33	728	0.162	8.251E-17	13	730	803	11	584	970	34M7D41M1D12M1D38M3I3M4I16M2D3M1D13M2I29M4D6M2D6M20I32M3I9M6I32M5I22M3D20M1I22M100I41M6I89M9I26M4I12M1I29M1I18M
112	728	0.165	8.251E-17	13	755	803	11	583	971	34M7D41M1D11M1D39M3I3M4I15M2D4M1D13M2I29M4D6M2D6M20I32M3I8M6I33M5I22M2I12M5I22M102I22M13I19M1D27M3I39M6I17M2I23M5I24M7I27M1I26M
130	728	0.152	8.251E-17	13	734	803	11	596	983	34M7D41M1D12M1D38M4I2M3I16M2D4M1D13M2I29M4D6M2D6M20I31M2D13M4I49M15I38M103I10M7D11M1D37M2I14M1I21M3D39M9I19M5I12M1D59M
20	726	0.176	9.225E-17	13	395	803	13	384	772	34M2D9M5D32M1D11M1D39M3I5M4I10M3D20M2I28M10I5M8I9M4D32M2D3M11I13M6D10M4D1M3D35M4I45M
63	726	0.175	9.225E-17	13	394	803	13	390	778	34M7D52M3D39M3I3M4I13M2D6M1D13M2I28M10I5M8I10M4D31M2D10M5I23M5D21M3D14M1D48M
88	723	0.170	1.091E-16	13	395	803	13	381	770	34M7D41M1D11M1D40M7I15M2D6M1D13M2I28M10I5M8I10M4D31M2D3M8I27M3D84M
100	723	0.189	1.091E-16	13	394	803	10	396	806	32M3I9M10D42M2D39M3I4M4I14M2D4M1D13M2I28M10I17M4I33M2D2M4I23M11D8M3D20M1D20M3D44M
64	723	0.139	1.091E-16	13	730	803	11	582	968	34M7D41M1D11M1D39M3I3M4I15M2D4M1D13M2I29M4D7M2D5M20I32M1D4M5I52M7I28M1D27M99I10M19I11M7I19M2I36M6I62M4D55M4D7M
6	722	0.156	1.153E-16	13	786	803	11	588	970	34M7D41M1D12M1D38M3I3M4I16M2D3M1D13M2I29M4D6M2D6M20I32M3I9M6I32M5I22M2I12M5I22M104I24M5I57M5I12M9I12M6I5M16I8M14I11M4I51M1I50M
118	722	0.143	1.153E-16	13	778	803	11	589	978	32M3I7M10D44M2D39M3I3M4I15M2D4M1D13M2I29M4D6M2D6M20I30M1I25M3I34M7I55M97I14M6I103M26I9M16I6M3I21M9I27M6I14M2I22M
2	721	0.201	1.219E-16	13	392	803	16	394	781	32M7D43M1D50M3I5M4I12M2D19M1D5M3I21M10I5M8I9M4D76M12D75M
40	720	0.195	1.289E-16	0	394	803	2	392	776	6M1I4M2I34M2D9M5D43M3D40M7I15M3D19M2I28M10I5M8I10M4D31M2D3M5I7M11D10M3D19M2D18M3I41M1I14M
83	720	0.139	1.289E-16	13	697	803	36	576	947	32M3I7M10D33M1D12M1D38M3I3M4I15M2D4M1D13M2I29M4D6M2D6M20I31M2D8M2I17M1I66M1I29M99I56M2I28M7I28M1I3M5I4M13I22M4I28M
97	719	0.149	1.363E-16	13	392	803	32	428	786	32M3I5M10D35M1D11M2D39M3I5M4I11M3D19M2I28M10I5M8I9M4D30M5D9M22D112M
13	718	0.155	1.442E-16	13	631	803	11	517	894	32M2I8M9D33M1D12M1D38M3I3M4I15M2D4M1D13M2I29M4D6M2D6M20I31M2D8M2I47M1I61M103I34M1I52M4D49M
119	717	0.152	1.525E-16	13	757	803	11	583	968	34M7D41M1D11M1D39M3I3M4I15M2D4M1D13M2I29M4D6M2D6M20I32M3I9M6I16M21I53M2I8M104I42M1I23M12I30M1I28M6D21M1I7M15I51M1I28M
108	714	0.148	1.802E-16	13	678	803	11	548	928	34M7D52M2D39M3I3M4I15M2D4M1D13M2I29M4D6M2D6M20I32M3I12M1I41M10I19M3D37M97I16M4I39M3I8M11D18M5I33M1I43M7I7M
113	713	0.145	1.906E-16	13	661	803	11	540	915	32M3I7M10D33M1D12M1D38M4I2M3I16M2D4M1D13M2I26M1D3M3D6M2D6M20I31M2D8M2I93M6D16M104I77M6I11M1D42M5I24M
75	713	0.156	1.906E-16	13	755	803	11	582	970	32M3I8M10D32M1D11M1D39M3I3M4I12M3D20M2I29M4D6M2D6M20I31M2D2M11I22M21I51M4I10M101I15M13I6M12D19M1D25M5I28M2I46M1I7M15I44M1I21M1I11M
0	712	0.180	2.015E-16	13	395	803	19	394	754	32M7D43M1D11M2D39M3I5M4I17M3D13M2I26M1D1M11I17M4I30M5D5M9D5M5I67M4I15M2I22M
49	712	0.151	2.015E-16	13	618	803	11	482	862	34M7D41M1D12M1D38M3I3M4I15M2D4M1D13M2I29M4D6M2D6M20I31M2D8M2I109M105I38M3I24M15I41M
61	711	0.164	2.131E-16	13	665	803	11	540	933	34M7D41M1D11M1D39M3I3M4I15M2D4M1D13M2I29M4D6M2D6M20I32M3I9M6I32M5I22M3D19M1D28M96I53M1D40M3I42M4I29M
74	710	0.146	2.253E-16	13	686	803	5	560	926	32M3I8M10D32M1D11M1D39M4I2M3I17M2D3M1D13M2I29M4D6M2D6M20I45M4I40M3D49M12D12M104I19M1D47M2D12M11D11M2I8M4I13M7I13M10I23M5I16M
70	709	0.188	2.383E-16	13	392	803	11	413	858	32M3I7M10D33M1D12M1D36M1I4M6I16M2D4M1D13M2I29M4D6M2D6M20I31M2D2M6D27M24D12M1D37M1D41M
34	709	0.149	2.383E-16	13	730	803	11	584	970	32M3I7M10D33M1D12M1D38M3I3M4I15M2D4M1D13M2I29M4D6M2D6M20I37M9I36M5I22M3D20M1I25M100I86M6I41M9I24M6I61M
65	708	0.153	2.519E-16	13	700	803	6	551	879	32M2I8M9D33M1D11M1D39M2I4M5I14M2D4M1D13M2I29M4D6M2D6M20I31M2D2M5I9M1I43M8I8M6I37M102I26M7I26M2I26M11D76M13I30M
45	708	0.150	2.519E-16	13	703	803	11	553	927	32M3I7M10D33M1D12M1D38M3I3M4I15M2D4M1D13M2I29M4D6M2D6M20I31M2D9M4I8M2I44M4I6M1I11M1I29M1D8M107I19M2I38M2D53M3I7M16I20M3I18M1D17M
3	707	0.169	2.664E-16	13	610	803	11	512	882	34M7D41M1D12M1D38M3I3M4I15M2D4M1D13M2I29M4D6M2D6M20I31M2D2M7D13M6D42M2D14M1I30M2D21M98I29M4I39M1D18M2I24M
29	705	0.159	2.979E-16	13	730	803	11	584	970	32M3I13M10D27M1D12M1D38M3I3M4I15M2D4M1D13M2I29M4D6M2D6M20I31M2D2M11I38M5I22M3D20M1I25M97I17M3I69M6I41M9I23M7I31M2D11M1I18M
86	705	0.152	2.979E-16	13	730	803	11	584	970	34M7D41M1D12M1D38M3I3M4I16M2D3M1D13M2I29M4D6M2D6M20I32M3I8M6I33M5I22M3D20M1I25M100I86M6I41M9I24M6I61M
47	704	0.194	3.150E-16	13	394	803	11	411	820	34M2D9M5D32M1D12M1D38M3I3M4I15M2D4M1D13M2I29M4D6M2D6M20I31M2D12M3D5M20D18M1I46M6D39M
16	703	0.161	3.331E-16	0	694	803	34	598	978	11M2I32M3I8M10D39M2D43M3I3M4I15M2D4M1D13M2I29M4D6M2D6M20I31M2D4M7I33M3I12M7I21M1D17M1I20M96I30M1I18M2D20M2D8M2I59M5I15M1D14M3I25M
69	702	0.153	3.522E-16	13	703	803	11	550	924	34M4D8M3D33M1D12M1D38M4I2M3I16M2D4M1D13M2I29M4D6M2D6M20I30M7D10M7I105M100I41M4I28M1D15M14I36M14I13M8I7M1I28M
53	702	0.149	3.522E-16	13	754	803	11	575	964	34M7D41M1D11M1D39M3I3M4I15M2D4M1D13M2I29M4D6M2D6M20I37M9I20M21I51M4I10M101I20M7D38M1D29M15I28M3I30M13I50M8I25M
128	701	0.198	3.724E-16	13	393	803	12	390	876	34M7D41M1D10M1D40M1I4M6I14M2D4M1D13M2I26M1D3M3D6M2D5M20I33M1D9M2D7M6D38M1D25M1I39M
82	701	0.147	3.724E-16	13	631	803	37	572	947	32M3I5M2D3M8D32M1D12M1D38M3I3M4I15M2D4M1D13M2I29M4D6M2D6M20I30M7D8M12D19M12D75M1D21M101I99M3I33M
30	701	0.144	3.724E-16	13	703	803	11	585	972	32M3I7M10D33M1D11M1D39M3I3M4I15M2D4M1D13M2I29M4D6M2D6M20I32M3I9M6I35M2D21M3I39M3D8M97I93M15D42M10I14M6I43M
72	699	0.153	4.164E-16	13	778	803	11	577	958	34M7D41M1D12M1D38M3I5M4I13M2D4M1D14M2I28M4D6M2D6M20I31M2D2M7I44M2I28M4I36M126I26M1D16M13I17M1D26M5I14M8I16M12I14M16I41M1D32M
131	698	0.158	4.403E-16	13	588	803	11	470	896	34M7D41M1D11M1D39M3I3M4I15M2D4M1D17M1D2M3I22M4D6M2D6M20I31M2D33M1D33M1D51M109I89M
27	698	0.167	4.403E-16	13	730	803	11	584	970	32M3I13M10D27M1D12M1D38M3I3M4I16M2D3M1D13M2I28M10I5M8I9M4D33M3I9M6I32M5I22M2I12M5I22M104I24M5I43M4D13M2D14M3I13M9D19M9I23M7I31M2D11M1I18M
15	698	0.145	4.403E-16	0	681	803	30	598	983	13M4D32M3I7M10D33M1D12M1D38M3I3M4I15M2D4M1D13M2I29M4D6M2D6M20I31M2D8M3I13M1D21M1D58M4D18M100I32M2D44M10D27M2I15M6I9M16I7M1D29M
42	697	0.146	4.655E-16	13	709	803	11	555	933	34M4D8M3D33M1D11M1D39M4I2M3I16M2D4M1D13M2I29M4D6M2D6M20I31M2D2M5I77M1I13M1I22M101I42M18I55M4I17M11I26M1D17M3I21M
117	697	0.155	4.655E-16	13	717	803	13	571	1003	32M3I7M10D33M1D11M1D39M3I5M4I13M2D4M1D13M2I26M1D1M11I18M4I32M2D2M7D5M8I11M1I33M7D30M8I21M103I23M1I18M2I24M10I15M8I18M2I14M16I43M8D28M
12	696	0.178	4.923E-16	13	395	803	8	388	675	32M3I10M10D30M1D11M1D39M2I4M5I15M2D5M1D12M2I25M4D9M1D6M19I32M2D16M10D60M3I43M
116	696	0.141	4.923E-16	13	615	803	11	524	893	34M4D8M3D33M1D12M1D38M4I2M3I16M2D4M1D13M2I26M1D3M3D6M2D6M20I31M2D2M6D17M7D27M1D30M1I8M8D36M102I46M4D42M3I28M
94	696	0.157	4.923E-16	13	664	803	11	538	924	34M7D41M1D11M1D39M3I3M4I15M2D4M1D13M2I29M4D6M2D6M20I32M3I7M6I34M5I26M3D40M101I22M7I12M1I31M12D63M5I27M
5	696	0.154	4.923E-16	13	730	803	11	584	970	34M7D41M1D12M1D38M3I3M4I15M2D4M1D13M2I28M10I3M8I11M4D33M9I41M5I22M3D20M1I25M100I35M6I92M9I23M7I31M2D11M1I18M
31	696	0.158	4.923E-16	13	730	803	11	584	970	32M3I13M10D27M1D12M1D38M3I3M4I15M2D4M1D13M2I29M4D6M2D6M20I32M3I9M6I32M5I22M3D20M1I25M100I86M6I41M9I23M7I31M2D11M1I18M
36	695	0.181	5.205E-16	13	392	803	9	434	829	3M2D29M3I7M10D32M1D8M1D43M3I5M4I12M1D5M1D13M2I26M1D1M11I5M8I14M4D24M5D6M2D16M7D15M8D2M1D19M33D64M
7	695	0.206	5.205E-16	13	392	803	14	408	857	34M2D9M5D32M1D11M2D40M7I15M3D19M2I28M10I5M8I10M4D31M2D3M2D23M10D30M5D21M5D22M1D20M
111	695	0.165	5.205E-16	13	717	803	11	553	938	34M7D41M1D11M1D39M3I3M4I15M2D4M1D13M2I29M4D6M2D6M20I32M3I9M6I16M21I51M4I10M101I23M1I29M1D14M2I40M2I27M9I23M4I25M1D23M
105	695	0.148	5.205E-16	13	755	803	11	582	963	34M7D41M1D11M1D39M3I3M4I16M2D3M1D13M2I29M4D6M2D6M20I32M3I12M1I38M3I17M3I46M97I30M2D63M12I20M25I23M10I17M7I23M1I30M
28	695	0.154	5.205E-16	13	757	803	11	585	971	34M7D41M1D12M1D38M3I3M4I16M2D3M1D13M2I29M4D7M2D5M20I32M3I9M6I16M21I51M4I9M103I53M1D46M1D5M8I46M1I11M7I12M6I30M1I6M1I28M
22	694	0.145	5.504E-16	13	665	803	11	566	958	34M7D41M1D11M1D39M3I3M4I12M4D7M1I12M2I29M4D6M2D6M20I32M3I8M6I20M5I35M2I38M3D9M94I24M5D54M21D38M1I20M4I30M
39	693	0.154	5.820E-16	13	757	803	11	581	965	32M3I7M10D33M1D11M1D39M3I3M4I16M2D3M1D13M2I29M4D6M2D6M20I32M3I9M6I16M21I53M2I8M103I23M1I29M1D27M3I39M10I7M11D5M5I10M1I2M19I52M1I28M
115	693	0.145	5.820E-16	13	768	803	11	587	982	32M3I10M10D30M1D12M1D38M3I3M4I16M2D3M1D13M2I29M4D7M2D5M20I31M2D13M6I68M3I29M1D5M3D1M97I42M7I13M12I44M8I9M12I12M21I36M7I26M1I23M
44	691	0.152	6.507E-16	13	639	803	11	512	886	34M7D41M1D12M1D38M3I3M4I15M2D4M1D13M2I29M4D6M2D6M20I31M2D9M6I45M9I52M100I23M1I35M3I20M2D46M1D17M
37	690	0.175	6.881E-16	13	392	803	9	434	829	4M2D28M3I7M10D32M1D12M1D39M3I5M4I14M1D3M1D13M2I26M1D1M11I5M8I14M4D24M5D6M2D16M7D15M8D2M1D19M33D64M
54	690	0.146	6.881E-16	13	703	803	11	549	923	32M3I7M10D33M1D12M1D38M3I3M4I15M2D4M1D13M2I29M4D6M2D6M20I31M2D9M4I8M2I44M4I6M1I41M106I28M2I38M2D54M24I21M3I18M1D17M
77	690	0.133	6.881E-16	13	679	803	11	545	925	34M7D41M1D12M1D38M4I2M3I16M2D4M1D13M2I29M4D6M2D6M20I31M2D2M5I15M1I35M1D63M100I12M1I124M12I22M5I9M
25	689	0.166	7.276E-16	13	730	803	11	584	970	32M3I8M10D32M1D12M1D38M3I3M4I15M2D4M1D13M2I29M4D6M2D6M20I32M3I9M6I32M5I22M2I12M5I22M104I24M5I37M1D35M2D16M9D17M9I23M7I31M2D11M1I18M
41	687	0.159	8.135E-16	13	618	803	11	550	924	32M3I7M10D33M1D12M1D38M3I3M4I15M3D17M2I29M4D6M2D6M20I31M2D2M6D22M19D27M1D14M5D43M5D13M102I26M2D3M10D69M3I21M
48	686	0.138	8.602E-16	13	658	803	11	525	899	32M3I7M10D33M1D12M1D38M3I3M4I16M2D3M1D13M2I29M4D6M2D6M20I31M2D8M2I17M3I69M1D24M98I26M5I75M4I27M11I16M
50	684	0.153	9.618E-16	13	654	803	11	534	906	34M4D8M3D33M1D12M1D38M4I2M3I16M2D4M1D13M2I29M4D6M2D6M20I31M2D2M6D17M7D27M1D34M1D39M107I34M1I18M2I16M5I18M5I38M4I14M
26	684	0.157	9.618E-16	13	730	803	11	584	970	34M7D41M1D12M1D38M3I3M4I16M2D3M1D13M2I29M4D6M2D6M20I32M3I9M6I32M5I22M3D20M1I25M100I86M6I41M9I23M7I31M2D11M1I18M
106	684	0.139	9.618E-16	13	699	803	11	580	970	32M3I7M10D33M1D12M1D38M3I3M4I15M2D4M1D13M2I29M4D6M2D6M20I32M3I8M6I33M5I22M3D20M1I25M100I54M6D36M13D7M4I32M15I24M6D30M
23	683	0.159	1.017E-15	13	707	803	11	555	935	34M7D41M1D11M1D39M4I2M3I19M3D14M2I29M4D6M2D6M20I31M2D2M3I30M1I48M1I13M1I18M107I20M2I17M4I20M2I25M4I3M5I32M11I65M
17	683	0.151	1.017E-15	13	801	803	5	776	985	17M2I13M1I5M7D8M2I7M3I3M3D13M1D51M2I6M2I17M2D3M10D18M3I17M12D6M6I16M3D43M16D10M1D21M3D50M2I13M1D21M1D4M97I27M3D61M1I14M2D68M4I28M1D18M6D16M1D21M4D29M3D2M28D18M
43	682	0.161	1.075E-15	13	665	803	11	547	931	34M7D41M1D12M1D38M3I3M4I15M2D4M1D13M2I29M4D6M2D6M20I31M2D8M2I97M12D14M101I40M4I40M3I48M10I17M1D8M
71	681	0.152	1.137E-15	13	665	803	23	549	934	32M3I7M10D33M1D12M1D38M3I3M4I15M2D4M1D13M2I29M4D6M2D6M20I31M2D9M4I8M2I44M4I6M1I11M1I31M100I54M2D48M2I26M5D6M10I25M
107	681	0.149	1.137E-15	13	760	803	11	584	969	32M3I6M7D2M3D32M1D11M1D39M3I3M4I16M2D3M1D13M2I29M4D6M2D6M20I32M3I8M6I17M21I51M4I9M103I19M8D68M6I26M13I3M7D11M3I9M1I7M15I22M1D37M4I20M
56	680	0.154	1.202E-15	13	662	803	11	551	931	34M7D41M1D12M1D38M3I3M4I15M3D17M2I29M4D6M2D6M20I31M2D8M2I59M2D54M100I21M1I19M2I34M5D21M2I29M2D8M2I27M
85	680	0.150	1.202E-15	13	715	803	11	583	970	34M4D8M3D33M1D12M1D38M3I3M4I15M2D4M1D13M2I29M4D6M2D6M20I32M3I9M6I32M5I22M3D20M1I28M94I98M10D15M1I22M15I16M9I27M2D18M
55	679	0.144	1.271E-15	13	655	803	11	550	893	34M7D41M1D12M1D8M1I29M3I3M4I15M3D18M2I28M4D6M2D6M20I125M3D27M100I21M1I21M2I27M20D65M11I13M
102	678	0.150	1.344E-15	13	730	803	11	572	964	34M7D41M1D11M1D39M3I3M4I15M2D4M1D13M2I29M4D7M6I6M12I33M3I6M2I43M3I4M6I10M2I30M2D9M3D7M95I36M3D41M4I19M3I8M2D17M20I23M4I15M13I33M
66	676	0.155	1.503E-15	13	781	803	11	547	923	32M7D35M1D8M1D17M1D33M4I2M3I16M2D4M1D13M2I29M4D7M2D5M20I31M2D2M5I9M2I12M26I31M1I8M2I21M104I8M1I33M6I10M2I6M13I18M5I32M20I17M6I22M9I9M1I4M3I3M18I39M
35	675	0.154	1.590E-15	13	664	803	11	554	929	32M3I7M10D33M1D11M1D39M3I3M4I15M2D4M1D13M2I29M4D6M2D6M20I31M6D7M3D9M1I75M3I12M8D10M104I56M1D19M3I37M6I24M2D25M
57	675	0.151	1.590E-15	13	655	803	11	550	931	34M7D41M1D12M1D36M1I6M6I14M2D4M1D13M2I29M4D6M2D6M20I31M2D2M5I15M1I49M2D18M6D33M100I13M8D42M5D42M4D39M13I10M
58	674	0.148	1.681E-15	13	612	803	11	516	889	32M3I7M10D33M1D12M1D38M3I3M4I15M2D4M1D14M2I28M4D6M2D6M20I31M2D2M6D17M7D27M1D46M5I26M99I30M8D13M1I31M2I40M
24	674	0.159	1.681E-15	13	759	803	11	584	970	34M7D41M1D12M1D38M3I3M4I15M2D4M1D13M2I29M4D6M2D6M20I31M2D2M5I6M6I32M5I22M3D20M1I25M97I17M3I4M7I11M8I16M2I20M16I20M3I43M10I47M1I28M3I6M
21	673	0.149	1.777E-15	1	610	803	0	479	745	10M2I34M7D40M1D17M1D34M3I3M4I13M2D6M1D18M2I24M7I11M6I36M5D15M5I57M7I23M1I15M101I13M1D19M1I3M7I32M2I39M
51	673	0.139	1.777E-15	13	724	803	11	550	932	34M7D41M1D12M1D38M3I3M4I15M2D4M1D13M2I29M4D6M2D6M20I31M2D9M4I8M2I44M4I21M5I20M116I41M1I46M7I29M17I10M3I14M4I46M
109	670	0.160	2.101E-15	13	754	803	11	548	915	34M7D41M1D12M1D38M3I3M4I15M2D4M1D13M2I26M1D3M3D6M2D6M20I31M2D2M5I9M1I27M19I4M7I10M1I10M15I9M103I76M6I6M4I19M3I12M5I5M7I22M2D9M7I39M14I25M
76	670	0.148	2.101E-15	13	658	803	11	541	925	32M2I8M9D33M1D12M1D38M3I3M4I15M2D4M1D13M2I29M4D6M2D6M20I31M2D9M4I9M2I43M4I51M99I22M8D22M5D70M1D19M11I20M
52	665	0.143	2.778E-15	13	636	803	11	532	913	34M7D41M1D12M1D38M3I3M4I15M2D4M1D13M2I26M1D3M3D6M2D6M20I31M2D2M7D13M6D77M8I22M99I89M2I42M3D9M
114	663	0.136	3.106E-15	13	703	803	11	553	929	32M3I7M10D32M1D12M1D37M1I1M3I3M3I13M2D7M1D13M2I29M7I7M1I8M8I1M3D31M2D2M5I4M7I6M1I29M1D25M4I7M8I21M103I9M4I13M2I107M7I66M
101	661	0.143	3.473E-15	13	630	803	26	538	936	32M3I5M2D3M8D31M1D12M1D39M3I3M4I12M2D7M1D13M2I28M10I5M8I9M4D32M2D2M8I46M4D30M7D36M99I136M
78	660	0.148	3.672E-15	13	723	803	11	555	940	34M7D41M1D12M1D38M4I2M3I16M3D17M2I29M4D6M2D6M20I30M2D3M3I8M4I8M3I36M11I17M2I25M104I42M6I10M2I12M4I40M1D18M17I58M2I16M
96	659	0.163	3.883E-15	13	565	803	44	574	948	24M1I17M3D33M1D11M1D39M3I3M4I15M2D4M1D13M2I29M4D6M1D7M19I29M5D10M22D19M1D7M16D63M8D46M62I13M2I12M4D34M2D26M
46	656	0.149	4.590E-15	13	654	803	11	543	926	34M7D41M1D12M1D38M3I3M4I15M2D4M1D13M2I29M4D6M2D6M20I31M2D2M6D17M7D27M1D34M1I38M105I50M2I46M3I25M1D14M4I13M
8	655	0.151	4.854E-15	0	762	803	1	608	1016	12M1I32M3I10M10D29M1D8M1D41M12I1M5D11M3D20M2I28M10I5M8I8M4D31M11D55M6I30M1I6M11I12M102I19M2D20M2I31M9I22M1D33M16I43M3I21M4I17M3I25M
62	652	0.151	5.739E-15	13	617	803	11	540	931	34M7D41M1D11M1D39M3I3M4I15M2D4M1D13M2I29M4D6M2D6M20I31M2D33M1D40M1D33M7D16M99I17M2D12M4D9M18D85M
11	636	0.182	1.402E-14	13	397	803	11	345	596	30M3I4M22I16M1D11M1D43M7I12M3D19M2I28M10I5M8I6M1D4M3D31M2D12M3D15M9I56M3I29M
84	626	0.166	2.450E-14	55	783	803	13	548	929	33M1D12M1D38M3I5M4I13M2D4M1D13M2I29M4D6M2D6M20I31M2D12M6I40M10I10M2I9M2I16M1I10M105I24M4I9M8I23M13I42M20I23M7I10M1I18M1I41M2D30M1D13M
60	624	0.137	2.739E-14	6	762	803	2	608	994	27M8D4M7D5M5I8M10D33M1D11M1D39M3I3M4I12M3D20M2I28M10I17M4I34M3I7M6I21M19I27M1D35M102I22M2D31M2I22M3D22M3I5M5I26M12I21M4I36M1D41M3I13M
104	614	0.171	4.786E-14	13	730	803	11	552	938	37M26I4M1D8M1D12M1D38M3I3M4I15M2D4M1D13M2I29M4D6M2D6M20I32M3I9M6I32M5I22M2I12M5I24M100I15M2D29M1D92M9I23M7I31M2D11M1I18M
73	613	0.150	5.061E-14	27	750	803	4	549	933	18M7D43M1D11M1D39M4I2M3I17M2D3M1D13M2I29M4D6M2D6M20I31M2D13M11I14M2I11M14I27M4I23M104I22M4I25M1D17M13I81M12I13M6I61M
68	582	0.147	2.856E-13	27	631	803	18	513	901	18M2I8M9D33M1D12M1D38M3I5M4I13M2D4M1D13M2I29M4D6M2D6M20I31M2D27M1D55M1D37M104I54M3D47M1I33M
80	576	0.143	3.992E-13	46	783	803	0	544	931	10M10D32M1D12M1D38M3I5M4I13M2D4M1D13M2I29M4D6M2D6M20I31M2D2M7I44M2I28M4I43M107I23M18I13M13I42M20I23M7I10M4I33M5I62M
81	573	0.155	4.719E-13	52	773	803	25	550	885	36M1D11M1D39M3I3M4I16M2D3M1D13M2I29M4D6M2D6M20I32M3I9M6I16M21I51M4I10M101I23M1I29M1D27M6D7M16I19M7I7M3I16M1D8M13I15M10I41M1I35M
129	567	0.186	6.597E-13	15	353	803	1	310	656	4M2D16M1I11M26I4M1D11M1D59M2I14M2D17M2I3M1I25M8I4M16I4M3I28M2D4M4D9M6I8M21D8M3D45M
32	545	0.139	2.252E-12	46	712	803	0	539	929	10M10D32M1D12M1D38M3I3M4I15M2D4M1D13M2I29M4D6M2D6M20I31M2D13M11I27M5I22M3D20M1I30M94I96M10D15M1I22M15I17M7I43M
14	528	0.154	5.818E-12	13	607	803	91	545	886	32M7D42M10I4M11I9M4I6M8I22M2D6M1D13M2I29M7I11M6I37M5D6M2D18M1D20M2I49M2I16M1D10M102I21M4I16M3I22M2D45M
79	515	0.145	1.202E-11	52	754	803	5	515	889	36M1D12M1D38M4I2M3I16M2D4M1D13M2I29M4D6M2D6M20I32M3I12M2I12M26I29M8I5M3I18M104I68M1I49M4I12M20I18M1I77M2I6M
123	513	0.116	1.344E-11	55	657	803	16	516	715	33M1D12M1D38M3I3M4I15M2D4M1D13M2I29M4D6M2D9M20I29M1D22M1D19M3D36M3D14M5D30M101I65M15D68M11I17M
103	487	0.178	5.736E-11	29	392	803	1	358	886	14M3I9M10D15M3I5M4I7M2I46M4I3M3I16M3D17M2I28M10I17M4I33M2D18M7D20M6D35M1D46M
110	427	0.146	1.633E-09	85	782	803	0	494	880	3M1D12M1D38M3I3M4I15M2D4M1D13M2I29M4D6M2D6M20I31M2D2M5I5M6I33M5I22M2I12M5I22M104I24M5I11M7I39M1I21M36I18M8D8M18I51M1I46M
 