79	6202	1.00	0.000E+00	0	888	889	0	888	889	889M
78	5697	0.945	0.000E+00	1	888	889	53	939	940	504M1I383M
42	5151	0.806	0.000E+00	1	888	889	53	932	933	246M1I51M6I147M1D13M4D26M2I16M4I376M
66	4967	0.749	0.000E+00	1	888	889	53	922	923	29M1D266M14I155M2D26M2I14M5I377M
23	4965	0.776	0.000E+00	1	888	889	53	934	935	295M6I163M5D28M2I15M3I376M
54	4550	0.685	0.000E+00	0	888	889	52	918	923	242M1D60M3D27M1I34M3I39M1D24M7I25M10I43M4D219M4I20M4I31M2I94M
76	4525	0.692	0.000E+00	1	888	889	53	920	925	241M1D124M3I28M1D9M1D56M7I39M2D2M5I222M6I17M2I31M2I94M
109	4519	0.673	0.000E+00	1	887	889	53	914	915	241M1D54M1D39M1D29M3I27M1D12M1D24M1D21M6I10M8I34M3I3M4D221M9I48M6I89M
82	4518	0.674	0.000E+00	1	888	889	79	946	947	213M11D4M11I13M2D50M3I43M2D20M1D38M1D12M1D57M14I10M3I23M4D221M2I6M5I11M4I125M
48	4510	0.674	0.000E+00	1	888	889	53	898	899	213M11D4M11I13M1I54M3I37M3I18M1D37M3I10M1D24M4I17M8I6M12I30M2I4M4D221M2D7M9I4M4I41M1I87M
51	4510	0.681	0.000E+00	1	887	889	53	925	932	241M1D50M1I42M1D29M3I39M1D48M6I15M1I39M4D218M3I21M5I31M2I93M
57	4500	0.687	0.000E+00	1	888	889	53	930	931	295M2D34M1D36M3I8M1D21M3D12M1I43M6I8M2I19M3I18M2I3M5D221M4I18M4I31M2I90M5D4M
69	4499	0.671	0.000E+00	0	888	889	52	919	924	242M1D44M9I45M1I25M3I21M3D39M1D70M5I5M3I3M5D221M2D8M10I39M2I94M
43	4494	0.688	0.000E+00	0	888	889	52	926	931	244M1D48M1D74M3I28M1D9M1D47M3D26M7I25M1I241M8I32M2I94M
71	4493	0.684	0.000E+00	1	885	889	65	926	934	241M1D54M2D33M1I34M3I42M1D21M7I25M10I42M4D220M4I20M4I31M2I91M
83	4489	0.687	0.000E+00	1	888	889	78	946	947	213M5D10M5I62M4I39M2D20M1D40M1D14M1D48M2I4M2I29M2I13M2D2M5I221M7I15M4I127M
56	4474	0.669	4.349E-104	0	888	889	52	926	931	216M6D7M6I13M1D28M2I16M1D41M1D35M3I30M1D12M1D39M1I27M5I28M3I4M5D221M8I49M2I93M
77	4446	0.665	1.825E-103	1	888	889	53	917	925	241M1D56M2D68M3I16M1D29M1D45M10I35M7I4M4D228M6I9M4I32M2I93M
41	4440	0.663	2.525E-103	1	886	889	53	923	924	242M2I32M1I13M1D40M1D21M4I55M1D40M5D17M1I20M7I15M1I222M11I48M2I86M6D6M
35	4439	0.671	2.666E-103	0	888	889	52	926	929	215M5D9M5I13M1D42M1D8M1D64M1D9M4I21M2I17M1D20M3I22M6I15M1I39M4D221M5I19M2I31M2I92M2D2M
50	4434	0.674	3.493E-103	1	887	889	53	902	906	241M1D50M1D37M1I34M3I18M19I58M3I43M3D2M6I217M6I15M2I37M2I93M
46	4422	0.666	6.679E-103	1	885	889	53	917	926	241M1D50M1I42M1D29M3I18M13I111M3I223M2I6M6I9M4I31M2I64M12D27M
45	4421	0.682	7.050E-103	0	888	889	52	922	927	242M1D54M2D33M1I34M3I23M1I7M3D33M3I28M10I43M4D219M4I20M4I31M2I94M
113	4382	0.667	5.796E-102	1	884	889	53	905	915	241M1D50M5I43M1D26M3I28M1D11M1D16M5I3M1D21M2I13M1I37M7I2M4D227M7I9M4I31M6I86M
44	4362	0.656	1.707E-101	1	888	889	53	881	886	241M1D34M4I8M9I4M3I32M1D28M3I39M1D18M4I8M1I11M1I11M21I17M8I3M3I4M5D218M4I20M4I31M2I94M
52	4348	0.646	3.637E-101	1	888	889	53	903	913	215M6D8M6I21M1D42M3I33M1D35M3I26M3I15M1D13M4I8M1I12M4I32M9I5M5I5M3I3M5D219M4I20M4I31M2I94M
13	4346	0.655	4.052E-101	1	888	889	53	889	894	215M8D3M8I15M1D43M4I45M1D22M1D5M7I22M8I30M2I2M5I11M1I5M6I14M4I8M3I4M1I14M3D2M6I219M8I50M2I94M
3	4318	0.642	1.839E-100	1	888	889	53	881	882	214M6D9M6I12M1D34M15I9M1I35M1D28M3I39M1D18M4I8M1I11M1I11M21I19M12I5M6D216M6I15M2I37M2I94M
49	4313	0.641	2.409E-100	1	888	889	53	857	862	215M6D8M6I12M1D34M15I9M1I35M1D28M3I25M23I9M4I8M1I11M1I11M21I17M8I3M4I4M6D220M3I15M5I33M2I94M
130	4284	0.598	1.154E-99	0	888	889	52	982	983	228M1I17M4D45M3D50M2D11M8D22M6D19M2D37M2D15M5D16M1D30M2I22M6D220M6D154M
70	4274	0.641	1.981E-99	1	888	889	53	853	858	241M36I13M14D38M1I34M3I22M45I28M10I43M4D219M4I20M4I31M2I94M
116	4272	0.659	2.207E-99	1	887	889	53	890	893	247M1D49M7I27M3I20M1D11M4I42M2D13M4I7M2I5M8I11M2I12M13I27M5D222M1I8M6I6M4I17M1D14M6I21M1D68M
58	4241	0.656	1.178E-98	0	888	889	52	884	889	242M1D54M2D33M1I34M3I8M5D4M28I10M2I11M7I25M10I43M4D213M1D2M12I16M4I31M2I94M
47	4114	0.618	1.123E-95	0	884	889	52	810	820	216M6D7M6I21M1D42M2I68M18I18M22I9M31I10M17I10M3I7M6I2M4D226M4I13M4I12M24I87M
115	4029	0.532	1.108E-93	0	888	889	52	981	982	228M1I12M4D48M3D51M2D12M5D14M2D13M3D9M1I27M4D14M2I85M13D221M8D47M1D104M
68	3965	0.517	3.515E-92	1	888	889	46	900	901	227M1I10M1D32M2D71M1D11M6I18M4I8M2I20M3I17M13I3M6I56M4I167M1I39M1I14M9D6M2I17M2I20M1I106M
55	3960	0.597	4.605E-92	1	888	889	53	888	893	59M1I181M1D54M2D21M2I12M1D33M3I39M13I11D40M1I17M4D14M3I15M3I93M1I48M1I43M35I24M5I36M2I53M1I35M
60	3947	0.522	9.294E-92	1	888	889	64	990	994	227M1I11M4D55M1D45M2D16M2D12M12D17M2D28M4D17M1D59M1D28M13D163M1I52M2D8M1I21M2I124M
59	3924	0.526	3.219E-91	0	883	889	53	973	982	228M1I12M4D37M2D19M1D45M2D15M2D20M12D17M1D12M1D7M4D17M1D46M11D16M1D23M5D165M1I55M5I6M2I10M1I124M
28	3910	0.504	6.858E-91	0	888	889	52	969	971	228M1I21M1D26M1D65M1D17M8D30M3D22M6D89M1I17M6D200M2I4M1D12M3D27M4D36M1I90M
73	3906	0.518	8.512E-91	1	888	889	32	932	933	227M1I19M1D36M3D12M1I10M1I27M1D18M7D21M2I35M6D12M4I13M2I19M2I27M2I23M6D163M1I40M2I15M6D17M2D32M1I103M
118	3906	0.516	8.512E-91	0	888	889	52	977	978	228M1I21M1D43M1D49M1D13M7D50M7D22M1D10M3D14M1D18M2D46M5D163M1I20M2D21M1I15M4D34M6D12M1I106M
16	3899	0.530	1.242E-90	0	887	889	86	977	978	228M1I72M1I11M1I23M2D16M5D22M3D40M3D17M9I50M3I21M4D165M1I37M1I41M7D29M2I4M1I92M
112	3898	0.494	1.311E-90	1	888	889	53	969	971	227M1I21M1D41M3D22M1I23M1D34M2I21M2D24M11D20M2D48M3D13M1I17M6D200M1I19M2D32M5D30M1I89M
33	3897	0.502	1.384E-90	1	888	889	53	968	970	227M1I21M1D45M1D18M1I27M1D30M8D15M1I21M7D5M3D86M1I17M6D200M2I4M1D12M3D21M4D42M1I90M
127	3896	0.518	1.461E-90	1	888	889	96	1012	1013	227M1I19M1D38M1D10M1D17M1I28M1D10M2D4M5D21M8D21M2D14M3D34M2D69M4D165M1I39M1I15M7D24M2I32M2I93M
80	3895	0.513	1.542E-90	0	888	889	11	930	931	228M1I13M1D37M1D63M1D10M2D4M5D18M9D4M1I7M2D26M3D19M6I49M1D13M1D16M11D165M1I39M1I14M3D8M4D17M2I30M1I96M
38	3895	0.500	1.542E-90	0	888	889	52	967	969	228M1I21M1D41M3D22M1I28M1D16M6D30M1I22M7D1M3D23M1I79M5D205M1I14M3D25M4D30M1I98M
85	3892	0.503	1.813E-90	0	888	889	52	968	970	228M1I21M1D49M1D14M1I27M1D17M8D30M1I25M12D48M2I35M1I17M6D200M2I4M1D12M3D21M4D42M1I90M
6	3889	0.503	2.132E-90	1	888	889	53	968	970	227M1I21M1D26M1D37M1I27M1D28M8D19M3D21M3D4M3D86M1I15M6D202M2I4M1D12M3D21M4D42M1I90M
24	3885	0.501	2.647E-90	0	888	889	52	968	970	228M1I21M1D45M1D18M1I27M1D17M8D30M1I21M7D3M3D102M5D202M2I4M1D12M3D21M4D42M1I90M
30	3883	0.499	2.949E-90	1	888	889	53	970	972	227M1I21M1D26M3D37M1I27M1D17M8D28M1I22M4I1M14D29M1D19M2I51M6D205M1I16M7D66M1I85M
25	3882	0.497	3.112E-90	1	888	889	53	968	970	227M1I21M1D26M1D37M1I27M1D17M8D30M1I24M10D102M5D202M2I4M1D12M3D21M4D42M1I90M
29	3882	0.504	3.112E-90	0	888	889	52	968	970	228M1I21M1D26M1D37M1I27M1D17M8D30M3D23M6D88M1I17M6D200M2I4M1D12M3D21M4D42M1I90M
105	3875	0.503	4.543E-90	0	888	889	52	961	963	228M1I21M1D41M3D22M1I23M1D34M7D20M1D18M5D56M3D50M4D205M1I69M1I98M
53	3875	0.510	4.543E-90	0	888	889	52	962	964	228M1I21M1D25M3D38M1I27M1D17M8D30M1D23M5D2M3I26M1I22M1D19M2I29M5D205M1I16M7D56M1I95M
72	3872	0.503	5.342E-90	0	888	889	52	957	958	228M1I19M1D38M1D56M1D36M3I30M12D37M2D54M1D10M2D168M1I37M2I3M1D14M7D23M2I10M1I9M1I106M
84	3867	0.506	6.998E-90	0	888	889	5	928	929	228M1I19M1D35M1D59M1D10M2D4M5D19M8D9M1D2M1D26M3D17M1D6M5D58M4D19M2D168M1I39M1I14M3D28M2D9M1I19M1I96M
32	3863	0.499	8.686E-90	0	888	889	11	927	929	228M1I21M1D26M1D37M1I27M1D77M17D97M5D201M2D4M3I10M2D8M1D15M4D42M1I90M
31	3863	0.503	8.686E-90	1	888	889	53	968	970	227M1I21M1D26M1D37M1I27M1D17M8D36M5D15M1D4M3D86M1I17M6D200M2I4M1D16M3D17M4D42M1I90M
67	3860	0.485	1.021E-89	1	888	889	54	962	964	227M1I21M1D41M1D5M1D17M1I23M1D15M8D36M3I21M10D11M2I70M1D20M5D205M1I16M2D61M1I90M
5	3859	0.500	1.078E-89	1	888	889	53	968	970	227M1I21M1D26M1D37M1I27M1D17M8D30M1I23M10D87M1I17M6D200M2I4M1D12M3D21M4D42M1I90M
111	3858	0.510	1.138E-89	1	888	889	53	936	938	227M1I21M1D41M3D22M1I27M1D39M2I6M1D50M2I30M3D14M3I16M4D2M12I203M1I15M6D46M1I106M
27	3857	0.501	1.201E-89	0	888	889	52	968	970	228M1I21M1D26M1D37M1I27M1D17M8D30M1I23M10D87M1I17M6D200M2I4M1D12M3D27M4D36M1I90M
26	3850	0.502	1.753E-89	0	887	889	52	967	970	228M1I21M1D26M1D37M1I27M1D30M8D17M3D23M6D88M1I17M6D200M2I4M1D12M3D21M4D42M1I89M
61	3849	0.512	1.850E-89	0	888	889	52	931	933	228M1I21M1D41M3D22M1I24M1D20M12I8M2I13M2D13M1D11M2D82M13I3M5D205M1I16M7D61M1I90M
39	3849	0.500	1.850E-89	0	888	889	52	963	965	228M1I21M1D34M3D29M1I23M1D21M8D30M1D19M21D43M2I32M3I11M12I5M4D205M1I14M4I20M10D26M2I102M
119	3849	0.493	1.850E-89	0	888	889	52	966	968	228M1I21M1D53M1D9M1D25M1I20M8D30M1D21M5D3M3D31M1D29M3I42M6D203M1I14M4I20M10D39M1I90M
62	3846	0.503	2.176E-89	0	888	889	52	929	931	228M1I21M1D34M3D29M1I23M1D17M3D15M6I11M16D3M15I25M10I42M10I24M5D205M1I14M4I18M10D28M2I102M
86	3845	0.500	2.297E-89	0	888	889	52	968	970	228M1I21M1D45M1D18M1I27M1D17M8D28M3D23M3D4M3D86M1I17M6D200M2I4M1D12M3D21M4D42M1I90M
22	3836	0.483	3.735E-89	0	888	889	52	956	958	228M1I12M1D72M1I26M1D18M1D27M3I21M19D56M6I12M4I28M5D200M1I20M4D5M2D57M1I90M
75	3833	0.497	4.392E-89	1	888	889	53	968	970	227M1I21M1D41M3D22M1I27M1D17M8D33M1D20M5D28M1D60M1D16M4D205M1I14M3D24M4D44M1I85M
34	3829	0.500	5.451E-89	0	888	889	52	968	970	228M1I21M1D45M1D18M1I27M1D11M5D4M3D32M3D21M3D4M3D102M5D202M2I4M1D12M3D21M4D47M1I85M
106	3824	0.502	7.141E-89	0	888	889	52	968	970	228M1I21M1D45M1D18M1I27M1D30M8D17M1I22M10D88M1I15M6D200M1I19M3D21M4D42M1I90M
107	3821	0.488	8.398E-89	0	887	889	52	968	969	228M1I21M1D82M1D26M8D28M1I23M19D38M1D27M5I8M4I23M4D196M1I21M3D16M4D43M2I88M2D6M
15	3814	0.516	1.226E-88	0	887	889	88	982	983	228M1I40M1I37M2I28M2D20M5D18M3D10M2I19M1I5M8D29M9I41M5I19M6D165M1I37M1I16M3D25M4D37M1I90M
108	3811	0.486	1.441E-88	1	888	889	53	926	928	227M1I21M1D34M2D29M1I53M4I17M11D24M5I4M10I3M9I32M2I38M4D205M1I16M2D26M4D25M5I96M
64	3809	0.496	1.606E-88	0	888	889	52	966	968	228M1I21M1D41M3D22M1I24M1D20M7D28M1D21M16D24M7D19M2I25M3I17M12I6M4D205M1I14M3D14M4D49M1I90M
94	3780	0.484	7.691E-88	1	888	889	53	922	924	227M1I21M1D39M2D24M1I57M3I13M10D46M18I12M11I41M4D202M1I19M2D26M4D29M6I91M
131	3772	0.504	1.185E-87	0	888	889	52	894	896	228M1I21M1D41M3D22M1I24M1D20M12I8M2I17M11I15M1I4M33I14M9D8M1D14M12I5M4D206M1I14M3D38M7D25M1I90M
65	3673	0.496	2.490E-85	1	888	889	48	875	879	227M1I16M3D41M3D50M1D21M23I25M10D5M5I14M1D9M5D50M1D29M6D163M1I36M61I21M1D90M
102	3638	0.471	1.649E-84	0	888	889	52	962	964	224M1I17M1D42M1I10M3D13M1I28M1D15M8D23M5D65M2I10M2I60M5D206M1I16M7D21M1D40M1I90M
104	3619	0.486	4.603E-84	20	887	889	39	937	938	3M1D8M1I5M1D191M1I21M1D45M1D18M1I27M1D17M8D30M1I16M7D8M3D86M1I17M6D199M2D4M3I10M3D27M4D38M1I83M2D6M
74	3588	0.498	2.457E-83	0	877	889	46	924	926	228M1I19M1D28M1D31M1I27M1D22M1D8M12I54M10D84M5D165M2I37M2I15M4D7M3I13M1I15M1I22M1I65M2D14M
110	3532	0.481	5.059E-82	38	888	889	0	878	880	190M1I21M1D45M1D18M1I27M1D17M8D28M1D24M8D89M1I15M6D201M2D4M3I12M3D14M4D49M1I90M
117	3286	0.376	2.987E-76	0	888	889	54	994	1003	217M11D2M11I32M2I9M5D97M6D74M1D64M3I4M4D80M1D122M1D16M1D38M15D10M23D108M
128	3267	0.386	8.336E-76	0	887	889	53	875	876	214M1D9M8D1M7I20M12I4M2I4M23I35M1I22M3I21M10I19M12I44M1I9M10D12M10I6M5D2M14I70M1I7M2D138M2D150M3D5M
103	3264	0.415	9.803E-76	1	888	889	27	885	886	22M5I4M1D5M5I5M2I167M1I6M5I21M3D41M9I7M3I74M3I34M23D18M17I30M8I15M3I4M5D76M2D143M2I153M
81	3244	0.481	2.888E-75	1	803	889	21	823	885	227M1I21M1D41M3D22M1I28M1D27M6D17M1D20M4D58M2D51M5D205M1I14M4I5M16I44M
92	3231	0.375	5.828E-75	2	885	889	50	1083	1084	226M3D31M8D35M12D9M2D6M3D20M4D33M5D24M13D66M2D63M21D79M2D126M1I10M32D29M2D9M13D6M5D14M16D8M5D85M3D4M
122	3166	0.350	1.952E-73	0	888	889	51	970	1001	222M1D15M1D49M25D12M11I45M1I20M7I18M28I59M3I104M1D116M1D41M1D15M36D20M8D18M10D61M2D12M5I7M
8	3149	0.360	4.889E-73	0	888	889	54	1013	1016	218M12D8M3I4M2I18M4I16M1I64M4D17M2D15M11D26M8D16M4D10M5D13M1D13M1D47M2D105M2D140M15D25M10D39M3D75M1D10M
101	3140	0.367	7.950E-73	1	881	889	68	928	936	212M1I10M6I11M2I22M1I11M4I47M10I27M8I56M3I59M3D17M7D2M3I63M2D103M8D5M3D82M2I12M2I23M1I76M
18	2994	0.315	2.116E-69	0	887	889	48	1247	1248	226M4D30M1I35M16D33M13D77M1D20M4D26M4D19M4D26M25D23M15D63M1I14M1D123M1I26M16D9M108D6M69D9M14D10M3D11M5D11M13D88M
126	2937	0.330	4.600E-68	0	884	889	56	807	808	50M2I165M9D2M11I10M5I26M8I7M3I30M5I21M13I19M4I8M64I15M29I11M8D2M5I129M1I34M2I30M4I18M1D30M1I40M8D36M1I2M1I41M
100	2908	0.344	2.203E-67	0	888	889	51	801	806	214M1I6M10I10M24I7M11I25M25I22M1I16M14I16M12I7M23I23M2I6M3I10M4I19M2I80M1D2M1D81M2D45M2D16M19I42M2D7M1I49M1D27M5D7M
114	2882	0.353	8.975E-67	1	881	889	53	922	929	167M1D56M6I13M2I51M1I30M1I26M9I50M1D39M1I11M5D35M5D75M2D87M5I17M3D52M1I17M8I44M6D77M
91	2804	0.328	6.066E-65	1	888	889	57	785	788	52M1D162M12D7M9I6M19I14M46I66M18I11M40I23M3I6M17I78M2I10M1D5M1D81M6I34M2I17M7I23M4I5M6I28M1I33M2D17M4D30M
96	2802	0.304	6.758E-65	0	888	889	80	942	948	213M19D14M10I36M1I16M1I11M30I36M14I32M1I5M36D55M7I27M4D69M4I14M2D49M1I35M3D18M4I34M2D15M20I35M1I74M2D7M
98	2724	0.323	4.568E-63	1	887	889	61	775	776	52M1D161M8D9M70I30M10I6M11I14M11I30M10I6M39I13M2I14M8I81M2I13M1D2M1D74M1I7M6I33M2I16M5I5M8I22M6I27M1I32M2D19M4D26M3D3M
7	2721	0.336	5.372E-63	1	888	889	56	824	857	50M1D174M20I6M23I14M18I7M7I25M1I12M3I52M5I5M17I12M2I10M15I30M5I39M2D43M3D46M2I17M1D21M6I30M2I14M4I9M4I89M2D42M6D7M
124	2720	0.336	5.670E-63	1	883	889	49	712	713	210M3D2M3D7M13D8M5I14M9I14M17I7M7D12M27I13M5I14M147I40M1D24M1I18M2D85M1I30M2I23M1I5M5I16M28I53M1D6M1I33M
89	2708	0.330	1.084E-62	1	888	889	55	759	777	51M1D165M17I13M46I14M1I19M5I9M7I8M13I10M50I5M18I13M7I30M12I39M2D37M3D4M1I49M2I16M1D13M7I29M3I19M6I11M2I14M2I72M2D42M7D7M
123	2700	0.430	1.670E-62	0	697	889	8	713	715	213M4D9M7I58M2I18M12I63M1D13M3I32M13D39M7D45M4D149M1D16M2D19M
40	2680	0.330	4.920E-62	1	888	889	54	756	776	51M1D173M7D14M5I26M78I7M13I10M39I17M22I11M23I21M3I39M2D37M3D4M1I47M2I18M1D13M7I29M3I42M11I18M1D55M2D42M5D7M
88	2676	0.321	6.107E-62	2	888	889	56	751	770	218M54I16M11I21M19I18M44I9M45I33M6I14M4I39M2D37M3D4M1I49M2I12M1D17M3I6M4I23M3I19M1I14M7I11M2I76M2D38M7D7M
63	2671	0.336	8.000E-62	2	888	889	56	753	778	47M1D165M2I17M27I8M34I20M19I18M11I15M3I16M11I14M29I6M29I14M7I39M2D43M2D46M2I17M1D14M3I6M4I19M3I23M12I13M1D20M3I59M2D38M1D11M
10	2662	0.317	1.301E-61	0	888	889	73	781	784	53M1D161M8D12M3I8M19I9M6I12M20I33M7I25M1D10M21I6M51I13M34I7M4I63M2I14M3D1M1I82M6I33M2I29M8I9M5I5M6I13M2I45M2D21M2D28M
20	2653	0.328	2.115E-61	1	888	889	55	750	772	213M2I4M52I9M7D6M15I25M9I3M10I4M54I10M2I4M33I29M7I18M4I39M2D37M3D4M1I47M2I17M1D14M7I29M3I30M8I14M2I72M2D43M4D6M
97	2653	0.323	2.115E-61	0	888	889	73	783	786	53M1D161M9D10M2I11M2I26M4I8M17I8M14I7M10I10M5I19M4I7M79I11M1I16M19I5M5I63M3I13M1D2M1D81M6I34M2I32M15I26M5I47M1D17M2D29M
120	2652	0.333	2.233E-61	0	888	889	54	757	764	50M2I163M5D5M12I19M14I22M4I5M14I8M2I6M12I12M1I26M18I29M3D1M30I14M28I14M6I37M2D34M1D7M1D47M2I18M1D50M4I3M2I12M5I10M7I7M22I8M11I4M1I32M1I48M
87	2632	0.324	6.577E-61	2	888	889	56	745	770	47M1D165M2I12M7D15M1I22M26I7M33I4M64I21M30I17M24I15M7I39M2D42M2D47M2I17M1D14M7I25M3I25M3I11M5I12M8I30M2D36M2D38M1D11M
1	2621	0.313	1.192E-60	0	888	889	52	775	787	224M9I3M31I6M2I13M6I5M20I22M16I19M6I8M9I19M24I12M50I9M4I22M1D14M2D39M1D3M1D45M1I4M1I16M2D14M1I22M4I11M4I15M3I23M5I26M3I47M1D4M2D5M7D10M11D20M6D10M
0	2614	0.321	1.739E-60	0	887	889	60	753	754	53M1D164M16D8M69I13M15I7M4I5M12I3M40I26M22I8M5I8M2I11M22I14M1I65M3I13M1D2M1D77M1D5M6I33M2I16M3D21M18I32M3I30M2D21M2D26M3D3M
95	2610	0.315	2.159E-60	0	888	889	48	716	720	50M2I161M10D2M17I20M15I19M8I16M19I37M129I12M10I10D37M2D39M2D51M2I16M1D50M4I3M2I27M19I23M18I32M1I41M1D7M
2	2601	0.312	3.510E-60	2	885	889	59	780	781	52M1I54M1I114M5I11M26I29M3I16M2I29M14I8M2I9M2I9M2I8M70I3M28I53M1D40M3D49M1D11M1D6M4D65M4D8M11I7M1I12M21I20M1I2M1I32M3D11M5D12M3D19M4D4M
14	2594	0.341	5.123E-60	1	885	889	133	885	886	56M25I4M4I2M1D70M1D55M3D6M5I26M4I59M1D20M2I29M14I16M12I5M27I15M3I20M1I109M1D5M1D121M2I23M4I19M37I85M
125	2548	0.304	6.147E-59	2	885	889	76	812	813	211M4D14M2I14M11I10M6I9M4I23M17D2M10I31M9I5M61I6M11I30M7I29M6I65M13I130M2I10M1I12M2D12M12I5M6I8M7I11M2I77M
37	2529	0.299	1.716E-58	0	887	889	52	810	829	107M1I105M9D11M10I7M52I14M12I9M10I30M24D3M12I42M25I35M9I3M11I6M1D39M2D40M1D2M1D49M2I16M1D13M1I11M2I23M4I23M6I5M12I10M1I21M2I46M2D38M2D8M
36	2474	0.303	3.347E-57	0	887	889	52	810	829	107M1I105M9D11M10I7M33I30M11I26M17D11M35I32M1D8M26I32M9I3M10I46M2D40M1D2M1D49M2I16M1D12M1D11M4I23M4I32M23I9M2D59M4D4M2I35M2D8M
21	2302	0.349	3.629E-53	2	739	889	53	703	745	160M1D83M9I14M6I14M5I7M14I14M6I34M11I4M1I3M12I30M15I54M3I8M2I84M2D72M1I10M1I33M4I24M
121	2150	0.295	1.336E-49	1	758	889	43	618	619	216M12D8M6I12M58I8M23I29M13D9M72I5M5D10M56I5M8D21M1D15M2D40M2D46M1I4M1I16M2D25M5I20M4I34M1I8M
12	2098	0.313	2.216E-48	0	778	889	49	674	675	213M7D12M12I26M20I10M2I25M5I19M10I13M26I18M55I9M9I4M8I18M1D28M1I11M2D30M1D7M1I4M2I45M2I17M1D13M5I5M1I13M1D5M5I12M2I56M
11	1964	0.324	3.085E-45	22	746	889	42	581	596	192M3D7M2D19M5I11M20I18M2I11M9I9M5I3M26I13M79I24M38I26M1D15M2D36M1D5M1D49M2I16M2D23M5I22M4I18M2I11M
9	1932	0.271	1.738E-44	1	888	889	55	615	639	48M1D166M2D24M147I26M163I5M15D5M13I44M2I17M1D14M7I29M3I21M3I12M5I11M9I5M1D23M2D37M2D38M1D11M
19	1521	0.214	7.622E-35	1	887	889	63	732	735	40M1I10M1I43M1D11M5D4M8D20M1I3M3D27M2D8M3I8M3D34M9D10M18I11M10I16M22I12M76I7M54I13M17I8M3I17M6I13M2D6M2D47M1I13M1D7M2D82M4D33M1I15M1I3M5D27M12I14M1I8M35I17M1D11M1I14M1I10M
90	1107	0.162	3.931E-25	0	880	889	46	691	697	53M1I40M5D17M1I21M1I19M1D8M13I4M1I41M26D4M19I14M6I11M9I6M3I12M7I11M2I15M124I7M45I38M2D3M3I10M1D22M5D41M2D2M2D6M3I18M2D20M11I18M4I6M3I4M9I6M3I18M14I26M1I7M1I4M1I10M1D12M1D10M1D15M1D17M
129	1044	0.152	1.182E-23	20	880	889	28	650	656	4M2I11M3D15M1I38M3D7M2D13M1I18M1I24M1D6M13I4M1I44M65I3M32I12M17D18M3I6M18I3M57I5M19I19M21I17M5D32M3I7M2D6M1D8M1D6M1I8M4D6M1D33M1D2M3D9M3I16M2D16M7I11M11I22M1D5M5I20M10I23M6I18M1D17M8I9M1D13M1D19M
4	1031	0.165	2.385E-23	0	882	889	47	685	688	52M1I38M3D4M2D19M1I19M1I20M1D3M3D9M12I37M1D18M7I60M50I17M48I6M9I1M39I21M4I19M2I36M3I11M3D2M1D6M9I12M10D7M5D29M2D8M2D2M3I16M2D14M9I6M3I16M2I13M77I14M4D12M7I7M1D22M3D20M
99	735	0.250	2.097E-16	0	315	889	58	364	450	50M1I40M3D4M1D14M1I23M1I36M10I33M2D3M13D33M6I10M6I28M3I14M
17	640	0.162	3.550E-14	1	803	889	41	900	985	13M1D9M1I8M1D22M1I38M1D3M2D21M9D19M1I18M12D7M3D5M1I11M9D28M20D7M1D21M4D32M1D17M20D8M1D35M12D19M1D40M26D42M3D24M1I34M2D38M2I13M6I12M15I4M3I11M1D10M3D4M11D19M54I6M3I16M5I26M2D18M4D52M
93	479	0.145	2.125E-10	5	554	889	52	773	803	36M1I12M1I38M4D2M3D16M2I4M1I13M2D29M4I6M2I6M20D32M3D12M2D11M26D30M8D5M3D18M104D68M1D52M4D9M20D18M1D98M18I6M
 19	5796	1.00	0.000E+00	0	734	735	0	734	735	735M
124	2063	0.258	3.261E-45	11	728	735	0	712	713	29M1I16M2I42M1D12M1D43M1I11M5I4M8I20M1D3M3I27M2I55M6D48M3I10M8D41M2D12M2I6M2I20M1D39M1D9M2I73M4I5M1I16M4I27M3D8M1I37M2D24M1I8M9D11M1D14M1D6M
0	2050	0.240	6.361E-45	11	732	735	12	750	754	28M1I17M2I42M1D9M2D46M1I19M13I17M2I30M2I8M3D8M3I34M1D32M1D61M1D9M18D14M2I6M2I44M2I13M1D8M2I71M1D7M10I34M4D10M4D43M1I16M20D17M1I9M3D16M1D10M
91	2027	0.238	2.075E-44	10	732	735	7	784	788	29M1I14M5I4M3D40M1D12M2D41M1I14M2I3M11I18M1D3M3I27M2I8M3D8M3I34M1D17M3D9M34D20M15D22M2D37M2D11M2I6M2I42M2I4M1D11M1D9M2I74M6I3M4I34M9D52M2I16M20D17M1I10M5D15M1D10M
10	2013	0.238	4.261E-44	11	732	735	25	783	784	28M1I17M2I44M1D7M2D46M1I20M13I16M2I30M2I51M2I18M2D14M1D64M38D8M2D12M2I6M2I42M1I16M1D9M2I80M10I31M1D13M1D12M2I40M4D12M4D1M16D7M1I10M3D15M1D3M3D7M
97	1994	0.235	1.131E-43	9	730	735	23	780	786	30M1I18M2I41M1D9M2D46M1I11M5I4M8I20M1D3M3I27M2I8M3D8M3I51M2D15M1D38M24D32M17D14M2I6M2I42M2I15M1D9M2I80M10I33M3D5M6D7M1I38M1D12M14D14M1D8M1I8M3D17M1D8M
100	1964	0.228	5.288E-43	9	732	735	1	800	806	30M1I17M2I46M1D7M1D45M1I10M5I4M8I20M1D3M3I27M2I55M10I7M46D27M10D18M8D36M11D16M2I6M2I47M1D13M1D7M2I87M2I42M3D4M1D7M4D32M1D7M6D5M14D35M1D4M6D20M
49	1959	0.242	6.838E-43	12	730	735	5	859	862	26M1I18M2I44M1D9M1D44M1I11M5I4M8I20M1D3M3I27M2I51M5I20M43D17M29D5M28D25M2D13M3D20M24D13M2I6M2I47M1D13M1I5M2I82M4I36M14D33M1D28M6D4M14D23M1I8M1D6M6D19M
98	1951	0.235	1.032E-42	11	732	735	12	772	776	28M1I17M2I42M1D9M2D46M1I11M5I5M8I19M1D3M3I27M2I8M3D8M3I35M2I25M3D4M1D24M17D20M2D11M4D15M19D14M2I6M2I41M1I17M1D9M2I69M1I5M1I6M9I30M9D26M2I23M11I13M29D12M1I10M5D15M1D10M
70	1947	0.236	1.267E-42	12	732	735	5	855	858	28M1I16M2I44M1D9M1D44M1I14M2I3M11I18M1D3M3I27M2I55M38D13M30D9M39D63M8D16M5D13M2I6M2I47M1D13M1I6M2I79M3I2M1I35M1D6M4D23M2D44M28D16M1I8M1D6M6D13M2I6M
58	1939	0.232	1.912E-42	12	728	735	5	879	889	26M1I18M2I44M1D9M1D44M1I11M5I4M8I20M3I5M1D25M2I51M5I14M1I23M42D19M75D18M4D7M30D4M3D14M10D13M2I6M2I47M1D13M1I6M2I79M4I39M6D14M1D52M12D11M9D10M1I11M1D14M1D6M
47	1930	0.240	3.036E-42	12	724	735	5	810	820	26M1I19M2I43M1D9M1D44M1I11M5I4M8I20M3I5M1D25M2I51M5I18M74D10M10D25M4D10M5D12M3D11M1D14M11D13M2I6M2I46M1D15M1D4M4I81M4I35M1D6M4D50M6I4M14D23M1I8M1D6M6D13M
116	1929	0.225	3.196E-42	12	734	735	5	892	893	26M1I20M2I42M1D9M1D44M1I11M5I4M8I20M1D3M3I27M2I51M5I13M20D8M106D15M1D17M12D22M6D9M5D4M8D9M6D4M4D12M2I6M2I46M1D15M1D4M4I81M4I35M1D5M6D50M2I15M25D17M1I11M1D14M1D12M
95	1914	0.255	6.910E-42	11	730	735	0	713	720	29M1I16M2I44M1D10M1I42M1I14M2I4M11I17M1D3M3I28M2I51M4I7M2I7M2D9M10D17M5D43M2D13M6D13M2I8M2I15M2D34M1D10M1D8M2I43M2I16M1D18M4I33M9I6M4D7M2I34M1D7M3D5M5D15M1I7M1I11M1D14M2D8M
13	1914	0.223	6.910E-42	12	731	735	5	890	894	26M1I18M2I44M1D9M1D44M1I11M5I4M8I20M1D3M3I27M2I8M2D3M2I38M5I13M6D29M10D7M14D15M14D12M12D24M105D13M2I6M2I46M1D14M1I6M2I81M4I37M6D31M3I19M2D21M30D13M1I8M1D6M6D13M2I5M
69	1904	0.227	1.155E-41	12	730	735	5	921	924	26M1I20M2I40M1D11M1D44M1I11M5I4M8I20M1D3M3I27M2I8M3D8M3I32M5I13M99D8M27D15M6D8M12D15M1D22M34D15M8D5M4D12M2I6M2I46M1D15M1D4M4I78M3I3M1I35M1D15M1D2M6D4M2D52M25D16M1I8M1D6M6D19M
3	1903	0.230	1.216E-41	12	732	735	5	880	882	26M1I18M2I44M1D9M1D44M1I11M5I4M8I20M3I5M1D25M2I51M5I20M43D17M76D30M7D11M3D22M24D13M2I6M2I47M1D13M1I5M2I82M4I36M14D33M1D30M1D8M10D7M9D10M1I8M1D17M1D10M
126	1902	0.241	1.280E-41	9	729	735	1	807	808	4M5D27M1I17M2I43M1D10M1I42M1I11M5I4M8I20M1D3M3I28M2I51M4D9M5I46M14D27M12D15M42D15M2I6M2I46M1D14M1I7M2I42M1I38M6I27M7I9M4D30M3D29M18D3M4D7M25D9M1I11M1D14M1D7M
50	1899	0.222	1.494E-41	12	730	735	5	905	906	28M1I18M2I42M1D9M1D44M1I11M5I4M8I20M3I5M1D25M2I8M3D8M3I32M5I14M1I23M43D3M44D5M14D7M42D33M21D13M12D14M2I6M2I47M1D13M1I6M2I79M4I37M1D4M10D26M1I42M25D16M1I8M1D6M6D19M
54	1899	0.232	1.494E-41	12	732	735	5	917	923	26M1I18M2I44M1D9M1D44M1I11M5I4M8I20M1D3M3I27M2I51M5I13M6D5M2D20M34D19M79D6M3D12M23D7M30D4M3D13M10D14M2I6M2I47M1D13M1I6M2I79M4I37M1D6M4D23M2D44M28D16M1I8M1D17M1D10M
45	1896	0.222	1.743E-41	12	732	735	5	921	927	26M1I18M2I44M1D9M1D44M1I11M5I4M8I20M3I5M1D25M2I51M5I14M1I23M42D19M79D6M3D12M28D7M30D4M3D13M10D14M2I6M2I47M1D13M1I6M2I79M3I2M1I35M1D4M10D26M1I33M6D8M19D17M1I8M1D17M1D10M
71	1892	0.220	2.141E-41	15	729	735	20	933	934	23M1I18M2I44M1D9M1D44M1I11M5I4M8I20M1D3M3I27M2I8M2D3M2I38M5I11M6D32M5D12M10D27M39D6M16D8M16D6M97D11M2I6M2I46M1D14M1I6M2I79M4I37M1D6M4D23M2D44M19D6M9D10M1I11M1D7M6D8M3D6M
46	1890	0.219	2.373E-41	12	722	735	5	904	926	26M1I18M2I44M1D9M1D44M1I11M5I4M8I20M3I5M1D25M2I51M5I15M95D10M26D17M2D8M15D21M17D16M19D12M10D14M2I6M2I47M1D13M1I6M2I81M4I35M1D5M6D25M1I11M1D30M24D17M1I8M1D9M8D8M
41	1888	0.226	2.629E-41	12	730	735	5	922	924	26M1I18M2I44M1D11M1D42M1I11M5I4M8I20M1D3M3I27M2I55M5I7M6D5M87D21M19D12M37D33M16D9M2D7M27D15M2I6M2I46M1D14M1I5M2I82M4I37M6D14M1I3M3D52M24D17M1I8M1D6M6D12M1D7M
128	1882	0.227	3.579E-41	11	730	735	5	875	876	28M1I14M5I1M3D43M1D11M1D42M1I14M13I21M3I3M1D27M2I8M3D8M3I34M5D10M2I28M19D11M3D20M15D15M20D17M66D13M2I6M2I46M1D22M2I78M4I37M1I6M12D13M1D8M1D15M4D12M3D17M27D17M1I11M1D3M6D19M
120	1881	0.246	3.768E-41	9	731	735	4	754	764	30M1I17M2I44M1D9M1I44M1I10M5I4M8I20M3I2M1D29M2I50M6I15M2D13M2D20M1D17M7D16M54D5M1I10M5D15M2I6M2I15M2D31M1D14M1D7M2I43M2I16M1D13M4I51M19I4M5I24M10I10M26D8M1I11M1D23M
48	1878	0.219	4.396E-41	12	731	735	5	896	899	28M1I16M2I44M1D9M1D44M1I11M5I4M8I20M1D3M3I27M2I8M3D8M3I32M5I13M18D8M27D3M9D13M62D25M23D10M22D26M7D3M4D12M2I6M2I46M1D14M1I6M2I78M3I3M1I33M4I9M5D4M1D2M2D55M29D17M1I11M1D14M1D9M
56	1878	0.216	4.396E-41	12	732	735	5	925	931	26M1I18M2I44M1D9M1D44M1I11M5I4M8I20M1D3M3I27M2I51M5I14M1I23M40D6M15D28M41D9M17D4M74D14M12D14M2I6M2I46M1D14M1I6M2I81M4I41M5D22M5D39M6D5M19D17M1I8M1D17M1D10M
87	1873	0.225	5.685E-41	11	731	735	6	748	770	28M1I15M4I6M2D38M1D11M2D42M1I11M5I4M8I21M1D2M3I28M2D16M4I36M7I9D22M2D22M5D8M3D21M1D8M2D14M2D12M2I6M2I19M2D29M1D11M1D9M2I42M2I16M1D10M2I11M9I22M6I10M4D4M7I49M10D10M8D9M20D7M1D21M7D6M
44	1873	0.232	5.685E-41	12	732	735	5	880	886	26M1I18M2I44M1D9M1D44M1I11M5I4M8I20M3I5M1D25M2I51M12I18M40D6M10D6M76D11M18D7M4D23M2D22M10D13M2I6M2I47M1D13M1I5M2I82M4I37M15D11M1I20M1D33M1D6M19D16M1I8M1D17M1D10M
52	1873	0.219	5.685E-41	9	734	735	2	903	913	29M1I18M2I44M1D9M1D44M1I11M5I4M8I20M1D3M3I27M2I8M3D8M3I32M5I38M37D13M51D22M51D15M1D12M35D13M2I6M2I46M1D15M1D4M4I81M4I38M13D18M3I40M6D8M19D17M1I8M1D29M
40	1871	0.227	6.300E-41	9	731	735	3	756	776	30M1I14M2D2M4I41M1D13M2D42M1I11M5I5M8I19M1D3M3I28M2I7M3D8M3I32M11I1M13D14M5D37M1I18M12D20M1D4M2D12M2I6M2I19M2D38M4D3M2I6M2I42M2I16M1D13M4I4M7I24M1I10M9D10M4I37M1I15M4D2M7D8M7D1M13D7M1I10M1D18M8D6M
37	1871	0.217	6.300E-41	9	722	735	0	797	829	13M2D18M1I16M2I44M1D9M1D45M1I13M14I20M3I3M1D27M2I87M5D31M38D3M8D17M29D17M10D14M2I5M2I20M2D27M1D14M1D5M1I2M1I43M2I16M1D13M4I9M3I18M7I16M4D5M3D17M2I29M4D17M1I8M20D11M1D14M
76	1865	0.214	8.576E-41	9	723	735	2	909	925	29M1I18M2I44M1D9M1D44M1I11M5I4M8I20M1D3M3I27M2I8M3D8M3I32M5I11M6D31M10D7M4D4M38D20M4D27M130D13M2I6M2I46M1D14M1I6M2I81M4I35M1D4M10D26M1I36M6D5M19D17M1I8M1D18M
42	1863	0.212	9.504E-41	9	732	735	2	931	933	31M1I18M2I42M1D9M1D44M1I11M5I4M8I20M1D3M3I27M2I51M15I1M16D29M3D21M49D16M13D5M83D5M3D9M36D3M1D14M2I6M2I47M1D10M3I92M4I35M19D11M3D54M4D6M19D16M1I8M1D17M1D10M
35	1862	0.220	1.001E-40	12	730	735	5	926	929	28M1I16M2I44M1D12M1D41M1I11M5I4M8I20M1D3M3I27M2I8M3D8M3I39M4I12M97D8M40D5M9D15M5D9M1D19M25D7M12D19M5D13M2I6M2I46M1D14M1I6M2I81M4I35M17D15M6I17M1D34M24D17M1I8M1D6M6D19M
63	1861	0.227	1.053E-40	11	724	735	6	742	778	29M1I13M2I47M1D11M2D42M1I11M5I4M8I21M2I30M2I8M5I7M5D35M8I25M12D17M4D8M10D43M7D13M2I6M2I19M2D29M1D15M1D5M2I42M2I15M1D11M2I10M10I7M2I19M14D37M2I26M1D15M1I8M20D9M1D18M
51	1860	0.215	1.109E-40	12	734	735	5	927	932	26M1I18M2I44M1D9M1D44M1I13M13I22M1D3M3I27M2I51M5I11M6D32M5D16M40D17M8D11M129D13M10D13M2I6M2I47M1D13M1I6M2I81M4I38M10D7M1D20M1I42M25D16M1I8M1D17M1D12M
113	1859	0.218	1.167E-40	12	724	735	5	905	915	28M1I16M2I44M1D9M1D45M1I10M5I4M8I20M1D3M3I27M2I51M5I13M20D10M7D5M27D7M57D45M22D3M17D13M34D5M4D12M2I6M2I46M1D15M1D4M4I78M3I3M1I35M1D5M6D37M1D20M6D5M5D12M9D10M1I8M1D6M6D13M
111	1857	0.214	1.294E-40	9	731	735	2	936	938	31M1I16M2I44M1D11M1D42M1I11M5I4M8I20M1D3M3I27M2I51M12I8M64D5M37D37M32D14M3D5M13D3M45D17M3D5M4D12M2I6M2I47M1D5M1I15M2I78M4I41M6D46M2D20M32D9M9D10M1I8M1D20M3D6M
20	1848	0.217	2.055E-40	10	731	735	5	751	772	29M1I14M2D3M4I40M1D11M1D42M2I2M1D10M5I4M8I20M3I2M1D28M2I8M3D8M3I33M14I12M25D41M3D38M2D12M2I6M2I19M2D29M1D8M3D9M4I43M2I16M1D13M1I13M10I13M3I6M1D4M10D10M4I5M1I47M4D2M7D8M1I8M20D10M1D18M8D6M
1	1848	0.223	2.055E-40	9	723	735	2	758	787	30M1I14M5I3M3D41M1D9M1D44M1I14M2I4M11I17M1D3M3I28M2D17M4I32M12I62M1I19M18D8M15D15M2I5M2I6M1D13M2D24M1D18M1D8M2I42M2I15M2D15M5I9M7I24M3D6M3D76M8D8M28D10M12D16M
36	1848	0.216	2.055E-40	9	731	735	0	808	829	12M2D19M1I16M2I44M1D11M1D43M1I10M1D4M15I18M3I3M1D27M2I87M5D21M6D6M45D10M1D30M32D4M1D11M2I5M2I20M2D27M1D14M1D5M1I2M1I43M2I16M1D13M4I9M3I19M7I15M4D4M5I2M5D7M6I14M1I23M12D8M1I6M20D13M1D14M2D9M
2	1845	0.226	2.397E-40	12	730	735	10	780	781	28M1I17M2I43M1D53M1I16M14I18M3I3M1D27M2I8M3D8M3I33M7D2M11I12M6D22M5D17M2D21M24D5M6D13M4D14M2I6M2I16M1D45M3D7M2I40M1D11M1D6M4D19M4I50M5D27M1D18M6I4M5D15M12D8M4D12M4D3M6D14M1I4M
131	1843	0.208	2.657E-40	9	729	735	2	895	896	30M1I17M2I44M1D9M1D44M1I11M5I4M8I19M1D4M3I27M2I51M12I6M64D7M6D39M14D24M64D17M7D13M2I6M2I47M1D5M1I15M2I78M4I41M17D12M3I26M5D26M6D2M28D16M1I8M1D6M6D18M
78	1838	0.225	3.436E-40	12	732	735	5	938	940	28M1I16M2I44M1D11M1D43M1I10M5I4M8I20M1D3M3I27M2I8M3D8M3I32M12I2M3D7M18D11M10D16M22D11M76D8M25D16M46D5M3D16M5D14M2I6M2I47M1D13M1I7M2I82M4I36M10D8M1D35M4D26M30D17M1I11M1D14M1D10M
43	1837	0.220	3.617E-40	9	723	735	2	915	931	29M1I19M2I43M1D9M1D44M1I11M5I4M8I20M3I5M1D25M2I55M5I9M6D3M8D17M77D7M23D2M10D23M30D17M17D17M27D14M2I6M2I46M1D14M1I6M2I78M3I3M1I35M1D6M4D31M2D35M28D17M1I8M1D18M
77	1836	0.220	3.808E-40	12	732	735	5	916	925	26M1I18M2I44M1D9M1D44M1I11M5I4M8I20M1D3M3I27M2I8M3D8M3I33M9I19M31D5M8D8M9D19M5D29M42D14M100D14M2I6M2I46M1D14M1I5M2I84M4I36M6D17M2I16M1D34M28D17M1I8M1D17M1D10M
88	1830	0.220	5.183E-40	11	724	735	6	734	770	29M1I11M8I5M6D36M1D11M1D44M1I11M5I4M8I20M3I2M1D28M2I8M3D7M3I34M12I14M18D61M1I14M7D4M2D11M2I6M2I19M2D29M1D8M3D9M4I43M2I13M1D16M1I13M10I14M6I13M4D8M1D16M1D36M7D2M7D8M1I8M20D10M1D17M
109	1829	0.217	5.456E-40	12	723	735	5	904	915	28M1I18M2I42M1D9M1D44M1I11M5I4M8I21M1D2M3I27M2I51M12I8M3D14M79D11M13D10M4D13M33D22M58D12M5D4M4D12M2I6M2I46M1D15M1D4M4I78M3I3M1I36M1I5M6D66M25D16M1I8M1D18M
62	1829	0.214	5.456E-40	9	723	735	2	917	931	30M1I14M5I2M3D42M1D11M1D42M1I11M5I4M8I20M1D3M3I27M2I51M12I5M12D4M43D6M3D5M43D21M60D5M9D19M18D28M7D13M2I6M2I47M1D8M1I12M2I77M3I4M1I39M6D21M17D12M3I26M28D22M1I26M
55	1828	0.227	5.744E-40	12	732	735	5	887	893	28M1I16M2I44M1D9M1D8M1I35M1I11M5I4M8I20M3I5M1D25M2I8M3D8M3I32M14I5M29D12M5D13M17D12M49D13M48D12M5D12M13D14M39D11M2I5M2I47M1D14M1I6M2I8M1I44M1I27M4I7M18I30M4I49M25D14M2I12M1D14M1D10M
61	1825	0.204	6.702E-40	9	723	735	2	920	933	31M1I16M2I44M1D9M1D44M1I11M5I4M8I20M1D3M3I27M2I51M12I8M104D8M17D23M44D26M23D28M7D13M2I6M2I47M1D5M1I15M2I77M3I3M1I39M17D9M3D60M30D16M1I8M1D18M
66	1823	0.227	7.428E-40	9	732	735	2	921	923	31M1I16M2I33M1D11M1D9M1D44M1I13M13I22M1D3M3I27M2I8M3D8M3I32M12I3M3D15M11D15M3D23M22D9M19D5M79D8M1D8M16D3M15D5M21D12M2I6M2I46M1D15M1D4M4I77M5D11M3I4M2I6M4I13M17D20M1D52M27D17M1I8M1D17M1D10M
108	1823	0.203	7.428E-40	12	731	735	5	926	928	27M1I14M5I1M3D47M1D7M1D42M1I11M5I4M8I20M1D3M3I27M2I51M12I8M21D16M76D8M54D15M16D43M28D16M3I5M1I47M1D6M1I15M2I77M4I43M6D16M3D14M1D37M35D17M1I8M1D17M3D9M
27	1820	0.207	8.666E-40	9	730	735	2	964	970	30M1I17M2I44M1D11M1D42M1I11M5I4M8I20M1D3M3I27M2I51M12I6M64D7M35D28M34D7M78D17M14D24M3D5M4D12M2I6M2I46M1D6M1I15M2I78M4I41M6D23M1D34M6D7M7D8M30D13M1I8M1D25M
89	1817	0.227	1.011E-39	11	724	735	6	742	777	28M1I14M2D2M4I43M1D9M2D44M1I11M5I4M8I20M1D3M3I28M2I7M3D7M3I33M16I6M7D15M14D37M1D4M3D14M9D9M1D5M2D12M2I6M2I19M2D38M4D3M2I6M2I42M2I16M1D12M2I13M9I17M1I8M8D12M3I37M1I16M2D9M4D1M4D8M20D11M1D16M
112	1817	0.209	1.011E-39	9	730	735	2	965	971	31M1I17M2I43M1D11M1D42M1I11M5I4M8I20M1D3M3I27M2I51M12I5M12D4M43D4M46D18M21D6M4D5M9D4M69D5M8D15M9D23M8D5M4D12M2I6M2I46M1D6M1I13M2I79M3I4M1I39M22D49M2I20M30D13M1I8M1D25M
16	1815	0.217	1.121E-39	9	723	735	34	967	978	6M2D25M1I13M5I3M3D41M1D9M1D44M1I11M5I5M8I19M1D3M3I27M2I8M3D7M3I37M10I2M10D5M92D28M14D6M52D15M29D8M4D25M6D2M2D13M2I6M2I47M1D13M1I5M2I81M5I40M10D30M7D27M1D13M3D5M27D9M1I11M1D15M
23	1813	0.221	1.242E-39	12	732	735	5	933	935	28M1I17M2I43M1D9M1D44M1I11M5I4M8I20M1D3M3I27M2I52M9I13M9D22M5D21M30D11M19D5M13D4M18D16M102D3M4D13M2I6M2I46M1D15M1D4M4I84M4I37M8D41M2D26M35D17M1I8M1D17M1D10M
6	1813	0.208	1.242E-39	12	730	735	5	964	970	28M1I16M2I44M1D11M1D42M1I11M5I4M8I20M1D3M3I27M2I51M12I6M64D7M35D31M22D18M5D7M54D3M45D17M3D5M4D12M2I6M2I47M1D5M1I15M2I78M4I41M6D23M1D34M6D7M7D5M30D16M1I8M1D25M
94	1806	0.207	1.780E-39	12	732	735	5	923	924	27M1I17M2I44M1D11M1D42M1I11M5I4M8I20M1D3M3I27M2I51M12I5M63D8M36D21M23D15M20D26M38D14M8D5M4D12M2I6M2I46M1D6M1I15M2I78M4I38M13D14M1D13M2D39M9D5M19D17M1I19M4D16M
107	1805	0.195	1.874E-39	12	723	735	5	956	969	28M1I13M5I1M3D43M1D11M1D42M1I11M5I4M8I20M1D3M3I27M2I51M207D8M5I62M4D3M2D24M8D4M4D12M2I6M2I47M1D5M1I15M2I77M2I3M2I39M11D15M9D43M3D6M8D4M18D17M1I8M1D18M
26	1805	0.205	1.874E-39	12	732	735	5	968	970	27M1I14M5I2M3D42M1D11M1D42M1I11M5I4M8I20M1D3M3I27M2I51M12I6M12D4M9D14M76D8M23D7M13D9M78D17M14D24M3D5M4D12M2I6M2I46M1D6M1I15M2I76M3I4M1I39M24D64M26D21M1I8M1D17M2D10M
57	1802	0.217	2.186E-39	9	730	735	2	930	931	29M1I18M2I44M1D9M1D44M1I11M5I4M8I21M1D2M3I27M2I8M3D8M3I32M10I6M11D5M91D19M1D8M25D25M3D18M61D14M10D13M2I6M2I46M1D15M1D4M4I81M4I37M6D37M1D15M2I16M30D17M1I8M1D9M6D9M3D7M
64	1801	0.201	2.301E-39	9	731	735	2	966	968	30M1I14M5I1M3D43M1D9M1D44M1I12M5I3M8I20M1D3M3I27M2I8M5I7M5D31M12I5M12D6M6D48M37D10M18D20M153D5M4D12M2I6M2I47M1D5M1I15M2I78M3I3M1I38M11D15M1D44M4D8M9D2M25D16M1I8M1D9M3D17M
105	1799	0.204	2.550E-39	12	723	735	5	950	963	27M1I17M2I44M1D9M1D44M1I11M5I4M8I20M1D3M3I27M2I51M16I1M16D4M43D4M46D34M7D16M19D6M53D6M8D8M1D5M14D2M24D3M5D13M2I6M2I47M1D5M1I15M2I78M3I3M1I38M17D62M8D6M18D17M1I8M1D18M
83	1798	0.223	2.685E-39	14	732	735	32	945	947	24M1I18M2I44M1D9M1D44M1I11M5I4M8I21M2I30M2I8M3D8M3I32M5I13M6D3M85D13M25D20M38D22M17D4M12D23M7D3M4D12M2I6M2I48M1D12M1I6M2I81M4I35M4D61M1D11M29D17M1I8M1D17M1D10M
28	1798	0.202	2.685E-39	12	731	735	5	969	971	27M1I14M5I1M3D43M1D11M1D42M1I11M5I4M8I20M1D3M3I27M2I8M5I7M5D31M12I6M64D8M36D19M21D6M13D9M78D15M14D26M3D5M4D12M2I6M2I47M1D5M1I15M2I76M3I5M1I38M24D64M7D4M19D17M1I8M1D20M3D6M
117	1798	0.200	2.685E-39	12	730	735	7	991	1003	26M1I15M2I47M1D12M1D41M1I11M5I4M8I20M1D3M3I27M2I8M5I7M5D32M3D10M43D21M15D10M35D16M8D32M27D13M40D3M37D12M2I6M2I47M1D19M2I80M4I37M17D17M3D31M2D7M8D5M26D12M29D16M1I13M1D12M1D9M
25	1796	0.198	2.976E-39	12	731	735	5	968	970	27M1I17M2I44M1D11M1D42M1I11M5I4M8I20M1D3M3I27M2I51M12I6M64D7M35D28M34D7M78D17M14D28M7D13M2I6M2I46M1D6M1I15M2I76M3I4M1I39M24D64M7D4M19D17M1I9M1D8M3D17M
39	1795	0.189	3.132E-39	9	731	735	2	963	965	30M1I17M2I44M1D11M1D42M1I11M5I4M8I20M1D3M3I27M2I53M204D77M6D22M3D5M4D12M2I6M2I47M1D8M1I10M2I79M3I4M1I38M17D17M6D34M1I11M7D5M19D17M1I19M4D15M
15	1795	0.204	3.132E-39	9	723	735	36	972	983	6M2D25M1I16M2I44M1D11M1D42M1I12M5I3M8I20M1D3M3I27M2I8M3D7M3I37M10I16M27D28M37D19M6D9M23D10M32D3M59D5M26D14M2I6M2I47M1D13M1I5M2I84M5I37M20D9M4D54M7D4M19D17M1I11M1D15M
7	1794	0.216	3.298E-39	12	730	735	8	820	857	27M1I14M2D3M4I42M1D11M2D42M1I11M5I5M8I19M3I2M1D28M2I8M3D8M3I36M7I3M2D10M17D13M6D10M34D13M22D11M1D10M5D24M1D13M2I6M2I19M2D29M1D14M2D6M2I42M2I16M1D10M2I4M8I37M14D14M2I37M2I15M27D17M1I11M1D4M6D18M
29	1794	0.208	3.298E-39	12	723	735	5	957	970	28M1I16M2I44M1D11M1D42M1I11M5I4M8I20M1D3M3I27M2I51M12I6M82D5M17D30M34D7M78D17M14D24M3D5M4D12M2I6M2I46M1D6M1I15M2I76M3I4M1I39M6D23M1D34M6D7M7D8M30D13M1I8M1D18M
82	1792	0.224	3.655E-39	11	732	735	29	945	947	3M1D24M1I18M2I44M1D9M1D44M1I11M5I4M8I21M2I30M2I8M3D8M3I32M5I13M6D3M88D10M46D23M17D6M4D18M22D22M6D6M4D12M2I6M2I48M1D12M1I5M2I82M4I33M4I9M5D4M1D2M2D44M1D11M29D17M1I8M1D17M1D10M
30	1792	0.211	3.655E-39	9	730	735	2	966	972	30M1I17M2I44M1D11M1D42M1I11M5I4M8I20M1D3M3I27M2I51M12I8M55D14M27D4M30D17M23D8M41D13M5D19M9D7M38D5M6D11M2I6M2I46M1D6M1I13M2I80M4I42M11D45M2D15M3D7M34D17M1I8M1D25M
53	1791	0.211	3.847E-39	12	730	735	5	958	964	27M1I17M2I44M1D11M1D42M1I11M5I4M8I20M1D3M3I27M2I51M12I5M12D6M92D12M5D7M13D8M36D4M26D13M12D14M1D7M22D13M3D5M4D12M2I6M2I66M2I79M2I3M2I41M15D14M1I22M1I10M3D17M25D8M9D10M1I8M1D25M
31	1791	0.205	3.847E-39	9	723	735	2	957	970	30M1I17M2I44M1D11M1D42M1I11M5I4M8I20M1D3M3I27M2I51M12I6M12D9M87D26M34D9M31D22M61D17M3D5M4D12M2I6M2I46M1D6M1I15M2I76M3I4M1I39M11D15M13D49M26D21M1I8M1D18M
33	1781	0.204	6.433E-39	9	730	735	2	964	970	30M1I17M2I44M1D11M1D42M1I11M5I4M8I20M1D3M3I27M2I51M12I6M64D7M35D34M24D17M3D5M54D15M6D5M42D5M4D12M2I6M2I46M1D6M1I15M2I76M3I4M1I39M24D63M7D5M19D17M1I8M1D25M
5	1775	0.204	8.757E-39	9	723	735	2	957	970	30M1I17M2I44M1D11M1D42M1I11M5I4M8I20M1D3M3I27M2I51M12I6M64D7M35D28M34D7M78D17M14D24M3D5M4D12M2I6M2I47M1D5M1I15M2I76M3I4M1I39M24D64M7D4M19D17M1I8M1D18M
106	1775	0.201	8.757E-39	12	731	735	5	965	970	27M1I17M2I44M1D11M1D42M1I11M5I4M8I20M1D3M3I27M2I51M12I6M64D7M35D34M24D17M3D5M54D22M47D3M5D12M2I6M2I47M1D5M1I15M2I76M3I5M1I38M6D23M1D26M9D19M34D17M1I8M1D26M
118	1775	0.212	8.757E-39	9	723	735	2	966	978	29M1I18M2I44M1D11M1D42M1I11M5I4M8I20M1D3M3I27M2I54M9I19M30D2M36D6M21D11M33D4M10D27M52D8M6D4M42D13M4D12M2I6M2I47M1D13M1I7M2I82M5I14M2D19M24D37M3D30M7D4M10D7M9D10M1I8M1D18M
125	1774	0.208	9.219E-39	7	729	735	22	812	813	33M1I16M2I44M1D10M1D44M1I13M2I4M11I17M1D3M3I28M2I53M74D14M4D63M16D23M3I10M2I11M2I46M13I6M2I76M1I4M3I29M3I14M2D15M6D29M8I3M2D16M8D9M9D12M5D12M2I5M
119	1773	0.198	9.705E-39	9	731	735	2	966	968	31M1I16M2I44M1D11M1D42M1I11M5I4M8I20M1D3M3I27M2I51M12I6M58D14M41D27M7D11M61D10M12D4M45D17M3D5M4D12M2I6M2I47M1D8M1I12M2I76M3I5M1I38M6D19M17D14M2I29M28D21M1I19M4D15M
24	1770	0.202	1.132E-38	12	730	735	5	964	970	28M1I16M2I44M1D11M1D42M1I11M5I4M8I20M1D3M3I27M2I51M12I6M64D7M35D34M24D17M3D5M54D15M6D5M42D5M4D12M2I6M2I47M1D5M1I15M2I76M3I5M1I38M24D64M7D4M19D17M1I8M1D25M
67	1769	0.211	1.192E-38	12	723	735	6	951	964	28M1I16M2I44M1D11M1D42M1I11M5I4M8I20M1D3M3I27M2I52M9I11M18D13M60D4M11D19M15D22M2D2M56D3M58D17M3D5M4D12M2I6M2I47M1D13M1I5M2I84M4I37M17D12M1I38M2I12M1D7M30D13M1I8M1D18M
101	1768	0.211	1.255E-38	10	724	735	18	925	936	29M1I14M5I1M3D43M1D11M1D42M1I11M5I4M8I20M1D3M3I27M2I8M3D7M3I33M13I21M12D12M49D9M15D15M8D8M11D17M16D7M71D16M2I6M2I47M3D5M1I15M2I77M4D6M3D35M1I6M6D11M1D23M3D6M3D26M19D8M9D9M1I10M1D17M
72	1768	0.218	1.255E-38	12	723	735	5	946	958	26M1I18M2I44M1D11M1D42M1I11M5I4M8I19M1D4M3I27M2I51M16I2M7D11M37D14M7D2M3D11M19D10M13D11M7D3M85D9M26D12M21D5M4D12M2I6M2I47M1D13M1I7M2I80M5I38M17D7M5D56M6D5M19D17M1I11M1D15M
85	1768	0.201	1.255E-38	12	730	735	5	964	970	28M1I13M5I2M3D42M1D11M1D42M1I11M5I4M8I20M1D3M3I27M2I51M12I10M21D14M78D23M24D17M3D5M54D7M45D13M3D5M4D12M2I6M2I47M1D5M1I15M2I76M3I5M1I38M24D63M7D5M19D17M1I9M1D24M
38	1766	0.204	1.391E-38	9	723	735	2	956	969	29M1I18M2I44M1D11M1D42M1I11M5I4M8I20M1D3M3I27M2I51M12I6M64D7M37D34M5D11M6D7M14D4M53D6M45D18M7D13M2I6M2I47M1D5M1I13M2I80M4I40M23D27M1D37M7D5M19D17M1I8M1D18M
34	1762	0.198	1.708E-38	12	723	735	5	957	970	27M1I17M2I44M1D11M1D42M1I11M5I4M8I20M1D3M3I27M2I51M12I5M12D4M95D21M13D8M13D10M78D17M14D28M7D13M2I6M2I46M1D6M1I15M2I76M3I5M1I38M24D35M1I28M27D21M1I8M1D18M
115	1761	0.201	1.798E-38	9	730	735	2	980	982	30M1I18M2I43M1D11M1D42M1I11M5I4M8I20M1D3M3I27M2I51M14I5M5D9M14D16M3D29M39D4M22D8M19D3M7D6M121D11M13D13M2I6M2I48M1D12M1I5M2I80M4I40M18D4M4D50M1I12M33D19M1I19M4D14M
127	1761	0.207	1.798E-38	9	723	735	45	1001	1013	31M1I17M2I43M1D11M1D42M1I11M5I4M8I20M1D3M3I27M2I52M13I2M4D15M30D3M48D4M9D17M19D24M58D10M26D11M38D7M6D11M2I6M2I47M1D13M1I5M2I84M5I36M17D72M30D13M1I11M1D15M
86	1759	0.201	1.993E-38	9	730	735	2	964	970	31M1I13M5I1M3D43M1D11M1D42M1I11M5I4M8I20M1D3M3I27M2I51M12I5M12D9M87D27M34D7M78D17M14D24M3D5M4D12M2I6M2I47M1D5M1I15M2I76M3I4M1I39M6D23M1D26M9D19M34D17M1I8M1D25M
75	1758	0.207	2.098E-38	9	730	735	2	964	970	30M1I17M2I44M1D9M1D44M1I11M5I4M8I20M1D3M3I27M2I51M12I5M12D4M43D8M46D30M7D11M61D11M12D3M44D17M3D5M4D12M2I6M2I47M1D5M1I13M2I80M4I43M15D22M9D39M7D5M19D17M1I8M1D25M
22	1757	0.189	2.209E-38	9	730	735	2	952	958	30M1I14M5I2M3D42M1D11M1D42M1I11M5I5M8I19M1D3M3I27M2I51M197D8M5I7M8D31M2D54M7D13M2I6M2I46M1D14M1I7M2I78M4I41M17D8M6D55M7D5M19D17M1I11M1D22M
68	1756	0.210	2.325E-38	24	723	735	9	889	901	4M3D8M3I18M2I42M1D13M1D42M1I11M5I4M8I20M1D3M3I27M2I54M9I19M30D40M22D14M27D9M64D4M12D6M16D14M2I6M2I47M1D13M1I7M2I82M5I36M17D26M1D46M30D13M1I11M1D15M
130	1755	0.205	2.448E-38	12	723	735	5	971	983	28M1I16M2I44M1D11M1D42M1I11M5I4M8I20M1D3M3I27M2I54M9I9M105D9M80D16M8D25M8D24M10D7M27D4M4D12M2I6M2I47M1D13M1I6M2I81M4I35M1D4M12D12M1I5M2D6M10D21M1I22M28D17M1I8M1D18M
65	1747	0.212	3.693E-38	14	734	735	2	876	879	24M1I18M2I44M1D12M1D41M1I11M5I4M8I21M1D2M3I27M2I8M3D8M3I33M13I6M4D9M32D4M50D11M7D7M56D26M11D14M1D16M50D11M2I6M2I48M1D12M1I5M2I84M5I30M3I9M19I20M6I1M1I9M14D23M1I11M1D14M1D12M
74	1733	0.218	7.584E-38	14	706	735	1	885	926	24M1I18M2I44M1D12M1D41M1I11M5I4M8I20M1D3M3I27M2I51M12I8M3D9M37D13M49D6M68D10M20D15M4D8M2D8M5D8M10D8M16D13M2I6M2I47M1D13M1I5M2I83M6I33M5D15M6D59M3D5M8D8M1I10M
96	1729	0.211	9.315E-38	11	731	735	37	939	948	28M3I3M1I11M4I42M1D8M1D46M1I12M2I4M11I18M3I5M1D25M2I51M2I19M8D6M10D22M24D10M39D13M75D10M2D5M21D16M8D4M7D11M2I6M2I42M3I13M3D2M2I6M2I43M1I32M4I3M1I35M1D5M15D8M2D49M3D4M5D23M1I11M1D14M2D9M
21	1721	0.239	1.405E-37	11	621	735	3	698	745	28M1I15M4I6M2D38M1D12M1D41M1I11M5I4M8I19M1D4M3I28M1I53M7I7M8D5M31D6M8D18M10D5M1I20M5D12M20D24M39D11M2I5M2I49M1D11M1D8M2I69M1I7M3D3M8I46M
102	1714	0.202	2.014E-37	12	723	735	5	951	964	27M1I17M2I44M1D11M1D42M1I11M5I4M8I21M2I30M2I52M12I4M63D7M40D7M18D24M13D5M13D6M23D10M2D8M46D21M7D13M2I6M2I47M1D13M1I7M2I78M3I2M1I39M17D11M4D32M1I24M31D17M1I11M1D15M
121	1709	0.233	2.604E-37	18	651	735	1	618	619	22M1I16M2I44M1D11M1D43M1I10M5I5M8I19M1D3M3I28M2I7M3D8M3I64M4I41M13D14M3D17M8D10M2I5M2I6M1D11M2D26M1D19M1D7M2I42M2I16M2D14M5I7M5I8M6I22M6D17M6I13M
92	1700	0.183	4.136E-37	11	730	735	0	1083	1084	29M1I11M8I5M6D38M1D12M1D41M1I11M5I4M8I20M1D3M3I27M2I8M3D8M3I34M10I7M24D14M94D15M25D4M40D10M13D7M17D10M5D28M62D11M2I6M2I47M1D12M2I2M3D5M2I83M4I31M18D4M27D11M6D19M6D25M9D14M42D9M9D8M1I11M1D4M6D12M2I4M
114	1689	0.201	7.280E-37	10	724	735	3	919	929	30M1I16M2I44M1D11M1D42M1I13M13I22M1D3M3I25M1I11M3D7M3I34M14I9D7M85D6M62D12M8D26M26D26M7D11M5D15M2I6M2I46M3D14M1I6M2I59M5I10M1I38M1I13M14D49M1D17M28D16M1I11M1D16M
122	1683	0.196	9.910E-37	14	730	735	6	970	1001	26M1I16M2I44M1D12M1D42M1I10M5I6M8I18M1D3M3I28M2I50M80D20M20D6M23D9M5D20M2D13M12D22M5D12M27D16M2I6M2I47M1D21M2I77M4I38M21D29M1D15M49D30M3D6M8D10M18D11M2D22M
59	1670	0.205	1.933E-36	9	723	735	2	967	982	6M1D23M1I19M2I43M1D12M1D41M1I11M5I4M8I21M1D2M3I27M2I51M15I1M15D5M49D16M10D7M66D5M5D22M35D25M65D9M13D13M2I6M2I47M1D13M1I5M2I84M5I32M1D5M11D26M2I29M1D6M26D24M1I5M1D18M
8	1647	0.199	6.305E-36	10	731	735	5	1011	1016	30M1I13M2I47M1D9M1D44M1I11M5I4M8I20M1D3M3I27M2I53M3D18M8D18M47D10M80D18M6D10M22D20M60D9M11D13M2I6M2I52M1D9M1D7M2I83M4I36M11D33M25D11M2D3M5D25M30D13M1I12M1D9M2D13M
18	1630	0.199	1.511E-35	11	711	735	0	984	1248	29M1I16M2I44M1D11M1D42M1I14M13I21M1D3M3I27M2I51M13I5M18D14M58D14M10D19M9D7M23D16M36D13M13D5M128D12M2I9M2I65M2I78M4I40M12D10M8D21M15D15M1D32M5I18M
73	1608	0.202	4.680E-35	30	723	735	2	921	933	8M1I18M2I44M1D9M1D44M1I11M5I4M8I20M1D3M3I27M2I54M11I3M11D17M69D10M45D22M31D16M14D7M35D16M12D13M2I6M2I47M1D13M1I7M2I82M5I34M17D17M3D12M4D37M7D4M19D17M1I8M1D18M
14	1597	0.202	8.238E-35	11	730	735	84	885	886	28M1I13M7I5M5D38M1D11M26I8M2I16M5I6M8I20M1D3M3I28M1I52M4I11M3D5M8D13M14D11M30D10M7D9M50D27M13D8M10D7M2D12M2I5M2I48M1D13M1D7M2I83M4I31M1I26M8I25M3I6M14D22M1I11M1D14M1D8M
12	1573	0.221	2.829E-34	11	667	735	1	674	675	29M1I13M5I2M3D40M1D10M1D45M1I15M13I20M3I3M1D27M2I51M7I11M1D35M23D24M16D11M18D15M3D4M4D6M2I11M2I8M1I6M2D30M2D10M4I8M2I43M2I16M1D13M9I5M1I15M4I15M4D20M3I19M1I14M
60	1573	0.183	2.829E-34	11	723	735	0	979	994	10M2D17M7D7M5D12M2I44M1D12M1D41M1I11M5I4M8I21M1D2M3I27M2I51M15I1M15D5M9D13M13D29M55D8M31D9M13D5M87D4M13D13M6D3M11D13M2I6M2I47M1D13M1I7M2I82M5I33M1I9M2D19M1D42M42D17M1I8M1D18M
79	1564	0.213	4.492E-34	63	732	735	1	887	889	40M1D11M1D42M1I11M5I4M8I20M1D3M3I27M2I8M3D8M3I36M9I8M18D11M10D16M22D12M76D7M54D13M17D8M3D18M6D12M2I6M2I47M1D13M1I7M2I82M4I33M1D9M10D39M2I14M1D8M35D17M1I11M1D14M1D10M
80	1548	0.200	1.022E-33	61	723	735	10	919	931	42M1D11M1D42M1I11M5I4M8I20M1D3M3I27M2I52M105D8M7I13M11D12M5D23M13D14M46D11M14D12M35D5M4D12M2I6M2I68M2I82M5I36M17D6M5D58M7D4M19D17M1I11M1D15M
104	1516	0.186	5.296E-33	12	723	735	5	925	938	27M1I11M34I18M1D11M1D43M1I10M5I5M8I19M1D3M3I27M2I51M12I6M64D8M35D33M24D17M3D5M54D15M6D5M42D5M4D12M2I6M2I66M2I80M4I39M13D69M9D2M28D16M1I8M1D18M
84	1504	0.197	9.814E-33	60	723	735	3	917	929	43M1D11M1D42M1I11M5I4M8I20M1D3M3I27M2I51M12I8M3D9M15D16M12D26M24D17M52D6M32D7M101D5M4D12M2I6M2I47M1D13M1I7M2I82M5I36M22D59M1I4M26D21M1I11M1D15M
32	1481	0.174	3.201E-32	61	730	735	10	923	929	40M1D13M1D42M1I11M5I4M8I20M1D3M3I27M2I52M104D8M98D75M11D21M7D13M2I6M2I47M1D5M1I13M2I79M4I38M3D6M8D13M13D48M7D5M19D17M1I9M1D24M
81	1474	0.209	4.587E-32	47	674	735	7	821	885	10M2I44M1D11M1D42M1I11M5I4M8I20M1D3M3I27M2I51M12I8M55D14M27D10M38D7M13D18M33D12M12D6M45D18M7D13M2I6M2I46M1D6M1I13M2I79M4I53M2I32M1I17M
103	1444	0.198	2.144E-31	33	730	735	0	884	886	5M1I18M2I26M3D2M10I5M2I52M1I11M5I4M8I20M1D3M3I27M2I10M4D5M4I33M14I14M18D35M27D16M15D8M18D9M58D5M5D5M52D11M2I6M2I46M1D15M1D5M2I85M4I35M10D13M1D22M2D8M2D22M10D4M18D17M1I10M1D11M3D12M
90	1435	0.186	3.405E-31	9	724	735	1	688	697	5M1D5M1D2M1I18M2I15M7I39M1D50M3D4M1D12M5I5M9I18M3I34M7I2M8I33M17D25M1D30M6I38M1D10M7I10M2I14M1I4M2I9M3D15M1D15M3D5M1I33M4D7M3I19M2D14M4I10M15I72M5I16M1D4M19D20M1D16M
11	1398	0.231	2.281E-30	12	639	735	5	580	596	28M1I8M34I20M1D9M1D42M1I15M2I5M11I17M3I2M1D29M2I51M13I4M19D57M1D32M11D16M4I6M1D10M2D26M1D19M1D8M2I42M2I16M2D14M3I2M2I21M11I17M4D4M6I11M
123	1366	0.209	1.181E-29	60	588	735	6	713	715	43M1D8M1D45M1I13M13I22M1D3M3I27M2I52M6D6M185D9M1I12M4I46M5D24M11D15M2I6M2I47M1D10M3I3M2D5M2I59M1D25M2I14M
9	1272	0.198	1.482E-27	12	728	735	7	609	639	27M1I14M2I47M1D11M2D42M1I11M5I4M8I21M2I30M2I8M3D8M3I36M16I11M23I20M7I20M11D5M63I9M7I3M10I42M2I16M1D13M4I10M7I22M7I7M5D52M5D10M7D8M1I8M20D7M1D18M1D6M
110	1256	0.170	3.372E-27	104	725	735	5	868	880	10M1D43M1I10M5I5M8I19M1D3M3I27M2I51M12I6M82D25M38D7M13D10M78D17M14D28M7D13M2I6M2I47M1D5M1I13M2I79M4I38M3D6M3D21M1D34M4D11M30D7M9D10M1I28M
4	1227	0.178	1.497E-26	17	724	735	9	685	688	22M1I11M2I8M4I38M1D49M4D17M15I3M1D18M3I33M11I8M1D30M12I7M3D30M3D17M7D52M36D11M2I17M3I13M4D7M3I14M4D10M1D2M2D31M4D8M3I16M1D2M1D9M4I10M9I5M7I14M6I8M3D3M2D8M43I9M12D11M1I9M4D8M4D11M
129	1142	0.185	1.182E-24	19	722	735	0	646	656	5M2D16M2I9M2I6M27I1M4I2M1I9M1D50M3D5M1D11M5I4M9I19M3I26M14I10M1I33M24D27M3I22M13I11M2I3M1I23M2I6M1I12M2I12M2I5M1I7M3D21M3D6M1I12M1D30M4D11M3I16M2D15M4I8M19I8M1D9M4D3M3D10M3I17M6I35M1D4M19D20M2D14M
99	1081	0.235	2.719E-23	11	483	735	16	445	450	8M1D2M1I18M2I15M7I39M1D54M3D17M14I17M3I40M12I34M2D45M2I39M5I25M2I8M3I5M1I11M1I13M4D7M1D16M2I5M
17	754	0.171	5.421E-16	16	678	735	3	536	985	22M3I13M6I16M1D9M1I6M1D12M1D49M2D33M4I15M3I24M11D9M4D19M6D25M2I17M2D33M2I20M1D39M9I8M19I2M12I39M24I8M35I16M6I3M31I15M1I53M
93	719	0.147	3.276E-15	18	678	735	13	568	803	22M1I10M1I5M8I88M3D4M3D12M15I3M1I17M3I6M3D22M5D10M1D5M3I5M9D25M5I6M9I28M10I51M16I6M19I4M8I9M3I22M7I15M10D9M45I2M10I43M21D39M4D29M
 100	6282	1.00	0.000E+00	0	805	806	0	805	806	806M
128	3410	0.378	3.326E-80	3	789	806	5	866	876	265M13D35M11D33M5D87M1D9M31D77M1I83M2I9M4D1M4I36M2I14M2D31M11D8M7D55M1D2M2I31M
70	3380	0.379	1.717E-79	0	790	806	1	847	858	266M11D26M17D20M11D20M2I60M11D41M7D77M1I2M1I85M3D4M5I34M2I13M3D19M5D84M1I28M
117	3372	0.350	2.661E-79	0	805	806	0	1000	1003	2M3D265M11D12M4D12M47D24M1D38M6D5M33D34M1D19M28D21M11D1M1D79M1I80M2I50M1I12M8D24M5D24M2D4M41D3M1D49M1I28M3I12M
91	3369	0.413	3.135E-79	0	804	806	5	787	788	104M1D161M14D11M1D70M6I9M11I43M6I75M2I99M5I3M3I31M2I5M2I34M2D32M2I35M2D11M1I6M4D22M6I8M
35	3350	0.362	8.869E-79	1	798	806	2	928	929	263M11D61M5D21M44D19M9D20M17D12M15D19M10D15M2D4M12D77M1I2M1I85M6D3M8I32M2I35M9D81M1I28M2D8M
124	3348	0.420	9.895E-79	3	787	806	0	708	713	259M3D3M2D8M12D8M27I6M5I3M17I19M17I6M8D17M1I6M2I10M8I44M1D27M1I99M2I5M3D2M4I26M2I10M2I12M6I12M7I24M3I38M1D5M2I30M
41	3343	0.361	1.301E-78	3	797	806	4	922	924	263M11D83M1D17M34D12M1D9M32D31M14D17M31D77M3I1M1D81M2I4M5D2M5I31M2I35M5D78M1I34M2D7M
98	3340	0.413	1.533E-78	0	804	806	9	775	776	105M1D159M4D7M3D24M2I3M1I15M18I54M11I27M1I6M5D63M2I94M3I7M6I31M3I3M1I67M2I35M2D6M1I14M4D20M6I8M
49	3325	0.366	3.484E-78	3	805	806	4	861	862	261M11D20M17D17M10D57M1D74M19D1M1D79M1I2M1I81M2I4M5D2M5I31M2I17M4D18M4D78M1I34M4I4M1I6M
50	3325	0.369	3.484E-78	3	790	806	4	897	906	263M11D56M4D22M2D32M4D4M11D18M4D4M17D15M7D13M29D5M16D77M1I2M1I85M3D4M5I34M2I14M3D18M5D84M1I28M
67	3323	0.339	3.886E-78	0	799	806	2	963	964	271M10D10M25D13M38D36M2D14M29D22M11D12M19D40M8D14M10D1M1D76M1I5M1I81M2I40M3I16M14D9M3D3M1D43M1D49M1I24M2I11M
109	3322	0.356	4.105E-78	3	790	806	4	909	915	268M11D63M4D13M2D5M1I27M18D18M52D6M23D30M13D78M1I2M1I81M2I4M5D2M5I31M2I16M3D19M4D25M4I55M1I28M
71	3320	0.358	4.580E-78	3	790	806	16	923	934	263M11D52M1D4M4D21M16D10M22D5M1D5M46D31M11D41M7D77M1I2M1I85M3D4M5I34M2I14M3D18M5D84M1I28M
54	3317	0.355	5.397E-78	3	805	806	4	921	923	263M8D5M3D10M32D4M33D18M1D9M22D42M6D24M5D16M3D41M7D77M1I2M1I85M5D1M7I35M2I14M3D18M5D84M1I28M6I9M
3	3315	0.360	6.021E-78	0	799	806	1	880	882	264M11D20M17D17M10D33M8D76M16D4M1D14M13D7M7D77M1I2M1I85M6D3M8I29M2I15M2I21M10D81M1I28M4I5M
48	3313	0.363	6.718E-78	3	790	806	4	892	899	261M11D21M15D25M12D8M5D37M3D37M1I15M1I19M46D7M12D77M1I2M1I81M2I4M5D2M5I31M2I18M1D17M4D35M1D43M1I34M
69	3312	0.351	7.095E-78	3	800	806	4	923	924	262M11D59M11D20M26D13M14D11M3D25M10D22M2D16M13D3M31D78M1I2M1I81M2I4M5D2M5I34M2I15M8D43M1I8M1D49M1I38M
76	3312	0.356	7.095E-78	0	795	806	1	919	925	266M11D57M3D20M16D28M40D14M8D3M5D26M2D9M9D9M27D1M1D79M3I1M1D81M2I4M5D2M5I34M2I26M8D84M1I39M
56	3309	0.358	8.361E-78	0	799	806	0	929	931	4M1D260M11D23M1I69M4D9M7D13M47D5M15D18M19D10M10D23M16D77M1I2M1I85M3D4M5I34M2I12M3D20M5D78M1I43M
62	3309	0.347	8.361E-78	0	801	806	0	930	931	3M1D266M10D15M17D31M5D12M25D20M15D8M1D4M23D60M11D15M11D75M1I5M1I85M3D3M5I30M3I30M21D9M1D22M2I7M2D44M1I25M4I16M
51	3308	0.361	8.832E-78	1	790	806	2	920	932	265M11D61M2D17M2D8M1I27M18D18M41D17M11D17M43D1M1D79M1I2M1I85M3D6M5I29M2I18M4D17M4D78M1I34M
52	3304	0.353	1.099E-77	0	805	806	0	912	913	3M1D261M11D20M1I72M2D23M18D32M16D17M47D5M12D78M1I2M1I85M3D6M5I29M2I15M1I25M9D72M1I49M
97	3301	0.406	1.295E-77	0	802	806	22	785	786	105M1D167M8D22M3I20M5I22M4I60M17I70M3I99M7I4M1I30M3I3M1I37M1D30M3I34M1D12M1I4M2D23M4I9M
1	3301	0.382	1.295E-77	0	805	806	1	778	787	267M2D15M5I27M23I15M16I59M2I6M1I22M1D13M2D92M2I18M2D14M5I12M2I21M3I4M3I13M7D22M2D32M2I35M3D11M6D7M11D37M
131	3292	0.366	2.120E-77	0	790	806	0	888	896	3M1D267M10D11M2I24M4D15M4D45M12D5M8D35M10D14M18D11M14D77M1I5M1I85M3D3M5I30M3I18M22D18M3D34M2D50M1I28M
46	3292	0.363	2.120E-77	3	790	806	4	914	926	263M11D58M2D20M2D8M1I25M51D9M3D27M2D18M43D1M1D79M1I2M1I85M5D1M7I32M2I35M4D78M1I10M12D24M
87	3291	0.377	2.239E-77	3	805	806	6	756	770	97M1D176M7D6M8I7M21I10M15I16M7I9M4I93M2D91M2I18M1D11M4I5M5I29M3I6M2I12M1I30M3I18M9D2M1I36M2D11M1I22M1I7M4D13M
13	3291	0.361	2.239E-77	3	799	806	4	892	894	261M11D55M39D25M5D20M3D24M9D9M5D22M15D14M4D79M1I2M1I85M3D4M5I31M2I20M1D11M7D82M1I43M
42	3289	0.356	2.498E-77	0	789	806	1	925	933	271M11D10M23D7M31D31M12D25M30D26M1D5M6D26M3D33M7D78M1I2M1I81M2I42M2I20M19D41M1I57M1I27M
111	3289	0.337	2.498E-77	1	801	806	2	937	938	269M10D25M17D9M15D7M5D4M10D38M1D19M21D47M34D13M11D77M1I5M1I85M3D3M5I30M3I16M21D54M2D44M1I34M4I7M
44	3285	0.363	3.109E-77	3	804	806	4	885	886	263M11D18M1I61M2D33M5D39M19D17M47D77M1I2M1I86M3D3M5I34M2I13M2I20M10D75M1I34M4I10M
47	3283	0.375	3.469E-77	0	793	806	1	811	820	266M11D21M1I22M1D7M1D34M9D45M6D5M6D4M4D19M1D88M1I2M1I85M5D1M7I35M2I12M2I34M11I8M1I48M1I31M
77	3283	0.355	3.469E-77	3	803	806	4	924	925	268M11D16M20D12M44D14M7D23M1D28M4D17M2I31M3D16M26D5M7D77M1I2M1I87M4I2M2D30M2I19M2D18M4D84M1I41M
30	3283	0.325	3.469E-77	0	801	806	0	971	972	3M1D267M10D14M17D31M5D11M4D9M10D49M22D4M35D17M20D11M11D7M10D11M13D75M1I5M1I85M3D3M5I30M3I16M22D54M2D44M1I23M4I18M
0	3281	0.417	3.870E-77	0	804	806	9	753	754	105M1D161M17D10M2I15M11I13M5I26M24I18M5I10M14I78M3I94M1I7M6I31M3I3M1I12M6D15M2I35M4I37M2D11M1I7M2D21M6I8M
108	3279	0.353	4.318E-77	0	799	806	1	926	928	271M10D10M2I20M35D8M3D4M2D7M7D24M14D9M1D11M11D12M2D5M14D14M4D20M8D11M7D6M2D71M1I9M1I81M2I40M3I16M8D54M11D44M1I26M3I14M
63	3277	0.381	4.817E-77	3	805	806	6	774	778	97M1D166M1I30M21I10M15I16M1D39M4I70M2D91M2I17M1D12M4I5M5I29M5I18M3D53M1D38M2D11M1I22M1I7M14D13M
66	3276	0.349	5.088E-77	0	800	806	1	922	923	77M1D194M11D18M47D17M5D13M7D25M4D27M4D18M2D8M19D20M13D16M1D79M1I2M1I81M2I42M2I20M19D41M1I57M1I17M4I17M
22	3274	0.328	5.677E-77	0	801	806	0	957	958	2M1D262M1I5M11D14M17D51M2D4M10D19M8D17M22D14M22D16M20D14M22D13M11D77M1I5M1I77M2I44M3I16M21D54M2D44M1I23M4I18M
43	3271	0.351	6.690E-77	0	799	806	0	930	931	3M1D262M11D28M20D5M65D11M1D3M1D4M13D27M4D6M7D43M1I42M7D77M1I2M1I81M2I4M5D2M5I34M2I12M3D20M5D84M1I28M1D9M
7	3270	0.378	7.066E-77	0	805	806	0	827	857	3M4D99M1D172M1D23M1D31M2D23M7D20M4D50M1D51M2D42M1D49M2I18M1D13M10I7M2D15M4I26M3D17M3D38M4D38M2D11M1I43M
10	3266	0.404	8.795E-77	3	804	806	25	783	784	102M1D159M16D12M2I15M11I13M5I18M1I48M6I15M15I71M2I99M4I4M4I30M2I6M2I51M3I48M2D11M1I4M2D24M6I8M
94	3266	0.337	8.795E-77	3	800	806	4	923	924	264M3D47M3D16M9D48M11D18M38D11M20D12M20D15M11D71M1I9M1I87M3D1M5I30M1I6M2I9M13D4M8D20M1D18M6I7M2D50M1I20M3I15M
45	3264	0.354	9.812E-77	3	789	806	4	915	927	263M11D52M1D4M4D29M46D8M47D19M5D16M3D41M7D77M1I2M1I85M3D4M5I34M2I27M8D89M1I27M
23	3264	0.356	9.812E-77	3	789	806	4	927	935	268M11D10M24D7M11D10M20D18M40D7M2D47M1D5M6D45M8D16M3D76M1I2M1I81M2I40M2I18M1D23M15D31M2D49M1I27M
38	3262	0.334	1.095E-76	0	801	806	0	968	969	3M1D267M10D11M2I26M1D14M7D28M16D17M33D13M1D7M35D17M20D13M22D16M11D75M1I5M1I89M1I10M1I22M3I16M14D3M8D20M1D32M1D43M1I23M4I18M
16	3261	0.341	1.156E-76	4	795	806	39	977	978	267M10D10M21D4M11D27M2D8M15D18M8D8M4D5M1D5M53D32M4D47M5D79M2I88M3I32M3I16M9D24M14D20M3I7M2D50M1I33M
115	3261	0.331	1.156E-76	0	790	806	1	975	982	265M10D24M90D10M2D46M29D4M8D42M3I8M5D22M9D6M1D6M13D78M2I85M3D3M5I37M2I12M23D25M1D28M3D50M1I27M
113	3256	0.352	1.520E-76	3	799	806	4	914	915	263M11D15M25D7M55D35M3D34M8D27M2D10M3D29M5D11M6D78M1I2M1I81M2I4M5D2M5I34M2I16M5D41M2I6M2I43M1I34M2D9M
120	3250	0.402	2.111E-76	1	805	806	4	763	764	101M2I162M4D15M5I46M1I19M2I37M5I10M9D26M1I39M2D91M2I18M1D22M1I6M1I23M3I4M5I16M4I6M15I14M1D2M10I31M1I15M1I27M3I13M
37	3247	0.378	2.488E-76	1	805	806	0	815	829	13M2D144M1I107M10D14M3I32M5I20M29D16M1I31M4I23M1I56M2D91M2I18M1D11M4I13M1I21M3I10M3I12M2D16M2I8M4I22M1D32M1D6M1D5M1I24M3I22M
57	3244	0.354	2.932E-76	0	793	806	0	922	931	4M1D267M11D21M4D65M1D21M37D9M33D32M2D10M29D5M10D78M1I2M1I81M2I4M5D2M5I34M2I13M3D22M5D81M1I31M
105	3242	0.343	3.271E-76	0	795	806	0	960	963	3M1D267M10D14M17D20M15D7M5D4M2D5M6D19M9D21M16D12M1D8M5D5M17D12M19D18M11D4M11D13M11D77M1I5M1I85M3D3M5I30M3I21M15D24M3D17M2I7M1D49M1I33M
61	3240	0.339	3.649E-76	0	790	806	0	925	933	3M1D267M10D14M17D31M5D23M6D18M7D26M54D35M8D17M11D75M1I5M1I85M3D3M5I30M3I18M22D52M2D44M1I34M
112	3237	0.330	4.300E-76	1	801	806	2	970	971	268M10D15M17D20M22D18M6D17M2D13M49D3M1D9M20D48M10D5M8D15M1I1M12D75M1I5M1I85M3D3M5I30M1I6M2I10M8D5M2D32M12D17M2D50M1I17M4I18M
119	3234	0.335	5.067E-76	1	800	806	2	967	968	269M10D24M1I28M7D59M4D8M39D6M42D9M20D13M22D16M11D75M1I5M1I81M2I40M3I16M9D6M16D18M1I21M2I7M1D43M1I26M3I15M
27	3234	0.332	5.067E-76	0	801	806	0	969	970	3M1D267M10D24M17D23M3D12M14D21M1D8M34D14M1D10M18D5M3D18M21D13M22D16M11D75M1I5M1I85M3D3M5I30M3I16M9D14M4D4M9D36M2D50M1I19M4I16M
53	3233	0.338	5.352E-76	0	801	806	0	963	964	2M1D269M10D10M2I24M4D33M4D12M16D16M14D16M22D5M35D16M20D13M15D16M11D75M1I5M1I81M2I40M3I16M8D3M14D51M2D44M1I23M4I18M
15	3230	0.336	6.307E-76	0	795	806	38	982	983	3M1I261M10D16M21D4M11D35M7D25M3D7M6D5M6D26M27D35M24D14M20D82M2I81M2I13M1I26M3I16M6D13M3D11M14D15M1I14M2D50M1I33M
78	3229	0.354	6.662E-76	3	801	806	4	939	940	263M11D15M24D7M11D10M26D14M1I22M12D13M2D5M1D13M6D24M13D4M18D7M3D28M5D83M1I2M1I81M2I45M2I15M16D52M2D49M1I27M5I7M
58	3228	0.361	7.036E-76	3	805	806	4	887	889	263M11D52M1D4M6D30M1I30M40D31M29D21M7D77M1I2M1I85M6D3M8I32M2I7M1D109M1I28M6I9M
6	3227	0.342	7.432E-76	0	796	806	0	964	970	2M1D268M10D11M2I24M4D22M2D38M1D11M5D11M81D16M21D13M22D16M11D75M1I5M1I85M3D3M5I30M3I23M1I33M18D14M7D49M1I17M4I13M
39	3224	0.338	8.758E-76	1	801	806	2	964	965	269M10D24M1I28M7D44M1D11M5D12M81D15M16D13M22D16M11D75M1I5M1I85M3D3M5I30M3I16M9D6M16D18M1I5M1I15M2I7M1D43M1I23M4I18M
59	3223	0.314	9.251E-76	0	795	806	1	977	982	5M1D261M4D4M6D24M13D5M8D16M63D29M4D14M11D4M11D70M58D80M1I2M1I90M3I32M2I15M8D7M3D32M1I58M1I39M
85	3222	0.333	9.771E-76	0	801	806	0	969	970	2M1D268M10D11M2I29M1I25M7D13M16D17M10D19M8D29M3D3M54D15M50D75M1I5M1I81M2I40M3I16M8D3M14D21M3D22M2I7M1D43M1I25M4I16M
82	3220	0.352	1.090E-75	4	789	806	30	939	947	2M1D258M11D46M1D13M40D41M20D24M15D31M11D9M14D7M11D77M1I2M1I81M2I4M5D2M5I32M2I14M4D22M2D13M1D63M1I33M
106	3220	0.341	1.090E-75	0	801	806	0	969	970	2M1D267M10D12M25D6M2D12M35D53M7D20M1D11M18D4M3D18M21D12M22D15M10D2M1D75M1I5M1I81M2I40M3I16M8D3M14D21M3D22M2I7M1D43M1I23M4I18M
28	3220	0.329	1.090E-75	0	801	806	0	970	971	2M1D268M10D14M17D33M3D8M5D10M10D49M57D21M21D12M22D17M11D75M1I5M1I81M2I40M3I16M8D3M14D51M2D44M1I23M4I18M
116	3211	0.357	1.784E-75	3	790	806	4	885	893	263M11D74M17D13M15D5M1D12M8D20M13D14M9D18M17D12M7D78M1I2M1I86M3D3M5I34M2I12M5D30M1D21M4I17M1D26M1I34M
107	3211	0.338	1.784E-75	3	799	806	4	968	969	266M10D12M2I29M1I16M21D6M10D9M2D10M4D30M22D5M35D16M25D4M2D10M16D13M11D77M1I5M1I81M2I5M4I1M4D30M3I16M22D55M1D49M1I24M2I11M
31	3211	0.337	1.784E-75	0	801	806	1	969	970	270M10D14M17D20M15D5M1D8M19D9M10D17M2D21M5D8M1D9M18D6M3D18M21D13M22D16M11D75M1I5M1I81M2I40M3I21M22D49M2D44M1I25M4I16M
72	3209	0.321	1.990E-75	0	799	806	0	957	958	3M1D266M10D13M4D11M7D22M10D23M15D69M20D19M34D10M48D78M2I89M3I31M3I16M8D3M12D52M1D49M1I20M3I14M
64	3203	0.330	2.764E-75	0	801	806	0	967	968	3M1D268M10D10M2I24M4D17M4D23M22D9M7D26M54D14M3D2M18D21M22D15M11D75M1I5M1I85M3D3M5I30M3I16M22D54M2D44M1I23M4I18M
33	3203	0.336	2.764E-75	0	799	806	0	968	970	3M1D267M10D11M25D6M2D7M35D51M22D10M11D12M10D20M7D32M22D15M11D75M1I5M1I81M2I6M2I2M2D30M3I16M8D6M14D48M2D50M1I20M3I14M
8	3202	0.342	2.919E-75	0	799	806	0	1015	1016	3M3D264M13D9M28D23M21D17M15D27M12D9M6D33M68D37M8D14M1D157M2I36M2D13M4I10M25D5M2D23M15D14M2D13M2D50M1I36M
25	3199	0.323	3.440E-75	0	801	806	0	969	970	2M1D268M10D14M17D33M3D12M14D55M57D21M21D13M22D16M11D75M1I5M1I81M2I40M3I16M8D3M14D51M2D44M1I23M4I18M
118	3199	0.325	3.440E-75	3	799	806	4	977	978	261M1D11M34D12M31D14M7D44M3D6M2D29M3D6M34D19M32D27M13D80M1I2M1I81M2I9M1I14M2D16M3I16M8D19M18D30M1D49M1I26M3I14M
130	3199	0.334	3.440E-75	3	786	806	4	972	983	263M4D5M6D23M20D21M64D25M11D6M6D8M8D17M15D17M16D10M18D114M1I2M1I81M2I4M4I2M4D35M2I12M21D20M1D23M2D61M1I24M
88	3195	0.382	4.282E-75	3	805	806	6	757	770	275M46I14M2D42M2I9M8I32M3D41M2D91M2I14M1D15M4I5M5I29M3I5M2I12M1I30M10D24M1I36M2D11M1I29M4D14M
34	3195	0.336	4.282E-75	0	801	806	0	969	970	2M1D267M10D25M20D32M25D20M7D14M17D12M1D9M18D6M3D18M21D13M22D16M11D75M1I5M1I81M2I40M3I16M8D3M14D51M2D44M1I23M4I18M
20	3194	0.384	4.523E-75	3	805	806	6	757	772	264M4I13M3D12M5D13M1D10M16I22M4I29M29I8M5I40M2D91M2I18M1D11M4I6M5I28M3I5M2I13M3D50M4D4M1D37M2D11M1I23M2I6M4D12M
92	3193	0.314	4.777E-75	4	796	806	1	1083	1084	262M14D17M20D9M26D12M5D11M9D10M4D15M2D15M9D18M34D9M17D11M6D32M23D10M36D170M2I32M3I13M25D7M24D20M22D14M20D66M1I34M
83	3191	0.354	5.330E-75	6	789	806	32	939	947	258M11D20M16D18M14D14M9D18M8D8M4D19M7D27M15D24M7D17M21D6M12D77M1I2M1I85M3D4M5I31M2I20M1D21M4D5M2D67M1I33M
86	3189	0.332	5.946E-75	1	801	806	2	969	970	268M10D12M25D6M2D7M12D13M40D31M5D14M4D35M3D18M21D13M22D16M11D75M1I5M1I81M2I40M3I16M8D3M14D21M3D22M2I7M1D43M1I23M4I18M
26	3187	0.332	6.634E-75	0	801	806	0	969	970	3M1D267M10D14M17D33M3D10M25D15M9D16M15D14M1D10M18D5M3D18M21D13M22D16M11D75M1I5M1I81M2I40M3I16M8D3M14D51M2D44M1I23M4I18M
75	3187	0.325	6.634E-75	0	801	806	0	969	970	3M1D266M10D25M11D6M4D33M22D25M33D13M7D16M16D18M19D14M22D15M11D75M1I5M1I81M2I40M3I16M9D15M13D39M2D44M1I23M4I18M
36	3183	0.379	8.257E-75	3	802	806	2	812	829	10M2D145M1I107M10D33M5I36M26D16M1I27M4I26M3I15M2D40M2D91M2I17M1D12M4I13M1I21M3I8M3I12M6D10M5I10M5I24M1D38M2D5M1I24M3I19M
102	3181	0.332	9.212E-75	0	797	806	1	963	964	270M10D11M25D6M61D32M7D5M20D26M2D62M3D22M20D71M1I9M1I86M2D3M4I29M4D4M7I9M9D14M4D3M11D32M1D49M1I41M
29	3180	0.335	9.730E-75	0	801	806	0	969	970	2M1D268M10D14M17D20M15D17M11D23M4D11M22D17M1D10M18D5M3D18M21D13M22D16M11D75M1I5M1I81M2I40M3I16M8D3M14D26M3D17M2I7M1D43M1I23M4I18M
40	3177	0.377	1.147E-74	0	805	806	2	762	776	101M1D165M6I11M6D9M2D29M7I14M1I26M10I7M26I16M2I42M2D91M2I18M1D11M4I5M5I28M2I6M3I13M3D30M6D24M1I36M2D11M1I22M1I7M3D13M
89	3171	0.376	1.592E-74	3	805	806	6	763	777	98M1D163M1I4M5I20M29I42M1I53M8I45M2D91M2I18M1D11M4I6M5I28M3I6M2I12M2D7M7D47M1I36M2D11M1I22M1I7M3D13M
24	3169	0.334	1.776E-74	0	799	806	0	968	970	3M1D267M10D14M17D33M3D9M42D19M22D7M10D3M1D9M15D56M24D9M7D3M4D77M1I5M1I81M2I40M3I18M10D27M15D17M2I7M1D43M1I26M3I14M
5	3160	0.331	2.907E-74	0	801	806	0	969	970	3M1D266M10D15M17D33M3D19M17D8M5D22M16D21M33D18M21D13M22D16M11D75M1I5M1I81M2I40M3I16M8D3M14D52M2D43M1I23M4I18M
95	3157	0.386	3.426E-74	4	805	806	1	719	720	98M2I162M4D15M19I17M8I20M15I16M1I14M11I34M4D36M2D91M2I17M1D11M2I41M3I3M5I11M7I15M3I16M1D6M10I32M1I14M1I27M5I11M
122	3148	0.338	5.606E-74	0	782	806	0	961	1001	266M8D4M4D30M8D13M32D26M1D27M8D17M7D8M7D31M1D14M33D79M1I77M2I7M4D3M4I22M1I29M3D6M6D15M20D8M42D23M2D50M1I9M3D5M1I4M
55	3143	0.347	7.370E-74	0	805	806	1	892	893	111M1I159M11D8M5D69M1I17M7D14M29D5M5D7M24D12M3D6M3D6M6D7M18D12M16D77M1I2M1I10M1I48M1I29M1I5M16I8M2I11M5I28M4I71M1I5M1I27M5I11M
126	3142	0.361	7.785E-74	5	789	806	10	804	808	97M2I165M9D15M18I24M2I12M3I25M3I6M2I26M1I19M10D9M12D80M2I49M1I36M4I29M3I2M3I15M9D38M11D16M6D34M2I14M1I27M
127	3127	0.317	1.769E-73	0	799	806	44	1012	1013	266M10D16M4D7M1D16M4D17M16D14M11D36M35D14M34D21M5D8M4D9M24D12M12D76M1I2M1I88M2I6M1I26M3I16M8D4M12D51M1D49M1I20M3I14M
74	3111	0.336	4.246E-73	6	761	806	1	901	926	258M1D16M8D43M5D10M31D25M23D2M9D22M38D39M3D12M12D3M7D76M1I2M1I89M4I29M4I16M11D4M2D2M2D49M1D42M1D2M1D5M
101	3099	0.328	8.188E-73	3	793	806	19	932	936	262M4D16M31D16M27D25M3D61M6D9M7D21M12D22M14D64M2D15M2I84M4D9M5D37M2I6M6D14M1D41M6D53M1I31M
73	3093	0.335	1.137E-72	20	799	806	0	932	933	246M4D3M6D15M1I37M6D47M104D39M5D14M12D12M5D80M2I81M2I17M1I21M4I16M17D46M1D8M7D44M1I26M3I14M
60	3090	0.307	1.340E-72	4	798	806	1	993	994	10M2D16M10D7M3D229M10D28M2D41M30D14M21D8M79D17M11D58M20D80M1I2M1I90M3I22M3D11M5I15M3D48M14D51M1I29M1D8M
65	3068	0.327	4.466E-72	6	789	806	2	868	879	265M10D18M26D5M41D42M3D19M24D29M10D11M1D10M3D19M1D8M14D80M1I2M1I89M3I30M3D10M6I10M41I57M1I27M
68	3065	0.329	5.263E-72	3	799	806	9	900	901	7M10I9M2I239M10D12M4D11M7D14M1D8M10D29M10D6M5D22M2D15M1D20M5D25M42D80M1I2M1I81M2I9M1I30M3I16M8D3M8D20M5D32M1D49M1I20M3I14M
96	3030	0.360	3.573E-71	3	800	806	37	944	948	31M5I227M22D16M9D24M7D9M2D5M1D66M43D10M5D31M27D7M11D63M4I65M1I33M5D4M4I6M4I23M2I15M3I18M2D82M1I39M
2	3017	0.352	7.278E-71	3	797	806	9	780	781	101M1I55M1I107M6D54M1I28M2I18M6I25M15I15M4I33M1D47M1D47M1D11M1D6M4D9M1D4M3I9M2I2M2D27M4D11M2I16M9I12M3I21M5I32M3D8M4D16M3D27M
125	2985	0.356	4.193E-70	4	786	806	27	805	813	262M7D38M1D26M16D37M1I15M1D16M2D100M14I2M1I81M7I5M5D28M2I7M2I7M1D3M15D7M1I16M23I57M1I24M
114	2965	0.334	1.253E-69	0	795	806	1	928	929	219M1D46M5D17M14D27M16D18M8D15M12D25M11D30M27D8M6D32M24D56M2D21M2I64M1I2M4I19M2D2M1I37M2I8M12D39M3D67M1I33M
14	2961	0.370	1.559E-69	3	787	806	84	879	886	108M30I3M2D69M1D51M9D18M27D70M1I33M2I34M3D10M32D178M2I26M3D4M7I9M1I24M22I51M1I31M
21	2937	0.410	5.799E-69	0	685	806	0	725	745	213M1D51M7D37M5D62M1D8M4D2M1D3M2D33M16D9M4D14M8D158M1I9M2I6M1I26M3I2M3I28M1D15M
79	2908	0.345	2.835E-68	51	801	806	0	888	889	214M11D16M24D7M11D3M48D18M1D7M17D4M2D48M1D6M6D21M2D8M8D32M1D77M1I2M1I81M2I45M2I12M15D5M1D49M2D50M1I27M5I7M
18	2892	0.279	6.805E-68	4	795	806	1	1247	1248	260M8D7M7D15M18D8M31D14M9D25M29D23M32D12M8D38M14D16M6D13M55D63M1I16M1I77M2I43M17D8M21D8M80D6M17D13M20D10M31D9M52D16M4D5M1D50M1I32M
32	2876	0.320	1.633E-67	41	801	806	1	928	929	229M10D14M17D33M3D9M4D9M10D49M57D21M21D13M22D16M11D75M1I5M1I85M3D3M5I30M3I23M22D47M2D44M1I25M4I16M
104	2832	0.319	1.815E-66	0	799	806	0	936	938	3M1D39M32I196M10D11M25D6M2D7M35D42M22D16M10D3M1D14M10D18M7D32M22D15M11D75M1I5M1I85M3D3M5I30M3I16M8D18M14D36M2D44M1I26M3I14M
80	2819	0.325	3.696E-66	41	799	806	1	930	931	225M10D15M25D6M2D4M58D8M1D6M21D20M9D6M11D26M17D16M2D21M1D17M4D93M1I10M1I81M2I13M1I26M3I16M16D23M5D32M1D49M1I20M3I14M
84	2789	0.323	1.909E-65	50	799	806	4	928	929	216M10D16M4D5M1D10M12D9M23D12M6D37M23D13M5D13M1I12M32D13M5D23M16D6M30D76M1I2M1I88M2I6M1I26M3I16M3D32M5D9M13D63M1I20M3I14M
12	2754	0.383	1.296E-64	2	708	806	0	674	675	263M8D44M9I23M4I26M2I18M2I40M2D28M1I9M2D32M1D5M5I51M2I17M1D12M11I3M3D24M3I7M5I52M5I4M
103	2726	0.327	5.998E-64	26	798	806	1	885	886	48M4I12M1D5M8I163M5D75M11D32M7D7M4D44M34D9M15D3M38D78M1I1M1D89M1I3M1I34M2I11M1D31M1D3M11D21M3D44M1I30M2I10M
121	2664	0.387	1.785E-62	10	678	806	1	614	619	258M13D8M2I13M7I11M29I24M14D9M11I4M4D9M30I7M3D26M1D10M2D95M2I18M2D14M9I3M4D4M2I16M3I10M3I32M
81	2611	0.345	3.245E-61	38	711	806	7	823	885	232M10D24M1I28M7D43M1D12M5D12M37D6M41D9M8D12M34D17M11D75M1I5M1I85M3D3M5I30M3I23M1I12M2I32M
110	2537	0.321	1.862E-59	89	801	806	0	879	880	180M10D12M2I29M1I16M7D37M6D24M81D15M21D13M22D16M11D75M1I5M1I85M3D3M5I30M3I23M1I44M19D2M6D50M1I28M4I7M
11	2418	0.382	1.253E-56	1	672	806	2	584	596	40M32I205M10I7M35I18M3I51M1I25M3D7M1I22M1D10M2D97M2I16M2D14M9I10M2D15M3I10M3I26M
123	2396	0.369	4.177E-56	43	620	806	0	713	715	228M8D18M9D6M1D11M20D29M19D10M7D7M4D14M7D15M30D21M6D34M26D78M2I66M1D17M2D5M2I15M
9	2371	0.316	1.641E-55	3	805	806	6	633	639	97M1D165M3D27M28I9M6I12M74I4M16D6M87I45M2I18M1D12M6I4M3I29M5I22M3D27M2D23M1I36M2D11M1I29M10D14M
19	1926	0.226	6.181E-45	1	800	806	9	732	735	30M1D17M2D46M1I7M1I45M1D10M5D4M8D20M1I3M3D27M2D51M14D23M14I46M3I10M66I10M4D11M2D6M2D47M1I13M1I6M2D88M2D42M3I4M1I7M4I32M1I7M6I5M14I35M1I4M6I20M
90	1496	0.182	1.025E-34	0	789	806	0	695	697	6M1D5M1D2M1I17M1I13M5I54M1I40M5D17M1I21M1I29M12I3M1I39M28D11M24I9M28I32M13I19M16I8M4I34M2I5M1I3M2D10M1D22M2D7M1D33M1I3M5D7M3I19M2D13M2I5M11I63M11I8M9I6M2I2M1D4M2D4M1I10M1D16M1D23M4D17M
4	1365	0.189	1.330E-31	0	791	806	0	686	688	47M4I53M1I37M3D4M2D16M1I22M1I22M4D10M12I35M5D47M16I11M2D37M3I21M1D10M14I12M4I3M3D13M1I4M1D6M3I14M3D4M1D14M2D13M1I3M3I8M6D23M2D8M2D3M3I18M2D11M2I5M16I32M58I5M1I7M4D13M7I6M1D14M1I7M3D22M
129	1301	0.193	4.416E-30	11	789	806	3	654	656	2M1I15M1I12M22I5M9I4M1I21M1I40M5D17M1I18M1I27M16I6M3D40M2D14M11I3M15D12M25I12M1I17M2I9M42I21M3D27M3I12M2D6M1D8M1D7M2D51M4D10M3I15M2D13M9I10M8I20M2I2M3I4M1D24M6I33M1D1M7I10M1D16M1D23M4D17M
99	1091	0.229	4.325E-25	4	519	806	17	448	450	8M1D1M1I15M1I14M4I2M1I53M1I37M3D4M1D16M1I21M1I24M1D15M11I33M15D6M13I6M11I17M1I17M21I14M7I16M27I7M5I31M2I5M1I9M3D4M1D32M
17	710	0.158	4.908E-16	8	793	806	3	770	985	20M2I13M1D8M4I50M1I36M3D26M9D19M1I11M1D2M7D6M4D6M3D5M1I11M9D30M2I3M19D6M10D24M2I21M1D24M1D12M3D8M1D77M1I16M9I7M18I15M6D21M25I6M6I4M7I13M26D24M27I19M3D75M13I8M2I6M4I2M1I10M1D16M
93	651	0.132	1.239E-14	10	791	806	13	800	803	32M3D9M10I42M2I39M3D4M4D14M2I4M1I13M2D28M10D5M8D10M4I31M2I2M4D7M9D13M1D82M103D8M5I16M1D28M1I11M5D18M2I6M7I6M18I27M3D12M29I6M5I5M4I14M5I12M28I12M3I20M1D57M11I9M4I6M8I23M
 