42	6783	1.00	0.000E+00	0	932	933	0	932	933	933M
23	5883	0.858	0.000E+00	0	932	933	0	934	935	298M1D261M1D374M
66	5717	0.824	0.000E+00	0	932	933	0	922	923	82M1D221M1D36M3I5M5I157M3I42M1I378M
78	5656	0.817	0.000E+00	0	932	933	0	939	940	299M1D51M6D147M1I13M4I24M2D17M3D225M2I6M2D144M
79	5145	0.806	0.000E+00	53	932	933	1	888	889	246M1D51M6D147M1I13M4I26M2D15M4D377M
48	5110	0.701	0.000E+00	0	932	933	0	898	899	266M11D4M11I62M3D40M3I17M1D39M1I9M1I24M4I15M2I19M4I7M12I14M2I2M3D236M11I37M1I90M
83	5062	0.707	0.000E+00	0	932	933	24	946	947	7M1D261M10D3M10I27M1D39M2D32M2D20M1D40M1D14M1D72M1D7M12I14M3D228M7I9M4I127M
54	5050	0.702	0.000E+00	0	932	933	0	918	923	294M2D48M3D4M6D28M1I22M3I53M1D16M7I26M3I30M5I18M3D221M6I13M2I37M2I94M
109	5036	0.681	0.000E+00	0	930	933	0	913	915	294M2D50M7D36M1D17M3I39M1D14M1D22M1D27M3I10M4I8M10I22M5D223M6I4M3I45M6I85M
51	5027	0.695	0.000E+00	0	931	933	0	925	932	268M8D2M3I4M5I12M2D50M5D36M1D33M3I37M1D73M1I9M4I18M3D234M4I6M4I31M2I93M
69	5008	0.688	0.000E+00	0	932	933	0	919	924	294M2D49M3I34M1I20M3I31M3D39M1D53M5I26M3D234M4I6M4I31M2I94M
76	4991	0.702	0.000E+00	0	932	933	0	920	925	294M2D52M6D55M3I35M1D14M1D75M12I18M3D224M8I47M2I94M
82	4977	0.691	0.000E+00	3	932	933	28	946	947	4M1D259M11D4M11I13M2D10M1D41M3D38M2D20M1D37M1D13M1D63M12I22M3I5M3D233M7I6M4I125M
50	4969	0.686	0.000E+00	0	931	933	0	902	906	294M2D53M7D27M1I26M3I26M19I53M3I43M8I4M6D219M6I13M2I37M2I93M
41	4968	0.693	0.000E+00	0	930	933	0	917	924	296M1I35M1I11M7D32M1D21M4I52M1D58M1I23M2I241M11I48M2I92M
56	4968	0.685	0.000E+00	0	932	933	0	926	931	266M4I2M9D4M5I13M2D52M5D28M1D27M1D7M4I24M1D18M1D40M1I32M5I26M3D228M8I43M2I94M
43	4963	0.701	0.000E+00	0	932	933	0	926	931	299M2D45M7D57M3I36M1D13M1D54M2I17M1I8M4I19M3D234M4I6M4I31M2I94M
77	4961	0.689	0.000E+00	0	932	933	0	917	925	294M2D51M2I13M10D41M1D7M4I18M3D30M1I47M11I14M4I21M3D224M2I9M4I5M4I36M2I89M
35	4961	0.686	0.000E+00	0	932	933	0	925	929	268M2D3M5D3M7I13M2D41M1D9M7D62M3I21M2I22M1D20M3I49M1I8M4I19M3D241M7I31M2I92M1D2M
71	4956	0.695	0.000E+00	4	930	933	16	927	934	290M2D48M2D4M6D28M1I22M3I54M1D15M7I26M3I21M2I264M4I6M4I31M2I92M
113	4951	0.696	0.000E+00	0	930	933	0	907	915	294M2D49M1D43M1D16M1D7M4I26M1D14M1D16M4I22M1I3M2I25M1I8M4I19M3D235M11I36M6I85M
57	4949	0.696	0.000E+00	0	931	933	0	924	931	294M1D50M8D31M1D26M3I18M1D22M3D11M1I46M3I21M1I7M6I18M3D232M1I8M7I31M2I93M
45	4943	0.697	0.000E+00	0	932	933	0	922	927	294M2D48M2D4M6D28M1I22M3I69M1I32M3I30M5I18M3D221M6I13M2I37M2I94M
46	4906	0.680	0.000E+00	0	930	933	0	918	926	294M2D50M5D36M1D21M1D7M4I18M13I83M1I9M4I18M3D224M4I6M4I6M4I31M2I64M12D28M
13	4895	0.680	0.000E+00	0	932	933	0	889	894	266M4I2M9D4M5I13M2D35M2D50M1D22M1D8M7I25M8I12M7I31M4I4M3I12M1I8M12I15M3D224M2I9M6I38M2I94M
52	4893	0.665	0.000E+00	0	932	933	0	903	913	266M4I1M10D5M6I12M2D51M3D29M1D34M3I30M2I26M4I8M1I13M5I18M9I7M6I19M5D233M4I6M4I31M2I94M
3	4869	0.664	0.000E+00	0	932	933	0	881	882	266M4I1M10D5M6I12M2D33M1I12M9I27M1D32M3I40M1D18M4I8M1I17M14I9M1I12M18I8M6D221M3I10M1I6M4I31M2I94M
70	4868	0.658	0.000E+00	0	932	933	0	853	858	302M23I3M16D11M8I27M1I22M3I34M45I23M3I45M5I3M3D234M4I6M4I31M2I94M
44	4867	0.669	0.000E+00	0	932	933	0	881	886	266M6D10M6I12M2D35M4I8M6I29M1D32M3I40M1D18M4I8M1I13M14I13M1I12M18I8M6D221M3I10M1I6M4I31M2I94M
49	4829	0.663	0.000E+00	0	932	933	0	857	862	266M4I1M10D5M6I12M2D33M1I12M9I27M1D32M3I26M23I9M4I8M1I13M14I13M1I12M18I8M6D221M1I10M3I6M4I31M2I94M
130	4829	0.634	0.000E+00	0	932	933	0	982	983	279M1I23M5D26M1D14M8D43M2D11M8D23M6D18M1D15M1D22M2D17M3D29M6D14M1I23M3D233M6D141M
116	4825	0.676	0.000E+00	0	931	933	0	890	893	294M2D60M1I29M3I21M3I45M2D13M4I7M14I25M4I11M3I13M3I6M5D229M7I7M4I17M1D17M6I18M1D68M
58	4701	0.672	0.000E+00	0	932	933	0	884	889	294M2D48M2D4M6D28M1I26M28I40M7I26M3I44M7I3M5D213M13I13M2I37M2I94M
47	4586	0.631	0.000E+00	0	929	933	0	811	820	265M5I3M10D3M5I13M2D50M4D57M53I23M16I4M21I16M6I19M4D233M4I6M4I12M24I88M
115	4502	0.553	0.000E+00	0	932	933	0	981	982	266M6D10M1I18M1I34M9D57M2D10M2D19M5D8M3D18M1I18M4D30M2D18M2D27M3D23M5D235M5D10M3D25M1D104M
55	4469	0.627	0.000E+00	0	932	933	0	888	893	112M1I180M2D49M2D5M6D15M2I12M1D21M3I53M9D1M11I52M4I5M4I17M3D11M3D91M1I48M1I44M32I16M3I7M5I31M2I58M1I35M
127	4370	0.536	5.445E-102	0	932	933	43	1012	1013	279M1I13M2D61M7D33M1D10M2D4M5D18M9D35M1D3M3D19M3I29M3I50M13D164M1I38M1I18M3D24M2D34M2I90M
59	4367	0.556	6.406E-102	0	932	933	0	978	982	6M1D270M1I26M5D25M9D53M2D20M2D21M12D17M1D15M1D4M4D17M1D8M2D42M4D34M12D166M1I55M3I6M4I9M1I129M
15	4365	0.537	7.140E-102	0	931	933	36	982	983	279M1I14M1D45M4D18M1I22M2D36M5D4M3D10M2I25M7D27M3I34M4I200M1I38M1I14M3D25M4D22M1I105M
118	4361	0.540	8.867E-102	0	932	933	0	977	978	279M1I14M2D60M7D33M1D13M7D12M8D18M2I12M3D10M1D4M3D11M3D13M3D17M1D25M2D10M5I19M3D167M1I17M2D21M1I25M7D28M3D8M1I106M
33	4351	0.515	1.524E-101	0	932	933	0	968	970	279M1I21M2D41M6D44M1D13M3D3M5D29M6D29M3D21M1I77M7D202M1I42M7D38M1I90M
72	4350	0.527	1.609E-101	0	932	933	0	957	958	279M1I13M2D46M8D13M1I34M1D34M2D23M1I11M8D45M1D58M5D166M1I38M1I22M5D29M1I9M1I106M
112	4342	0.508	2.482E-101	0	932	933	0	969	971	279M1I12M3D16M1I28M9D20M1I28M1D11M2D19M6D15M1I25M10D20M1D18M1D63M3D203M1I28M7D54M1I88M
67	4338	0.514	3.083E-101	0	932	933	1	962	964	279M1I21M2D38M8D18M1I25M1D14M2D64M7D69M4D31M7D203M1I35M2D42M1I90M
16	4336	0.555	3.436E-101	0	931	933	34	977	978	279M1I18M1D41M5D18M1I22M2D17M2D11M3D12M3D10M2I22M2D6M3D38M2I18M5I202M1I38M1I39M7D29M2I7M1I89M
6	4335	0.515	3.627E-101	0	932	933	0	968	970	279M1I21M2D41M6D44M1D12M5D10M3D25M3D63M4D42M1I21M9D201M1I27M3D11M4D42M1I90M
105	4334	0.522	3.829E-101	0	932	933	0	961	963	279M1I12M3D16M1I47M8D30M1D13M3D6M4D28M3D20M3D36M1D70M7D205M1I69M1I98M
111	4333	0.527	4.043E-101	0	932	933	0	936	938	279M1I12M3D16M1I16M9D32M1I28M1D12M12I45M4I21M1I61M1D19M6D203M1I24M6D31M1I112M
38	4329	0.516	5.021E-101	0	932	933	0	967	969	279M1I12M3D16M1I28M9D20M1I29M1D36M4I37M13D23M2D21M2D31M2I18M9D205M1I22M1D5M6D42M1I98M
30	4329	0.509	5.021E-101	0	932	933	0	970	972	279M1I12M3D16M1I28M9D20M1I28M1D28M2I25M2D20M17D53M3D44M3D208M1I22M7D53M1I90M
28	4321	0.513	7.745E-101	0	932	933	0	969	971	279M1I21M2D41M7D44M1D17M1I57M12D26M3D35M1D20M2D19M6D200M1I27M3D17M4D36M1I90M
25	4315	0.512	1.072E-100	0	932	933	0	968	970	279M1I21M2D41M6D44M1D17M8D30M1I26M10D30M2I46M1I20M9D202M1I27M3D11M4D42M1I90M
85	4308	0.513	1.566E-100	0	932	933	0	968	970	279M1I21M2D44M7D12M1I28M1D11M3D5M5D31M1I26M10D30M2I46M1I21M9D201M1I38M7D42M1I90M
108	4303	0.511	2.054E-100	0	932	933	0	926	928	279M1I12M3D11M1I31M8D17M1I47M4I30M8D32M12I40M2I32M4I208M1I54M1I28M2D85M
29	4302	0.517	2.168E-100	0	932	933	0	968	970	279M1I21M2D34M7D22M1I28M1D17M8D30M1I26M4D34M4D48M2D19M6D200M1I27M3D11M4D42M1I90M
62	4301	0.523	2.289E-100	0	932	933	0	929	931	279M1I12M3D16M1I26M9D22M1I29M1D12M3D15M6I11M16D3M11I11M4I32M10I45M9I3M5D205M1I26M4I6M10D28M2I102M
5	4301	0.516	2.289E-100	0	932	933	0	968	970	279M1I21M2D41M6D44M1D17M8D30M1I26M4D36M4D42M1I21M9D201M1I27M3D11M4D42M1I90M
107	4297	0.507	2.843E-100	0	931	933	0	968	969	279M1I21M2D38M4D14M2D33M1D15M1D24M3I13M2D20M17D45M1I34M1D20M6D195M1I34M7D25M1I27M1I81M2D6M
27	4294	0.511	3.345E-100	0	932	933	0	968	970	279M1I21M2D41M6D44M1D17M8D30M1I23M10D33M2I46M1I21M9D201M1I28M3D16M4D36M1I90M
61	4292	0.520	3.727E-100	0	932	933	0	931	933	279M1I12M3D16M1I28M9D15M1I30M1D18M3I37M6I47M2I14M1I17M9I22M5D205M1I24M7D55M1I88M
22	4292	0.511	3.727E-100	0	932	933	0	956	958	277M1D3M2I11M2D49M4D16M1D28M1D69M17D73M3I3M3I13M1I5M3D203M1I32M6D50M1I90M
39	4288	0.516	4.629E-100	0	932	933	0	963	965	279M1I12M3D16M1I26M9D22M1I29M1D13M2D23M4I16M1D20M18D36M6I37M1D19M6D203M1I35M6D29M2I102M
86	4284	0.521	5.750E-100	0	932	933	0	968	970	279M1I21M2D38M4D11M1D8M1D28M1D11M3D5M5D29M6D29M3D20M1I37M1I19M1I21M9D201M1I22M8D9M1I48M1I90M
106	4281	0.515	6.765E-100	0	932	933	0	968	970	279M1I21M2D38M4D11M1D8M1D28M1D14M2D16M6D17M1I22M10D34M2I23M1I6M1D16M1I21M9D199M1I40M7D42M1I90M
24	4279	0.513	7.539E-100	0	932	933	0	968	970	279M1I21M2D41M6D44M1D14M8D33M1I22M7D2M3D32M2I47M5D19M3D203M1I38M7D42M1I90M
75	4279	0.510	7.539E-100	0	932	933	0	968	970	279M1I12M3D16M1I33M6D16M2D28M1D12M2D18M6D17M3D23M3D86M1D19M6D205M1I26M1I6M8D23M1I109M
119	4278	0.506	7.959E-100	0	932	933	0	966	968	279M1I12M3D16M1I28M9D20M1I25M1I16M2D16M5D33M19D86M7I16M3D206M1I26M4I8M10D39M1I90M
31	4276	0.518	8.869E-100	0	932	933	0	968	970	279M1I21M2D34M7D22M1I28M1D30M8D17M3D63M4D42M1I21M9D201M1I15M5D11M3D5M1I48M1I90M
53	4269	0.515	1.296E-99	0	932	933	0	962	964	278M2D30M1I16M9D32M1I28M1D14M2D23M4I34M13D26M2D57M1I12M3D207M1I16M5D9M2D52M1I90M
26	4269	0.514	1.296E-99	0	931	933	0	967	970	279M1I21M2D41M6D44M1D30M8D17M1I26M4D36M4D42M1I21M9D201M1I27M3D11M4D42M1I89M
34	4256	0.513	2.621E-99	0	932	933	0	968	970	279M1I21M2D41M6D44M1D11M3D5M5D31M3D54M4D51M1I21M9D201M1I38M7D42M1I90M
64	4236	0.509	7.747E-99	0	932	933	0	966	968	279M1I12M3D16M1I28M9D15M1I30M1D17M7D33M1I23M9D27M9D26M1I17M9I2M1I21M6D203M1I24M7D53M1I90M
94	4232	0.509	9.622E-99	0	932	933	0	922	924	279M1I12M3D16M1I30M4D12M3D46M3I30M14D45M2I7M13I21M9I25M4I205M1I45M6D34M6I86M
73	4225	0.531	1.406E-98	23	932	933	2	932	933	256M1I19M2D39M7D48M1D14M1D13M1D17M1I29M6D19M3I36M4I13M1I25M9D164M1I37M2I18M8D46M1I103M
131	4217	0.515	2.169E-98	0	932	933	0	894	896	279M1I12M3D16M1I28M9D15M1I30M1D17M12I11M2I13M7I7M8I9M41I7M2I15M10D25M6D205M1I23M2D8M1D21M7D25M1I90M
68	4168	0.502	3.085E-97	2	932	933	7	900	901	9M10I7M2I249M1I11M2D31M2D29M6D36M1D10M10I32M20I22M1I14M2I54M4I168M1I39M1I24M5D37M1I106M
60	4139	0.511	1.485E-96	5	932	933	1	990	994	10M2D16M10D7M3D238M1I17M1D9M4D31M7D51M2D16M2D12M12D15M4D14M2I14M4D17M1D8M2D49M3D27M10D164M1I55M1I153M
102	4108	0.492	7.962E-96	0	932	933	0	962	964	276M1I17M2D46M3D6M5D11M1I25M1D14M2D67M1D35M5D19M1I19M2D23M6D200M1I42M8D38M1I90M
65	4071	0.518	5.911E-95	7	932	933	2	875	879	272M1I22M4D33M9D52M1D14M23I10M2I16M10D3M3I16M1D9M5D76M8D166M1I35M61I24M1D87M
74	3996	0.514	3.439E-93	7	901	933	1	902	926	272M1I19M2D55M6D26M1D18M1D12M12I54M9D22M2D10M1D51M4D165M2I34M2I57M1I22M1I59M
80	3965	0.529	1.845E-92	42	932	933	1	930	931	237M1I20M2D52M7D35M1D10M2D4M5D18M9D35M1D3M3D19M1D85M7D163M1I39M1I37M5D40M1I90M
104	3905	0.486	4.762E-91	0	932	933	0	936	938	43M32I204M1I21M2D41M6D44M1D13M3D3M5D34M6D24M3D21M1I77M7D201M2D3M3I36M7D40M1I90M
84	3872	0.512	2.846E-90	47	932	933	0	928	929	232M1I13M2D62M7D32M1D10M2D4M5D18M8D10M1D25M1D56M4D32M5D19M7D164M1I38M1I28M4D16M1D32M2I90M
32	3818	0.501	5.308E-89	42	932	933	1	927	929	237M1I21M2D41M6D44M1D30M8D17M1I26M10D30M2I46M1I20M9D201M2D3M3I11M8D16M1I48M1I90M
117	3679	0.392	9.901E-86	0	932	933	0	994	1003	3M2D266M10D7M5I35M7D50M1I8M1I31M1I33M1D15M9I64M12D32M6D78M1D126M1D13M13D6M3D10M2D10M6D43M15D86M
92	3667	0.386	1.897E-85	5	929	933	1	1083	1084	260M7D9M2D27M19D9M3D8M2D33M2D50M12D22M3I10M1D22M12D56M1D13M3D29M9D4M11D78M2D126M1I10M53D27M2D31M13D8M5D85M3D4M
128	3641	0.397	7.760E-85	5	932	933	6	875	876	264M1D6M8D1M7I21M13I72M9I25M20I7M14I31M15I23M9D18M5D2M8I70M1I7M2D138M3D30M1I119M2D6M
8	3527	0.360	3.735E-82	0	932	933	0	1013	1016	3M2D267M12D10M4D27M6D18M18D35M4D9M2D40M3D47M3D68M3I24M1I69M2I15M4D139M5D15M2D9M5D36M7D11M9D75M1D10M
122	3508	0.365	1.046E-81	0	932	933	0	970	1001	4M1I260M5D28M2I43M23D51M3I47M2I2M1I26M13I23M4I7M17I22M1I81M1D117M1D25M4D14M3I14M2D6M10D6M3D8M29D17M10D61M2D12M5I7M
110	3501	0.476	1.528E-81	90	932	933	0	878	880	186M1I24M2D41M6D44M1D15M3I47M2D10M12D33M4D44M1I20M9D201M2D3M3I23M3D11M4D42M1I90M
101	3496	0.378	2.004E-81	5	932	933	20	935	936	271M7I10M2I34M4I30M5I16M1D28M8I98M1I12M1I3M2I19M8D6M1D58M2D102M11D57M2I43M2I18M1I88M
103	3435	0.444	5.460E-80	26	932	933	0	885	886	49M4I8M5I7M2I165M1I8M5I20M4D49M6I31M1I21M3I30M1I14M6I14M15D15M4I23M7I34M5D76M2D143M2I153M
18	3326	0.334	2.004E-77	5	926	933	1	1242	1248	272M4D18M2I25M1D6M1D15M13D8M9D23M4D6M1I7M13D29M20D4M1D14M2D19M3D30M1D27M1D21M12D28M11D63M1I14M1D123M1I20M26D7M16D12M43D5M108D6M14D8M4D28M17D79M
100	3279	0.356	2.558E-76	1	932	933	0	801	806	271M11I10M23I7M31I24M1D28M1I9M8I14M26I5M9I6M6I26M3I33M7I78M1D2M1D81M2D42M2D20M19I39M1D59M1D27M5D7M
126	3275	0.347	3.177E-76	0	927	933	4	806	808	102M2I164M9D3M11I11M35I45M4I23M5I15M37I12M41I8M15I13M7D11M10D131M1I36M2I28M4I19M8I20M1D21M4D6M4D15M7D37M2I41M
81	3266	0.484	5.174E-76	39	845	933	7	821	885	240M1I12M3D16M1I28M9D20M1I29M1D29M11D42M3I27M1I19M2I51M14D203M1I17M20I44M
114	3251	0.369	1.166E-75	0	932	933	0	928	929	220M1D56M6I14M1I40M5I88M2I24M3D43M1I25M10D8M1D85M2D87M5I17M3D48M11D57M14I81M1I5M
91	3227	0.341	4.281E-75	0	932	933	3	785	788	4M1D101M1D161M4I1M15D4M8I21M58I68M16I10M13I4M45I36M3I65M2I10M1D5M1D81M6I39M2I12M9I12M1I11M1I5M6I28M1I33M2D17M4D30M
124	3170	0.362	9.393E-74	5	927	933	1	712	713	258M3D2M1D10M12D1M27I11M8I8M39I11M7I11M48I8D11M48I12M18I16M5I40M1D24M1I18M2D85M1I29M2I26M19I18M15I54M1D6M1I33M
98	3104	0.337	3.356E-72	1	932	933	9	773	776	105M1D160M14D6M8I8M13I31M15I3M3I7M1I27M6I16M2I8M82I15M29I76M2I13M1D2M1D74M1I7M6I37M2I26M8I4M8I23M2I11M1I2M1I32M2D22M4D27M
96	3056	0.318	4.521E-71	3	932	933	36	940	948	32M5I225M14D1M17I24M16I17M15I31M5I7M5I67M7I7M37D14M2D63M15D61M4I14M2D49M1I34M3D17M4I46M21I3M3D36M1I81M
97	3049	0.337	6.607E-71	1	932	933	22	783	786	105M1D160M15D6M8I8M13I34M13I17M13I10M6I18M4I7M29I6M55I4M15I20M4I65M3I13M1D2M1D81M4I2M2I36M2I26M8I4M7I24M2I11M3I36M1D16M2D30M
10	3047	0.334	7.363E-71	0	932	933	21	781	784	106M1D159M14D7M9I7M13I24M24I10M1I27M6I30M21I9M58I5M30I75M2I11M4D6M2I79M6I39M2I24M8I8M5I5M6I13M2I45M2D21M2D28M
120	3046	0.346	7.773E-71	0	932	933	2	757	764	102M2I162M4I7D6M10I17M20I27M20I55M7I25M4D11M10I11M65I44M2D34M1D7M1D47M2I18M1D50M4I5M2I10M21I9M13I16M11I4M1I32M1I48M
1	3044	0.329	8.663E-71	0	932	933	0	775	787	276M9I3M39I12M14I5M12I19M3I18M6I40M33I9M53I32M1D14M2D39M1D3M1D49M2I16M2D14M1I22M4I11M4I15M8I51M2I13M1I32M1D4M2D9M7D6M8D2M3D18M6D10M
7	3037	0.338	1.266E-70	0	932	933	0	818	857	3M3D100M1D162M5D98M2I9M4I10M34I18M1I16M47I13M14I17M11I38M2D43M3D46M2I17M1D12M2I9M4I33M2I26M8I83M2D49M
2	3030	0.331	1.850E-70	3	932	933	8	779	781	99M1I58M1I106M1D8M6I6M11I32M11I16M24I11M39I23M37I22M20I22M1D41M1D40M3D49M1D11M1D6M4D65M4D10M7I22M20I17M8I32M3D11M5D12M3D26M
88	3018	0.334	3.544E-70	3	932	933	5	748	770	272M93I6M3I5M13I21M6I28M13I5M35I19M10I8M2I55M2D37M3D5M1I48M2I18M1D11M7I26M3I22M6I13M2I12M2I76M2D39M4D6M
20	3012	0.340	4.905E-70	0	932	933	0	749	772	5M2D261M4I5M26I8M15I1M6D9M3D2M32I18M6I6M47I10M9I4M24I6M6I19M10I8M3I53M2D37M3D5M1I46M2I17M1D14M7I26M3I37M8I10M2I73M2D37M1D7M2D4M
63	3012	0.335	4.905E-70	4	932	933	6	763	778	97M1D164M5D26M1D10M1I17M77I19M17I23M5I4M44I10M23I11M3I42M2D43M2D46M2I17M1D13M8I3M1D23M3I27M3I9M5I11M6I68M2D42M11D7M
0	3009	0.337	5.771E-70	0	932	933	8	751	754	106M1D160M4I1M17D3M7I7M13I35M17I21M1I22M7I9M134I7M2I65M3I13M1D2M1D77M1D5M6I37M2I12M3D5M3D15M21I30M3I30M2D21M2D30M
95	3008	0.344	6.092E-70	5	932	933	1	716	720	97M2I161M10D2M17I7M80I8M20I24M5I13M14I10M24I6M9I9M11I26M6I2M6D40M2D39M2D49M2I18M1D51M6I14M27I38M10I32M1I41M1D7M
40	3003	0.342	7.987E-70	0	932	933	0	752	776	5M1D99M1D174M7D10M2I10M2I19M27I8M20I3M12I7M4I8M12I4M16I1M75I6M3I30M2I38M2D37M3D5M1I46M2I18M1D13M7I26M3I22M8I25M3I16M1D59M2D34M1D11M
87	2999	0.337	9.920E-70	4	925	933	6	737	770	97M1D164M8D7M4D4M4I11M2I8M1I17M77I12M36I10M4I8M47I8M8I5M4I20M1I38M2D42M2D47M2I17M1D14M7I29M3I19M8I25M6I68M2D42M
89	2985	0.346	2.118E-69	0	932	933	0	753	777	5M2D99M1D165M17I14M24I12M19I20M17I18M5I10M16I7M46I6M3I4M14I13M3I13M4I43M2D37M3D5M1I48M2I16M1D13M7I29M3I19M8I25M2I76M2D34M1D11M
14	2883	0.342	5.322E-67	3	929	933	83	885	886	106M25I4M4I2M1D70M1D52M4I6D6M4I9M3I64M13I17M4I20M14I14M8I27M11I32M4I10M1D29M2D75M1D5M1D127M2I10M3I12M28I15M10I84M
125	2881	0.314	5.931E-67	2	922	933	24	805	813	263M4D14M2I14M10I9M6I11M26I22M16D1M11I29M13I5M32I31M10I33M3I6M5I64M13I130M2I10M4I11M3D2M1I9M9I6M6I9M9I80M
37	2881	0.319	5.931E-67	2	928	933	0	807	829	13M2D144M1I105M13D1M4I6M10I10M9I10M15I16M4I16M1I8M20D23M1D19M5I13M10I15M35I11M39I13M1I38M2D40M1D2M1D49M2I16M1D13M1I14M2I20M4I18M22I1M4D15M1I21M2I46M2D38M2D5M
36	2854	0.321	2.561E-66	2	929	933	0	808	829	12M2D145M1I105M13D1M4I6M10I10M9I10M15I16M4I25M19D23M1D19M5I13M10I28M32I7M43I42M2D40M1D2M1D49M2I16M1D13M1I14M2I20M4I20M3D7M21I8M1I21M2I43M4D4M2I35M2D6M
123	2735	0.436	1.617E-63	44	741	933	0	713	715	226M4D4M7I14M2I21M3I24M4I17M2D27M1I20M4D56M13D61M1I19M1I8M9D145M1D23M2D14M
21	2717	0.355	4.287E-63	3	781	933	2	701	745	211M1D51M7D11M7I9M27I17M11I10M13I18M1I14M1I19M2I23M2I23M4I21M4I16M10I30M1I77M4D4M2I69M1I10M1I33M4I22M
12	2506	0.334	3.955E-58	4	839	933	1	674	675	262M2D10M5I14M10I5M11I45M1I21M8I3M46I24M43I6M5I10M4I49M1I11M2D30M1D7M1I4M2I45M2I17M1D13M6I36M6I12M7I6M4I12M6I26M
121	2486	0.321	1.169E-57	11	802	933	1	618	619	258M11D7M5I14M95I15M2I8M14I15M15D4M57I5M33I2M3D17M8D21M1D15M2D40M2D50M2I16M2D14M2I9M3I22M4I33M1I9M
9	2344	0.293	2.565E-54	4	927	933	6	609	639	97M1D166M1D9M98I8M13I20M30I8M58I4M102I7M15D4M13I45M2I17M1D14M7I29M3I23M3I9M5I12M9I5M1D7M3I10M5D40M2D44M
11	2141	0.326	1.534E-49	0	790	933	0	583	596	42M32I191M4D11M41I24M23I7M3I27M6I9M59I13M17I30M26I22M1D15M2D36M1D5M1D49M2I16M2D14M5I31M4I31M
19	1855	0.213	8.233E-43	2	931	933	9	732	735	31M1D18M2D42M1I9M1I44M1D11M5D4M8D20M1I3M3D27M2D53M9D9M10I25M3I21M49I25M34I12M102I15M2D6M2D47M1I10M3D92M4D33M4D7M5I4M1I14M9I14M1I18M4I11M29I17M1D8M1I17M1I10M
90	1378	0.173	1.379E-31	0	923	933	0	690	697	33M1I14M5I49M1I40M3D7M2D13M1I21M1I21M1D6M13I4M1I41M26D3M60I6M7I13M5I12M13I24M21I7M63I13M38I40M2D3M3I10M1D22M5D41M2D2M2D6M3I18M2D16M1I4M13I24M14I5M1I5M1I18M15I33M1I4M1I10M1D12M1D10M1D15M1D16M
4	1278	0.178	3.110E-29	9	927	933	8	687	688	40M4I50M1I39M3D6M2D17M1I19M1I20M1D3M3D9M12I37M1D7M11I18M73I17M15I10M25I7M4D7M7I8M15I9M7I37M2D12M4I40M3I11M3D2M1D6M9I12M10D7M5D29M2D8M2D2M3I18M2D18M12I17M2I12M6I5M70I2M1I9M3I2M2I14M3D25M3D11M1D10M
129	1208	0.159	1.380E-27	10	920	933	0	646	656	23M1I9M35I3M2D4M1D17M1I40M3D7M2D13M1I18M1I24M1D6M13I4M1I44M64I3M26I13M17D17M11I14M71I6M36I29M6D32M3I7M2D6M1D8M1D10M3D11M1D33M1D2M3D9M3I16M2D16M1I4M10I19M4I8M3I2M20I2M6I38M2D14M4D7M1D17M8I9M1D13M1D15M
99	975	0.184	4.193E-22	5	641	933	17	449	450	28M1I14M5I49M1I40M3D4M1D14M1I23M1I31M2I8M8I36M12D3M30I6M43I30M2I31M17I7M114I38M3I14M3D4M1D17M4D12M
17	824	0.165	1.499E-18	9	856	933	3	896	985	22M2I11M5I6M1D9M1D11M1I4M1D26M1I38M2D3M1D21M9D19M1I16M12D9M1D16M10D29M20D2M1I7M34D56M8D13M2D49M3D4M1D50M16D22M10D10M3D111M6I12M15I4M3I11M1D10M3D4M11D19M63I9M2D27M6I9M2I73M
93	684	0.143	2.951E-15	11	663	933	13	801	803	34M4I8M3I33M1I11M1I39M4D2M3D16M2I4M1I13M2D29M4I6M2I6M20D31M2I2M5D9M2D12M15D74M103D31M1D70M3D30M12D22M9D36M3D35M7I6M20I23M1I7M2D16M
 117	7134	1.00	0.000E+00	0	1002	1003	0	1002	1003	1003M
128	4228	0.492	4.418E-97	6	988	1003	5	867	876	262M2D35M5I10M1I4M11I20M22I35M20I20M17I10M1D17M13I28M8I15M12D228M1I12M4I25M32I41M1I86M
8	4027	0.439	1.997E-92	0	997	1003	0	1015	1016	268M2D33M3D26M3I30M5D19M10D24M2D20M11D10M3D18M1D16M5D69M4I36M6I60M2I17M3D125M1I23M10I77M1I100M
30	3845	0.384	3.276E-88	0	995	1003	0	971	972	5M2I267M3I5M2D28M3D13M5I53M3D30M1I43M1D19M16D11M1D8M1D38M3D5M8I31M1D78M1I130M2I15M22I48M3I12M8I102M
49	3840	0.403	4.277E-88	2	998	1003	0	861	862	266M1I13M1D24M25I18M6I33M9I54M3I8M2I14M21I7M8I18M12I27M2D89M1I126M1I12M5I39M9I21M35I90M
54	3838	0.397	4.759E-88	2	998	1003	0	922	923	266M1I15M1D22M25I62M1D30M1D28M3I7M2I51M2D56M3D90M1I126M1I12M5I43M7I17M37I90M
3	3834	0.399	5.890E-88	0	994	1003	0	881	882	5M2I261M1I13M1D24M25I18M6I33M9I53M5I42M5I30M12I30M2D86M1I126M1I12M5I38M3I23M41I85M
41	3826	0.399	9.024E-88	0	992	1003	0	923	924	5M2I261M3I11M3D41M7I51M1I46M10I9M1D28M5D59M6I30M1I89M1I126M1I13M8I39M7I17M37I76M6D8M
51	3826	0.401	9.024E-88	5	989	1003	3	921	932	263M3I11M3D13M1D17M4D13M5I21M2D47M2D40M1D54M3D38M22I18M1I89M1I126M1I12M5I43M7I17M37I81M
112	3823	0.394	1.059E-87	2	995	1003	0	970	971	272M3I5M2D13M1D13M2D15M5I10M3D21M2I38M2D16M1D20M3D10M1D24M15D48M1I46M6I83M1I130M2I15M11I23M12I48M10I91M
33	3822	0.395	1.117E-87	0	995	1003	0	969	970	5M2I267M3I5M2D13M1D13M2D15M5I16M7D10M3D46M3D34M5I43M1I33M8D136M4I5M3D122M2I16M22I51M6I18M5I93M
13	3821	0.398	1.178E-87	2	995	1003	0	893	894	266M1I14M1D41M6I46M1D46M5I32M7I27M26I17M10I21M1D93M1I126M1I12M5I43M2D8M32I7M14I79M3D8M
56	3821	0.398	1.178E-87	0	998	1003	0	930	931	5M2I261M1I13M1D43M5I89M8I48M5D22M1I37M5I30M1I89M1I126M1I12M5I39M9I21M35I90M
52	3817	0.393	1.458E-87	0	1000	1003	0	912	913	5M2I261M1I13M1D32M29I8M2I20M2I19M1I47M1I18M2I30M5D12M4I25M11I28M9D87M1I126M1I13M5I38M9I16M36I5M1D78M3D13M
35	3816	0.403	1.538E-87	2	994	1003	0	928	929	267M1I14M1D11M1D21M2D9M5I51M11D22M1I38M3I45M4I9M6I23M12I26M1I89M1I122M1I16M3I9M1I35M7I17M37I81M4D5M
50	3811	0.401	2.008E-87	2	989	1003	0	898	906	266M3I11M3D24M25I31M2I27M13I21M3I65M2D53M4D24M1I89M1I122M1I16M11I17M1I43M37I81M
16	3803	0.409	3.077E-87	5	987	1003	37	971	978	263M2D4M5I5M2D13M1D29M4I80M6I90M1D156M1I87M1I34M2I15M6I10M10I14M6I28M5I17M8I84M
76	3802	0.394	3.245E-87	0	994	1003	0	924	925	3M2I263M3I11M3D13M1D21M2D7M7I43M6D25M2D31M2D107M27I97M1I122M1I18M5I37M9I20M35I80M4D7M
6	3796	0.395	4.469E-87	0	1002	1003	0	969	970	2M2I270M3I5M2D13M1D13M2D15M5D77M3D15M1D22M5D5M3D28M1I87M6I89M1I129M2I16M22I36M4I24M7I94M7I8M
28	3789	0.386	6.491E-87	0	1002	1003	0	970	971	2M2I270M3I5M2D13M1D13M2D20M2I18M3D25M5D20M3D41M5I32M7D182M1I129M2I16M22I36M4I24M7I94M7I8M
85	3787	0.386	7.222E-87	0	995	1003	0	969	970	2M2I270M3I5M2D13M1D13M2D15M5I44M10D20M2D17M1D25M7I29M15D21M4D45M10I106M4I5M3D122M2I16M22I36M4I24M7I102M
67	3782	0.384	9.429E-87	5	995	1003	4	963	964	266M6I7M5D11M1D13M2D15M5I9M2D22M2I37M2D24M5D6M1D24M5D14M7D16M3D42M1I11M8I17M1I98M1I125M2I13M22I9M2I3M14I145M
39	3779	0.380	1.106E-86	2	995	1003	0	964	965	272M3I5M2D26M3D15M5I39M1D31M2D13M1I40M1D21M19D21M1I41M9I115M1I125M2I13M22I9M2I3M2I9M8D35M2I4M15I92M
31	3777	0.392	1.231E-86	0	1002	1003	0	969	970	3M2I269M3I5M2D13M1D13M2D15M5I12M3D22M4I6M11D20M2D17M1D25M5I43M1D19M1D17M5D135M1I129M2I15M22I49M3I12M8I94M7I8M
130	3777	0.399	1.231E-86	0	987	1003	0	975	983	5M2I266M1I51M1I51M7D92M8D37M11D25M1D129M1I122M1I17M8I18M3I5M4I9M3I13M10I15M4I15M1I79M
45	3775	0.396	1.370E-86	2	998	1003	0	926	927	266M3I11M3D24M25I31M2I16M1D13M14D53M1I33M2D56M7I27M1I89M1I126M1I12M5I44M45I17M1D88M
109	3773	0.397	1.524E-86	2	987	1003	0	908	915	272M3I5M3D24M25I28M2I35M4D59M3D42M2D7M1D32M4I120M1I126M1I13M4I18M2I25M48I90M
71	3772	0.399	1.607E-86	6	987	1003	16	922	934	262M3I11M3D24M25I31M2I16M1D12M1D31M1D25M6D32M2D56M7I27M1I89M1I122M1I16M5I43M7I17M37I79M
5	3772	0.386	1.607E-86	0	1002	1003	0	969	970	5M2I267M3I5M2D13M1D13M2D15M5I44M10D28M3D34M4I33M6D182M1I129M2I16M22I36M4I24M7I94M7I8M
69	3770	0.391	1.788E-86	0	998	1003	0	923	924	5M2I261M3I11M3D34M1I5M10I44M1I31M1D19M3I25M10I51M3D54M1I89M1I126M1I30M5I25M7I16M37I91M
94	3765	0.391	2.334E-86	2	995	1003	0	923	924	272M3I5M2D12M1D14M2D15M5I10M1D27M1I23M1D23M1D13M14I14M12D53M14I16M7I15M4I91M1I130M2I15M22I12M17I144M
83	3765	0.407	2.334E-86	4	989	1003	26	941	947	5M1D259M1I15M1D32M1D6M8I46M1I13M7D8M2D14M2D18M4D60M5I8M7I26M12I21M2I89M1I126M1I12M3I15M5I20M15I10M12I14M15I81M
107	3765	0.379	2.334E-86	0	995	1003	0	968	969	5M2I267M3I5M2D26M3D15M5I10M3D31M7D31M3D42M1D19M16D46M4I4M1I20M10I107M1I125M2I21M5I27M4I17M4I13M21I103M
119	3761	0.378	2.889E-86	2	995	1003	0	967	968	272M3I5M2D26M3D15M5I39M1D38M3D63M16D90M6I96M1I125M2I13M22I9M2I6M14D15M3I14M21I103M
86	3761	0.393	2.889E-86	2	995	1003	0	969	970	272M3I5M2D13M1D13M2D16M6I41M11D21M2D17M1D26M6D7M3D28M1I87M6I88M4I5M3D122M2I16M22I36M4I24M7I102M
44	3759	0.395	3.215E-86	2	998	1003	0	885	886	266M6I7M6D14M1D20M26I8M6I33M9I54M3I7M2I34M5I30M12I30M2D86M1I126M1I13M5I37M3I22M41I90M
48	3758	0.401	3.391E-86	2	994	1003	0	898	899	266M3I10M3D19M3D25M5I32M7I12M1I52M13I11M10I25M1I42M8I28M1D88M1I121M1I21M8I31M15I11M26I12M2I86M
29	3756	0.384	3.772E-86	0	1002	1003	0	969	970	2M2I270M3I5M2D13M1D13M2D15M5I44M10D28M3D34M7I30M9D182M1I129M2I16M22I36M4I24M7I94M7I8M
61	3754	0.397	4.197E-86	0	989	1003	0	926	933	5M2I265M3I7M2D13M1D17M4D14M4I41M9D22M1D5M1D36M5I17M7I38M14I4M1I16M11I27M2D79M1I132M2I13M11I29M6I40M16I87M
43	3753	0.389	4.427E-86	0	998	1003	0	930	931	5M2I261M3I11M3D34M1I55M9D31M1I88M1I8M3I23M17I26M1I89M1I122M1I27M5I32M7I17M37I90M
27	3753	0.385	4.427E-86	0	1002	1003	0	969	970	5M2I267M3I5M2D13M1D13M2D15M5I48M5D25M1D70M9D182M1I129M2I16M5I21M26I19M8I26M6D82M7I8M
26	3752	0.384	4.669E-86	0	1002	1003	0	969	970	5M2I267M3I5M2D13M1D13M2D16M6I42M11D28M3D22M1D44M7D92M6I89M1I129M2I16M22I36M4I24M7I94M7I8M
24	3750	0.390	5.195E-86	0	995	1003	0	969	970	5M2I267M3I5M2D13M1D13M2D15M5I44M10D20M2D17M1D25M5I29M12D72M5I108M1I129M2I15M5I22M9I13M12I26M7I102M
25	3748	0.388	5.779E-86	0	1002	1003	0	969	970	2M2I270M3I5M2D13M1D13M2D15M5I44M10D28M3D34M5I30M13D89M6I88M4I5M3D122M2I16M22I48M3I12M8I94M7I8M
70	3745	0.387	6.782E-86	0	991	1003	0	857	858	5M2I261M3I11M3D21M16I10M9D30M19I47M13I52M1I7M47I25M1I89M1I122M1I16M5I43M7I17M37I79M7D4M
115	3745	0.398	6.782E-86	0	994	1003	0	981	982	3M2I278M1I11M1D11M5D20M4I12M2D30M10D25M3D47M2I50M4D8M2D47M1D109M1I122M1I17M16I74M14I90M
46	3742	0.388	7.959E-86	2	989	1003	0	915	926	266M3I11M3D34M1I5M10I30M5I26M1D53M4I29M4I52M5I30M1I89M1I126M1I13M4I6M5I32M7I17M37I56M12D25M
111	3741	0.387	8.395E-86	2	995	1003	0	937	938	272M3I5M2D13M1D16M2I12M1I40M1D57M6I22M1D61M6I41M6I88M1I132M2I13M8I9M15I27M4I23M7I102M
92	3741	0.379	8.395E-86	6	994	1003	0	1083	1084	270M3D31M1I16M6I23M1D16M6D54M3D16M5D23M16D13M6D8M7D33M14D11M9D28M1I102M1D128M2I13M19D71M2D14M13D109M
82	3739	0.402	9.340E-86	7	989	1003	30	941	947	2M1D259M3I46M13I29M2I19M5D50M1I60M8I64M2D97M1I121M1I18M4I11M3I9M5I3M15I4M3I11M5I20M15I81M
64	3733	0.387	1.286E-85	0	995	1003	0	967	968	5M2I265M3I7M2D13M1D13M2D15M5I42M12D23M1D5M1D36M5I30M9D31M5D19M1I16M11I27M2D79M1I132M2I13M22I13M16I33M1I23M6D87M
38	3733	0.382	1.286E-85	0	995	1003	0	968	969	5M2I267M3I5M2D13M1D13M2D15M5I10M3D33M9D23M3I31M3I36M15D24M2I25M1D40M6I89M1I132M2I43M9I15M3I15M6I10M15I92M
113	3728	0.388	1.679E-85	2	989	1003	0	904	915	266M3I11M3D24M25I41M1D18M5D146M8I27M2D89M1I122M1I29M2I2M6I21M9I6M39I92M
75	3724	0.389	2.078E-85	0	995	1003	0	969	970	5M2I267M3I5M2D13M1D13M2D15M5I45M12D20M1D5M1D11M1D11M1D46M6D28M1I63M6I89M1I132M2I13M11I43M1I17M6I9M15I93M
106	3717	0.380	3.019E-85	0	995	1003	0	969	970	2M2I270M3I5M2D13M1D13M2D15M5I37M1I5M9D19M3I5M1I29M6D11M4I25M14D57M5D11M10I107M1I128M2I17M22I37M4I23M7I102M
15	3717	0.394	3.019E-85	5	987	1003	39	976	983	278M1I11M1D29M4I18M1I61M6I47M4I20M7D175M1I87M1I34M2I15M2I12M29I36M2I107M
57	3715	0.391	3.359E-85	0	987	1003	0	918	931	5M2I305M18I45M2D79M1I69M2D20M1I115M1I122M1I16M3I4M2I39M7I17M37I79M
18	3714	0.373	3.543E-85	6	987	1003	0	1241	1248	262M3D7M6I1M7D19M1D26M3I40M2D5M1D24M14D36M10D34M4D5M7D47M2D37M17D18M15D68M1I141M2I30M32D26M21D22M8D33M42D11M86D78M
34	3712	0.392	3.941E-85	0	995	1003	0	969	970	2M2I270M3I5M2D13M1D13M2D15M5I44M10D28M3D35M6D7M3D28M1I87M6I88M4I5M3D122M2I16M22I36M4I24M7I102M
77	3708	0.386	4.878E-85	0	1002	1003	0	923	925	5M2I267M3I5M3D24M25I31M2I14M1I92M1D6M3D97M2D86M1I126M1I12M2I15M5I22M9I6M15I10M20I86M2I11M
118	3703	0.390	6.369E-85	0	994	1003	0	977	978	5M2I260M6I11M5D24M3D15M5I14M2D29M9D22M1D4M1D37M3D61M4D164M1I84M1I19M2D19M2I16M5I23M7I43M18I98M
127	3699	0.376	7.883E-85	0	994	1003	41	1012	1013	268M5D5M6I29M3D16M5I13M2D70M1D70M6D12M1I38M5D42M7D85M1I85M1I36M2I16M22I7M14I151M
42	3697	0.398	8.771E-85	0	991	1003	0	929	933	3M2I266M6I7M6D16M3D25M5I26M7I4M1I51M6I18M3I15M1D4M1I10M1I25M1I24M2D133M1I125M1I40M24I43M15I83M
22	3696	0.390	9.251E-85	0	995	1003	0	957	958	2M2I270M3I7M2D11M1D13M11D16M5I64M1D8M1D53M16D17M11I26M2I28M6I22M4I82M4I5M3D121M2I17M11I24M12I11M11I126M
53	3696	0.386	9.251E-85	0	995	1003	0	963	964	2M2I270M3I8M2D10M1D17M4D14M4I40M9D22M2D17M1D25M1I29M9D27M2I41M11I16M1I91M1I131M2I14M22I12M16I33M1I8M6D103M
66	3689	0.389	1.344E-84	0	994	1003	0	922	923	5M2I77M1D192M5I37M12I90M1D32M1I15M2D45M2I16M11I33M2I83M1I126M1I12M1I26M23I39M15I91M
131	3688	0.392	1.417E-84	0	987	1003	0	887	896	5M2I265M3I7M2D13M1D16M2I10M16I55M5I26M11I24M22I31M6I19M6D17M9I88M4I5M3D125M2I13M22I13M9I24M1I12M4I24M6D78M
122	3688	0.406	1.417E-84	9	998	1003	6	972	1001	259M9I16M4I24M11I36M24D36M10I9M13I13M1I28M1D19M2I3M1I36M6I26M2D5M4I221M15D36M1D134M5I23M
108	3687	0.392	1.495E-84	0	995	1003	0	927	928	5M2I267M3I5M2D39M9I49M7D18M1D31M6I13M9D9M2I48M3I20M15I20M6I83M1I130M2I15M22I20M10I19M5I6M1I112M
102	3677	0.376	2.548E-84	0	995	1003	0	963	964	5M2I265M9I1M8D13M1D13M2D17M4I43M10D20M2D17M1D73M3D16M2D17M1I20M9I16M1I99M1I127M2I34M14I41M18I98M
105	3673	0.383	3.154E-84	0	1002	1003	0	962	963	5M2I267M3I5M2D13M1D13M2D15M5I10M2D36M4D54M2I22M2I27M2D18M1D10M4D61M6D82M4I5M3D125M2I53M19I13M6I10M15I84M7I8M
78	3672	0.407	3.327E-84	2	994	1003	0	939	940	269M3I10M3D32M2D9M5I97M6I10M3I49M2I21M4D51M2I89M1I122M1I16M3I4M3I9M18I57M15I86M
72	3656	0.398	7.809E-84	0	994	1003	0	957	958	5M2I266M1I34M3D16M5I16M2D26M9D42M2I4M1D20M5I21M9D36M2I20M2I15M3I27M1D90M1I87M1I34M2I16M10I11M17I19M3I17M5I12M1I99M
62	3650	0.378	1.075E-83	0	995	1003	0	930	931	5M2I267M3I5M2D26M3D15M5I9M6D31M12D56M20D18M4I15M6I12M2I12M24I10M18I13M6I96M1I125M2I13M22I9M2I3M2I9M8D35M2I4M15I92M
59	3647	0.389	1.262E-83	0	988	1003	0	972	982	3M2I4M1D274M1I11M1D40M3D37M15D84M3D52M7D32M4D34M3D85M1I86M5I2M4D34M1I13M1I3M4I53M18I5M24I80M
58	3646	0.394	1.331E-83	2	998	1003	0	888	889	266M3I11M3D24M25I31M2I16M1D10M12I30M16I20M1I12M7D15M4I8M1I65M3D86M1I122M1I12M12I40M7I17M37I90M
23	3639	0.386	1.933E-83	0	989	1003	0	929	935	5M2I264M6I7M6D24M2D15M7I72M1I13M2I34M1I15M2D46M2I19M9I34M1D82M1I125M1I13M4I12M14I6M15I35M6I98M
116	3635	0.392	2.393E-83	0	989	1003	0	886	893	5M2I261M3I11M3D23M25I40M1D17M8D47M13I7M1I21M5I7M3D8M9I31M3I31M1I89M1I122M1I29M2I2M6I20M8I8M39I28M1D64M
47	3569	0.384	8.082E-82	0	987	1003	0	807	820	3M2I263M3I10M3D25M25I44M16I14M2I39M2D7M1D18M33I35M32I89M1I122M1I22M1D11M5I6M5I3M44I5M10I7M8I78M
73	3559	0.377	1.377E-81	23	994	1003	0	932	933	260M1I24M3D68M3I52M1D30M2I8M11D8M1I21M4I33M6I115M1I84M1I41M3I12M11I10M12I25M3I30M6I97M
68	3502	0.366	2.879E-80	24	994	1003	17	900	901	9M2I238M1I35M21I5M8I14M3I83M1I16M3I27M1I36M1D9M9I115M1I85M1I39M2I13M22I9M2I49M11I101M
65	3498	0.370	3.563E-80	9	997	1003	2	878	879	265M3I7M2D51M3D41M1I21M2D17M2D22M11D23M4I33M8I28M11I20M3I92M1I84M2D4M3I32M4I4M82I22M14I89M
60	3485	0.362	7.127E-80	6	997	1003	0	993	994	12M2D15M8D6M5D244M1I11M1D37M1D41M10D43M15D15M2D15M2D8M2D82M5I33M3D85M1I86M4I2M3D35M1I12M4I8M3I7M6I44M31I9M4D86M
55	3478	0.365	1.035E-79	0	998	1003	0	892	893	5M2I107M1I155M10I35M15I40M1D60M7I11M1I12M2I30M11D57M4D21M2D89M1I9M1I49M1I40M20I9M18I35M19I11M11I11M14I50M1I39M
74	3470	0.363	1.586E-79	9	983	1003	1	924	926	258M10I102M8D98M9D8M1I15M2I32M9I17M1I98M1I86M2I33M3I16M29I21M4I22M2I12M8I9M2D62M2D14M
32	3407	0.377	4.564E-78	44	1002	1003	1	928	929	230M3I5M2D13M1D13M2D15M5I46M10D26M3D34M5I30M13D89M6I89M1I133M2I12M5I11M17I37M3I12M8I94M7I8M
101	3394	0.367	9.130E-78	6	987	1003	19	928	936	269M7I35M18I14M2I57M5I44M1I27M3I48M9I35M4D3M2D58M2D12M1I95M11D38M1I12M4I34M2I8M6I8M8I10M25I6M1D77M
100	3393	0.349	9.630E-78	0	1000	1003	0	805	806	2M3I267M11I10M4I12M47I24M1I38M29I5M10I34M14I25M25I16M2I79M1D80M2D9M4I1M4D23M3I8M3D2M1D12M3I24M10I24M2I4M41I3M1I49M1D28M3D12M
91	3338	0.354	1.809E-76	6	996	1003	8	787	788	100M1D162M1I10M4D11M10I17M13I24M7I30M11I20M27I4M6I4M53I20M27I79M2I13M1D88M6I32M3I25M8I8M3I14M37I10M8I15M1I33M2D17M4D32M
104	3337	0.372	1.908E-76	0	995	1003	0	937	938	5M2I39M32I196M3I5M2D13M1D13M2D15M5I16M7D10M3D46M3D35M6D13M1D92M5I107M4I5M3D126M2I12M22I36M4I24M7I102M
80	3332	0.372	2.491E-76	44	994	1003	1	930	931	230M3I5M2D26M3D16M5I6M2D39M9D19M1D18M3D5M1D74M1I27M2D24M1I29M5D88M1I85M1I36M2I16M22I9M2I8M9I38M2I104M
126	3326	0.359	3.430E-76	0	990	1003	3	807	808	6M1I98M2I168M2I29M47I30M22I28M13I16M8I31M36I12M20I7M7D84M1I49M1I37M2I27M5I21M3I32M1I22M13I19M14I40M2I42M
79	3312	0.384	7.237E-76	54	994	1003	0	888	889	262M2D9M5I97M6I75M1I48M1I102M1I122M1I16M1I26M23I37M1I4M14I89M
114	3288	0.358	2.603E-75	4	987	1003	2	922	929	218M1D46M4D3M10I46M3I30M1D31M1D108M2D37M10I30M5I58M2D20M1I67M5I16M3D39M1I29M5I6M5I6M13I8M1I12M9I16M7I5M2I76M
84	3262	0.364	1.041E-74	52	994	1003	3	928	929	222M3I5M2D24M3D18M5I10M2D73M1D81M5D40M4D23M14D104M1I85M1I39M2I13M24I49M2D21M14I86M
124	3250	0.338	1.975E-74	7	989	1003	1	712	713	259M11D12M1D6M16I14M67I9M12I16M13D7M16I16M70I13M39I39M1D24M1I15M1D85M1I31M3I33M5I6M25I13M43I47M1D7M1I32M
98	3217	0.339	1.147E-73	0	990	1003	4	769	776	6M2D102M1D161M1D21M5I17M18I55M17I21M59I6M11I4M18I10M4I8M31I3M2I63M2I14M1D77M1I9M6I32M3I19M9I17M4I7M2D8M6I12M25I2M16I2M1I34M2D20M4D23M
7	3208	0.350	1.854E-73	0	1002	1003	0	829	857	5M1D99M1D163M6I14M11I10M5I10M5I9M9I15M25I61M2D8M3I18M44I11M19I27M2I40M2D43M2D46M2I17M1D21M6I31M3I17M2I24M5I9M10I20M30I43M2D36M3D19M
120	3207	0.341	1.956E-73	0	1000	1003	0	763	764	105M2I161M4I11M3I7M3I18M28I18M17I8M17I21M4I12M1I9M14I10M6I12M21I3M17I12M7I25M2I40M2D40M1D52M2I18M1D49M6I3M1I11M8I4M5I10M69I15M3I33M1I53M
97	3203	0.342	2.421E-73	0	996	1003	17	785	786	6M2D102M1D160M2D21M14I16M11I27M4I12M16I11M2I4M61I23M32I14M24I17M2I62M3I14M1D87M6I32M3I20M9I17M3I16M4I12M25I4M18I35M1D17M2D31M
0	3154	0.347	3.302E-72	0	990	1003	4	747	754	6M2D102M1D172M6D10M19I8M13I15M2I20M30I32M101I6M26I15M2I63M3I13M1D80M1D7M6I32M3I24M9I13M3I9M2D5M6I11M38I7M3I33M2D18M2D26M
63	3150	0.340	4.087E-72	6	1002	1003	6	775	778	97M1D164M10I15M49I12M15I11M2I19M11I14M19I6M29I15M26I11M19I16M1I10M2I39M2D43M1D47M2I17M1D14M4I3M3I29M4I36M4I9M6I15M7I13M36I38M2D40M15D15M
87	3140	0.319	6.967E-72	0	1002	1003	0	764	770	102M1D165M6D16M1I12M1I20M1D8M4I6M8I3M2I9M24I8M16I13M31I12M109I7M2I40M2D40M1D51M2I15M1D14M4I3M3I29M4I16M48I17M12I33M7D37M2D41M12D15M
96	3137	0.326	8.176E-72	4	997	1003	35	943	948	33M5I226M2I14M1I8M1I21M27I33M3I16M1I75M38D35M15I7M2I8M7I30M4D6M1D60M4I18M1D49M1I32M1I36M1I20M2D12M3I9M29I14M1I8M26I9M1I84M
20	3113	0.323	2.940E-71	0	1002	1003	0	769	772	267M13I10M29I12M46I8M8D15M1D22M29I4M11I10M4I16M30I6M37I8M2I39M2D39M1D51M2I17M1D18M7I28M4I31M4I14M14I29M31I40M2D41M15D15M
10	3089	0.332	1.057E-70	0	996	1003	19	783	784	108M1D181M14I13M27I25M1I36M49I6M14I10M24I21M36I12M2I63M2I14M1D87M6I32M3I21M9I9M4I16M35I14M12I42M2D19M2D30M
95	3085	0.330	1.309E-70	6	998	1003	0	719	720	99M2I161M4I11M3I21M36I4M38I18M1I12M9I14M6I11M28I5M13I7M54I19M3D36M2D40M1D52M2I16M1D51M7I40M52I10M23I2M1I33M1I51M
103	3064	0.340	4.010E-70	28	994	1003	0	885	886	49M4I8M5I11M2I166M8I3M2D78M2I20M2I8M3I17M25I58M17D39M8I111M1I6M2D121M1I16M8I25M18I15M9I21M6I93M
1	3060	0.300	4.964E-70	4	1002	1003	2	786	787	263M9I35M31I11M19I47M12I19M82I10M35I27M1D13M2D40M1D53M2I16M2D14M1I25M9I23M27I6M11I56M11I2M1I33M3D11M5D7M13D23M9D15M
40	3030	0.318	2.458E-69	0	1002	1003	0	768	776	5M1I100M1D163M15I7M28I13M9I17M17I36M1I6M36I10M7I25M72I9M2I40M2D34M1I8M2D46M2I18M1D13M3I3M4I29M4I31M4I14M14I29M31I40M2D41M5D8M4D7M
37	3024	0.315	3.385E-69	1	1002	1003	0	817	829	3M3I10M2D144M1I105M1D17M2I26M74I9M3I26M15I21D2M3D13M13I9M4I5M1I11M18I21M14I23M3D4M2I39M2D40M1D52M2I16M1D22M2I2M1I22M4I9M1I13M1I15M6I2M9I6M31I17M13I40M1D6M1D53M
110	3016	0.371	5.186E-69	92	995	1003	0	879	880	182M3I4M2D14M1D13M2D15M5I16M7D10M3D38M2D17M1D26M6D7M3D13M8D52M9I42M6I88M4I5M3D126M2I12M10I5M6I16M15I19M8I26M6D90M
88	3011	0.314	6.771E-69	6	1002	1003	6	762	770	264M11I11M17I4M1I12M24I9M17I34M7I11M12I21M2I6M68I7M35I40M2D38M1D53M2I18M1D11M4I3M3I29M4I31M4I14M14I29M31I43M2D38M10D15M
89	2993	0.321	1.768E-68	0	1002	1003	0	769	777	106M1D165M10I12M50I10M15I6M4I11M10I13M9I35M15I9M2I14M64I6M6I5M2I40M2D34M1I8M2D48M2I16M1D13M3I3M4I29M4I31M4I14M14I29M31I41M2D40M5D8M4D7M
14	2988	0.320	2.309E-68	2	991	1003	80	885	886	107M25I6M4I2M1D70M1D52M4I10M2D29M1D10M9I30M14I39M2I3M15I55M7I38M12I11M13I8M2I79M1D127M3I29M28I11M52I84M
36	2962	0.315	9.236E-68	6	1002	1003	2	817	829	10M2D145M1I105M1D17M2I21M39I17M9I26M18D37M9I8M34I17M16I14M23I20M5I37M2D40M1D52M2I16M1D22M2I2M1I22M4I7M1I14M2D4M3I10M23I6M23I19M13I42M1D4M1D53M
125	2955	0.305	1.342E-67	6	991	1003	26	812	813	261M4I21M46I24M4I20M8I5M7I4M17D29M1I17M9I9M14I7M16I20M19I25M6I60M6I6M8I115M3I13M1D22M37I10M20I11M7I13M2I77M
2	2943	0.331	2.544E-67	0	993	1003	3	780	781	106M1I56M1I112M5I12M7I8M22I19M4I22M26I15M1I15M5I15M21I11M25I6M16I11M29I4M4I36M1D33M1D13M1D47M1D11M1D6M1D2M3D64M3D7M10I7M23I10M3I18M35I7M3I30M1D4M2D7M5D11M3D22M2D6M
81	2941	0.374	2.830E-67	41	886	1003	7	883	885	233M3I5M2D13M1D13M2D15M5I38M1D32M2D17M1D12M9D7M1I27M7D96M6I89M1I133M2I14M3I47M27D34M
21	2791	0.361	8.430E-64	4	806	1003	1	703	745	212M1D51M5I21M3I9M1D10M20I24M20I21M2I34M4D28M1D41M45I16M4I7M2I79M1D75M1I10M5D1M6I27M6I4M1D19M
12	2551	0.348	3.049E-58	5	846	1003	0	674	675	262M3I20M5I14M21I21M25I9M15I18M17I14M6I36M29I10M16I14M11I6M2I28M1I9M2D29M1D6M4I54M2I16M1D13M6I37M7I9M1I46M
123	2517	0.389	1.869E-57	46	763	1003	0	713	715	232M3I15M1D29M4I131M3I12M12D30M3I28M9I28M3D87M1I66M1D23M2D14M
121	2493	0.322	6.721E-57	13	828	1003	1	618	619	264M2D15M1D11M39I16M22I16M57I4M9D5M63I17M4I5M16I10M2D3M1I23M1D12M2D45M1D49M2I16M2D14M2I10M3I19M5I19M4I25M
9	2368	0.281	5.277E-54	0	1002	1003	0	634	639	103M1D164M10I6M98I15M35I17M105I13M27I4M18I4M22I3M11D5M14I45M2I17M1D11M2I7M5I28M4I31M4I14M6I5M1I5M11I15M31I41M2D40M12D15M
11	2137	0.316	1.181E-48	5	811	1003	3	581	596	39M32I191M9I7M39I4M2I2M13I11M14I6M5I9M3I31M9I12M11I25M4I7M78I9M3I24M1D13M2D41M1D52M2I16M2D26M5I20M4I7M1I21M
19	1819	0.206	2.736E-41	7	991	1003	12	730	735	26M1D15M2D47M1I10M1I43M1D11M5D4M8D20M1I3M3D27M2D8M5D7M5I30M3D30M64I10M35I16M8I32M27I13M36I3M41I12M2D6M2D47M1I19M2D80M4D38M1D9M3I16M3I13M42I8M4I13M5I11M29I16M1D13M1I12M1I9M
90	1315	0.169	1.287E-29	0	987	1003	0	692	697	4M1I3M1I24M1I14M5I55M1I39M5D17M1I21M1I24M1I4M13I3M1D35M2D16M39I3M7D31M4I14M5I17M59I8M97I14M5I38M3I5M2D8M1D22M6D6M2I31M1I3M5D7M3I18M2D20M14I15M1I13M19I6M15I19M13I15M2I7M23I24M1D16M1D6M1D13M1D20M
4	1224	0.175	1.649E-27	5	987	1003	2	684	688	3M1I3M1D39M4I51M1I38M3D4M2D19M1I19M1I22M4D10M12I34M10I12M1I33M7I27M8I14M5I12M9I7M50I2M4I17M35I24M35I6M5I28M3I11M3D2M1D8M2I11M4D10M2D11M1D22M2D8M2D3M3I15M2D16M1I4M11I17M7I7M7I10M105I9M4D12M7I8M1D21M3D19M
129	1093	0.167	1.783E-24	12	986	1003	0	650	656	22M1I10M35I3M2D4M1D19M1I41M5D17M1I18M1I33M13I37M2D7M6I10M28I6M9D5M68I27M26I16M3I7M37I13M10I7M30I5M7I27M3I10M2D8M1D9M1D22M3D34M4D10M3I15M2D21M11I19M6I5M2I5M22I10M16I11M5I29M14I7M1I2M1I6M9I4M1D16M1D6M1D13M1D19M
99	1014	0.190	1.204E-22	7	664	1003	17	448	450	27M1I12M5I54M1I38M3D4M1D14M1I20M1I27M2D12M12I31M2D6M2D18M9I15M20I15M18I28M1I14M169I38M3I9M3D4M1D6M1D25M
17	835	0.172	1.684E-18	11	987	1003	3	980	985	21M2I12M1D5M5I10M1D11M1I4M1D26M1I38M2D3M1D21M9D18M1I19M12D7M3D4M12D7M4I29M4D3M3I15M15D13M1D30M6I30M1D29M2D90M4D37M1D45M16D17M2I11M2D13M8I10M6I3M7I16M1D17M22I7M6I5M13I22M14D21M11D16M5D7M5I5M8I32M2D26M1I54M23I3M8I16M12D17M
93	663	0.162	1.621E-14	13	596	1003	13	763	803	32M3D7M10I33M1I11M1I39M3D5M4D13M2I4M1I13M2D26M1I1M11D18M4D30M3D12M4I13M1D33M7I30M8D21M103D23M1D18M2D24M10D14M8D16M2D17M16D43M1I15M13D24M3I9M4D9M
 109	6756	1.00	0.000E+00	0	914	915	0	914	915	915M
76	5775	0.858	0.000E+00	0	914	915	0	919	925	344M1I39M1I99M1I59M3D252M1D34M4D85M
51	5760	0.851	0.000E+00	0	914	915	0	925	932	346M2I97M1I38M1I31M7D32M3D247M1D35M4D85M
43	5741	0.854	0.000E+00	0	914	915	0	925	931	395M1I88M1I27M5D32M3D251M1D35M4D85M
54	5726	0.843	0.000E+00	0	914	915	0	917	923	344M2D45M2I52M1I34M8I25M4D32M3D252M1D35M4D85M
71	5710	0.843	0.000E+00	4	913	915	16	927	934	340M1D45M2I52M1I34M8I26M4D30M3D253M1D35M4D84M
69	5707	0.821	0.000E+00	0	914	915	0	918	924	340M10I42M2I64M1D56M7D30M3D250M1D37M4D84M
50	5685	0.831	0.000E+00	0	913	915	0	901	906	389M2I47M19I7M2I18M1I25M4D34M3D251M1D35M4D84M
57	5655	0.822	0.000E+00	0	913	915	0	923	931	300M1I48M1D80M1D56M1I33M4D23M2I5M3D246M1D31M4D88M
56	5651	0.824	0.000E+00	0	914	915	0	925	931	324M2I158M1I18M1I12M7D28M3D250M1D36M4D85M
35	5633	0.832	0.000E+00	0	913	915	0	922	929	332M1D63M1I47M3I37M4I26M7D31M3D244M1D7M1D35M4D84M
113	5627	0.808	0.000E+00	0	913	915	0	907	915	344M2I6M4I124M4I1M1I27M4D32M3D234M2D10M4I121M
45	5599	0.835	0.000E+00	0	913	915	0	920	927	344M1D45M2I52M1I21M5D16M8I22M4D32M3D252M1D35M4D84M
46	5590	0.815	0.000E+00	0	913	915	0	918	926	346M2I92M17I8M2D19M1I31M7D28M3D235M4I11M1D36M4D56M12D28M
52	5556	0.804	0.000E+00	0	913	915	0	901	913	327M2I3M2I102M3I6M1I34M5I5M1I12M1I12M5I21M1I5M4D247M1D36M4D83M
41	5521	0.792	0.000E+00	0	913	915	0	917	924	292M3I39M1I85M1I24M1I38M1I27M6D36M3D229M1I8M1I43M4D84M
44	5448	0.783	0.000E+00	0	914	915	0	880	886	327M2I3M2I8M13I89M1I35M5I5M1I12M1I10M6I20M8I246M1D37M4D84M
13	5446	0.795	0.000E+00	0	914	915	0	888	894	345M5I66M3I25M10I24M8I17M1I12M1D24M5I249M1D37M4D84M
3	5433	0.788	0.000E+00	0	914	915	0	880	882	327M2I3M2I8M13I89M1I35M5I5M1I12M1I10M6I20M8I246M1D37M4D84M
77	5432	0.780	0.000E+00	0	913	915	0	915	925	344M4D18M3I20M1I98M1I27M3I29M3D239M2I9M1D36M4D84M
116	5430	0.790	0.000E+00	0	914	915	0	890	893	353M8I27M4I88M5I5M2I13M8I31M3D237M3I11M1D17M1D35M1D68M
70	5409	0.778	0.000E+00	0	914	915	0	852	858	311M10D2M34I42M2I50M48I23M4D30M3D253M1D35M4D85M
58	5372	0.813	0.000E+00	0	914	915	0	883	889	344M1D45M2I34M10I14M17I12M8I25M4D32M3D228M7I17M1D35M4D85M
49	5308	0.770	0.000E+00	0	912	915	0	854	862	327M2I3M2I8M13I82M25I18M5I5M1I12M1I10M6I20M8I246M1D37M4D82M
48	5269	0.751	0.000E+00	0	914	915	0	897	899	301M2I47M4I35M4I26M4D32M4I32M5I18M2I15M4I19M1D230M3I11M1D34M5D87M
83	5236	0.778	0.000E+00	5	913	915	29	944	947	2M1D294M2I7M1D39M5I34M1D31M4D65M1I28M2D4M5D10M5I10M2D239M2I44M6D87M
82	5216	0.751	0.000E+00	5	913	915	30	944	947	2M1D299M1D44M4I35M1D30M4D65M1I302M2I38M6D87M
47	5123	0.736	0.000E+00	0	912	915	0	811	820	345M3I47M1I21M5I7M17I6M17I13M43I21M2D249M1D12M18I88M
42	5070	0.682	0.000E+00	0	913	915	0	930	933	302M2I41M7I37M1I17M3D42M1I11M1I22M1I27M3D13M5D12M4D243M6D4M3D45M6D85M
78	5029	0.692	0.000E+00	0	914	915	0	938	940	294M1I49M1I44M1I22M1I7M4D25M1I18M1I19M1I21M6D52M6D221M5D5M4D47M6D84M
23	5005	0.680	0.000E+00	0	913	915	0	932	935	294M1I50M7I37M1I22M1I7M4D25M1I13M1I24M1I29M5D8M3D16M4D17M1D225M6D15M3D34M6D85M
55	4903	0.739	0.000E+00	0	914	915	0	887	893	112M1I236M1D22M2I65M1I31M3I11M1I9M4I15M4D11M1D13M6D11M3D99M1I48M1I44M32I21M1D33M4D53M1I34M
66	4824	0.655	0.000E+00	0	914	915	0	921	923	82M1D212M1I55M15I24M1I22M1I6M4D30M1I11M1I20M1D3M2I23M5D5M1I38M4D233M3D7M6D32M6D89M
130	4819	0.625	0.000E+00	0	914	915	0	981	983	280M1I16M3D57M2D36M1D23M7D4M4D7M6D62M1D4M6D9M1I16M1D14M12D14M5D243M11D3M4D37M6D88M
79	4515	0.672	3.483E-104	53	914	915	1	887	889	241M1I56M1I37M1I29M3D26M1I15M1I20M1D3M2I19M6D10M8D30M4D6M5I221M9D52M6D85M
115	4447	0.557	1.164E-102	0	914	915	0	980	982	281M1I12M3D49M2D46M1D23M10D16M3D34M1D37M5D13M12D18M6D250M6D4M5D11M6D30M3D6M4D84M
105	4418	0.521	5.506E-102	0	914	915	0	960	963	281M1I65M2D20M1I45M8D11M6D75M3D5M2D22M2D25M12D211M1I25M9D43M5D84M
62	4398	0.527	1.608E-101	0	914	915	0	928	931	281M1I65M2D20M1I69M20D6M5I33M7I8M6I17M2I19M4I218M1I18M1I12M16D37M4D84M
33	4392	0.510	2.218E-101	0	914	915	0	967	970	281M1I85M1I54M10D18M5D29M2D20M2D34M16D239M1I25M16D37M5D90M
61	4389	0.517	2.605E-101	0	913	915	0	929	933	281M1I65M2D20M1I77M4I313M1I13M14D5M2D49M5D84M
72	4385	0.533	3.228E-101	0	914	915	0	956	958	281M1I66M1D19M1I64M1D33M9D19M2D43M2D9M2D11M11D175M1I39M1I20M14D22M1I23M5D86M
112	4384	0.505	3.405E-101	0	914	915	0	968	971	281M1I65M2D20M1I68M1D15M8D14M9D57M16D240M1I18M2I31M19D16M4D85M
39	4381	0.521	3.999E-101	0	914	915	0	962	965	281M1I65M2D20M1I45M8D11M7D32M18D59M1D25M4I218M1I29M15D39M4D84M
94	4376	0.520	5.228E-101	0	914	915	0	922	924	281M1I40M3I36M3D35M1I42M12D44M12I12M1I35M4I215M1I14M2I17M17D117M1D2M
59	4375	0.546	5.516E-101	0	913	915	0	976	982	7M1D274M1I12M3D49M2D43M1D37M17D53M4D17M5D28M18D30M7D173M1I55M3D6M2I34M1D7M5D85M
111	4374	0.523	5.820E-101	0	914	915	0	935	938	281M1I65M2D20M1I73M4D81M2I238M1I14M13D4M2D35M1D14M4D85M
38	4373	0.508	6.140E-101	0	914	915	0	966	969	281M1I65M2D20M1I45M6D18M7D26M20D27M1I277M1I20M16D41M1D7M4D84M
30	4366	0.506	8.935E-101	0	914	915	0	969	972	281M1I65M2D20M1I47M5D6M6D17M4D18M19D92M1D214M1I25M1I5M17D37M5D84M
131	4359	0.518	1.300E-100	0	913	915	0	892	896	281M1I65M2D20M1I46M9I7M2I13M28I8M5I3M3I4M6I21M13D17M4I218M1I18M1I24M20D25M5D83M
25	4353	0.508	1.793E-100	0	914	915	0	967	970	281M1I85M1I44M8D20M7D21M19D69M1D240M1I25M1I5M17D25M5D96M
6	4344	0.515	2.905E-100	0	914	915	0	967	970	281M1I85M1I54M10D18M5D29M2D20M2D34M16D239M1I25M1I5M17D31M5D90M
118	4341	0.531	3.411E-100	0	914	915	0	976	978	281M1I66M1D19M1I60M18D54M5D20M2I16M7D26M11D174M1I20M2D21M1I18M12D24M7D24M5D86M
85	4337	0.505	4.227E-100	0	914	915	0	967	970	281M1I85M1I106M17D5M4D8M2I47M16D226M1I25M5D4M11D39M5D84M
67	4333	0.523	5.238E-100	5	914	915	6	961	964	276M1I42M3I17M4D23M1I49M10D29M3I16M6D19M2D14M1D7M9D22M3D15M4D220M1I22M1I9M12D35M5D85M
86	4332	0.510	5.526E-100	0	914	915	0	967	970	281M1I85M1I45M8D22M7D34M2D20M2D34M16D239M1I25M5D4M11D39M5D84M
127	4331	0.524	5.830E-100	0	914	915	43	1011	1013	281M1I66M1D19M1I61M18D37M3D12M2D25M6D21M7D22M3D178M1I37M1I18M14D24M1I25M5D84M
53	4330	0.514	6.151E-100	0	914	915	0	961	964	281M1I65M2D20M1I45M8D21M2D16M1I13M9D20M1I14M1D20M5D16M4D227M1I14M14D4M2D45M5D89M
119	4325	0.498	8.041E-100	0	914	915	0	965	968	281M1I65M2D20M1I21M2I37M9D33M15D62M10D239M1I29M15D39M5D84M
28	4322	0.512	9.444E-100	0	914	915	0	968	971	281M1I130M10D28M5D12M3D6M7D13M4D20M1D18M4D13M1D240M1I25M1I5M17D31M5D90M
27	4318	0.508	1.170E-99	0	914	915	0	967	970	281M1I85M1I44M8D9M2D29M1I13M10D59M16D239M1I13M8D17M8D32M5D90M
34	4304	0.511	2.478E-99	0	914	915	0	967	970	281M1I85M1I39M8D25M7D37M2D20M2D34M16D239M1I25M5D4M11D39M5D84M
31	4302	0.514	2.758E-99	0	914	915	0	967	970	281M1I85M1I44M8D20M7D37M2D20M2D34M16D239M1I14M1I16M17D36M5D85M
22	4301	0.502	2.910E-99	0	914	915	0	955	958	281M1I40M3I42M1D84M2D9M22D62M1D240M1I19M3D12M12D37M5D84M
29	4301	0.509	2.910E-99	0	914	915	0	967	970	281M1I85M1I44M8D20M7D20M19D11M1D299M1I25M1I5M17D32M5D89M
107	4300	0.503	3.070E-99	0	914	915	0	966	969	281M1I85M1I54M2D48M17D34M4D46M12D212M1I14M3D2M2D12M11D36M4D88M
64	4299	0.499	3.239E-99	0	914	915	0	965	968	281M1I65M2D20M1I73M2D10M6D10M15D18M6D8M2D275M1I13M14D5M2D49M5D85M
16	4297	0.533	3.606E-99	5	914	915	39	977	978	276M1I28M1I17M2I37M1I21M1D16M6D13M2D9M3D20M1D80M1I13M5D182M1I38M1I31M16D37M3D84M
5	4285	0.510	6.859E-99	0	914	915	0	967	970	281M1I85M1I55M11D41M8D59M16D239M1I25M1I5M17D36M5D85M
26	4284	0.514	7.237E-99	0	913	915	0	966	970	281M1I85M1I44M8D12M7D45M2D20M2D34M16D239M1I25M1I5M17D31M5D89M
24	4283	0.507	7.635E-99	0	914	915	0	967	970	281M1I85M1I45M8D12M2D25M2I12M11D59M16D239M1I14M2I11M18D40M5D85M
75	4281	0.519	8.499E-99	0	914	915	0	968	970	281M1I87M1D44M8D11M7D42M2D32M1D7M1D18M14D239M1I14M3D2M2D12M3D5M8D30M1D5M4D82M1D2M
15	4270	0.529	1.532E-98	2	914	915	38	982	983	279M1I28M1I11M3I42M1I31M1D13M1D14M10D40M3D27M2D21M5D29M3I177M1I38M1I14M3D3M13D40M5D95M
106	4268	0.509	1.706E-98	0	914	915	0	967	970	281M1I85M1I60M9D36M10D59M16D234M1I30M5D4M11D39M5D84M
108	4264	0.515	2.114E-98	0	914	915	0	925	928	281M1I40M3I14M2D28M1D29M1I18M1D7M2I15M12D23M3D18M12I51M4I215M1I25M15D42M1D85M
73	4183	0.532	1.623E-96	23	914	915	2	931	933	258M1I52M1D33M1I83M3D14M6D57M7D28M4D170M1I40M2I24M2I8M19D33M5D85M
102	4134	0.489	2.242E-95	0	914	915	0	961	964	281M1I139M11D9M1I9M3D23M2D29M2D20M2D37M8D213M1I29M17D24M5D99M
68	4132	0.515	2.496E-95	1	914	915	6	899	901	10M10I7M2I251M1I61M2D24M1I46M3I28M2I34M7I7M4I34M7I5M2I177M1I37M1I22M14D44M5D86M
60	4118	0.502	5.285E-95	5	914	915	1	989	994	10M2D16M8D6M5D244M1I15M3D93M1D18M2D16M15D52M4D20M4D36M15D21M8D169M1I53M8D55M6D84M
65	4101	0.518	1.314E-94	7	913	915	2	873	879	274M1I20M2D52M2D82M13D41M8I66M3D171M1I39M39I20M6I87M
74	4024	0.522	8.143E-93	7	884	915	1	902	926	274M1I85M1I37M14D12M3D31M4I9M15D19M8I24M3I210M2I31M2I23M1D5M8D19M1I22M5D55M
80	3952	0.509	3.859E-91	42	914	915	1	929	931	239M1I50M1D31M22D27M4I36M1I42M3D5M2D46M2D7M5D7M7D9M3D177M1I37M1I25M14D41M5D86M
104	3940	0.479	7.341E-91	0	912	915	0	933	938	44M32I205M1I85M1I45M8D11M7D45M2D20M2D34M16D239M1I25M5D3M11D35M5D87M
84	3914	0.512	2.957E-90	47	914	915	0	927	929	234M1I66M1D19M1I43M7D8M11D55M3D4M2D46M2D7M5D4M15D189M1I37M1I24M14D18M1I23M5D86M
32	3892	0.498	9.614E-90	42	914	915	1	926	929	239M1I85M1I44M8D20M7D21M19D69M1D240M1I13M2I8M1D8M17D37M5D84M
117	3765	0.381	8.683E-87	0	908	915	2	987	1003	269M8D11M7D24M10D28M2D35M4I59M9I39M1I42M8D116M1D126M1D13M4D18M2D25M48D90M
128	3748	0.405	2.159E-86	0	913	915	0	871	876	5M1D263M6D10M4I19M20I9M2I51M19I23M14I44M2I7M5I26M10D11M11I83M1I8M2D138M9D21M2D23M4D9M2D86M
92	3627	0.377	1.414E-83	5	914	915	1	1082	1084	275M3D19M23D14M3D7M2D31M1D44M1D25M4D18M4D13M5D20M2D13M1I46M19D20M17D85M2D126M1I10M47D23M2D9M15D13M24D97M
110	3526	0.466	3.171E-81	90	914	915	0	877	880	191M1I85M1I69M3D19M3I15M8D8M3D15M8D26M16D239M1I25M16D37M5D90M
122	3492	0.364	1.961E-80	7	891	915	6	949	1001	261M2D12M1I8M1D46M28D77M11I21M2I5M6I19M16I23M2I17M3I17M3I79M1D117M1D25M4D11M3D17M15D6M3D19M45D61M
101	3474	0.379	5.145E-80	0	911	915	16	931	936	2M1I268M7I18M7I8M8I37M3D90M1D51M2I43M3I12M5D65M2D100M11D62M5D19M2D15M3D94M
81	3390	0.475	4.639E-78	39	832	915	7	819	885	242M1I65M2D20M1I45M1D11M12D28M18D310M1I20M11I39M
8	3378	0.356	8.824E-78	4	914	915	6	1011	1016	267M12D8M1D13M3I39M2D7M3D32M5D27M2D61M12D37M7D57M9D83M2D137M4D11M2I20M6D23M35D84M
103	3365	0.430	1.771E-77	26	914	915	0	884	886	49M4I8M5I7M2I170M5I5M1I23M2D36M13I43M2I42M2D9M3I21M23D6M7I10M2I34M2I98M2D142M4D28M5D27M4D85M
18	3364	0.330	1.869E-77	5	914	915	1	1247	1248	272M4D21M4I10M5I37M18D9M4D32M2D59M25D7M10D17M4D10M9D6M10D30M15D22M3D74M1I15M1D126M1I21M26D3M64D4M120D2M21D7M2D31M10D84M
100	3318	0.348	2.198E-76	4	914	915	3	795	806	268M11I50M52I45M1I19M16I4M9I5M29I29M2I11M2I78M1D2M1D81M2D4M5I2M5D31M2D26M7I34M4D55M1D33M
114	3274	0.364	2.324E-75	5	914	915	5	928	929	215M1D58M6I16M1D48M2D51M1I2M1I78M6I58M12D71M2D87M5I11M3D85M5D29M7D82M
126	3253	0.340	7.160E-75	6	910	915	10	806	808	96M2I165M9D2M11I28M20I14M24I14M8I30M1D7M12I31M32I17M31I3M8D133M1I37M2I27M4I18M1D18M1D20M7D6M4D12M10D37M2I41M
91	3240	0.352	1.437E-74	4	913	915	8	783	788	101M1D161M6D3M3D9M6I11M12I8M42I14M23I33M7I33M11I4M9I4M4I26M22I6M3I63M2I8M1D8M1D81M3I3M3I36M2I21M2I47M1I33M2D17M4D28M
98	3203	0.338	1.044E-73	1	913	915	9	771	776	105M1D160M3D8M3D16M7I20M11I8M54I17M17I22M57I25M3I19M2D5M2I62M2I14M1D2M1D74M1I9M6I35M2I11M4I55M1I32M2D22M4D25M
124	3166	0.357	7.581E-73	5	906	915	1	708	713	258M3D2M3D8M12D8M39I7M34I13M17I14M11D5M94I29M17I4M2I40M1D24M1I16M2D82M1I32M2I32M14I9M3I13M2I44M1D6M1I29M
97	3124	0.343	7.198E-72	1	906	915	22	774	786	105M1D160M3D8M4D17M15I30M24I17M26I29M21I16M34I17M28I7M2I61M3I14M1D2M1D84M6I35M2I14M2D19M5I32M2I34M1D16M2D21M
7	3092	0.335	3.999E-71	0	913	915	2	816	857	5M1D98M1D180M1I28M17I21M3I17M24I28M1I6M10I37M20I24M28I6M2I39M2D43M3D46M2I17M1D14M6I40M2I12M1I51M8D38M2D47M
120	3091	0.353	4.220E-71	0	914	915	2	756	764	104M2I162M5D4M12I18M11I11M49I5M1I4M17I22M25I23M2I8M3I13M1D7M12I12M7D27M4I37M2D35M1D7M1D47M2I18M1D50M4I5M2I12M28I27M3I32M1I47M
89	3090	0.338	4.452E-71	3	910	915	5	747	777	101M1D165M7I24M5D18M45I13M27I14M6I22M60I11M5I11M19I3M2I39M2D37M3D4M1I49M2I16M1D13M3I2M4I27M3I33M5D82M2D40M
10	3070	0.326	1.300E-70	0	914	915	21	780	784	106M1D159M15D15M19I14M6I17M71I20M7I11M2I12M36I19M7I6M2I11M9I6M2I62M2I14M3D1M1I84M6I37M2I30M7I10M1D54M2D21M2D27M
0	3069	0.343	1.372E-70	0	913	915	8	749	754	106M1D159M15D7M9I10M15I27M41I8M14I14M16I6M21I10M43I13M6I9M14I7M2I62M3I13M1D2M1D77M1D7M6I35M2I14M5D8M1I4M2I4M5I63M2D21M2D28M
95	3064	0.345	1.793E-70	5	908	915	1	708	720	97M2I169M2D2M9I24M64I10M14I11M4I4M3I23M58I28M19I4M3D7M2I32M2D44M2D49M2I18M1D51M6I15M18I15M4I54M1I41M
1	3063	0.326	1.892E-70	0	909	915	0	763	787	270M1D24M4I38M54I22M38I14M38I11M33I8M1I26M1D14M2D39M1D3M1D49M2I16M2D14M2I9M1D3M4I22M1I6M3I9M1I19M2D38M3D32M1D4M2D9M7D6M8D2M3D22M
40	3051	0.339	3.599E-70	0	910	915	1	746	776	104M1D175M7D12M9I18M45I13M27I14M6I12M11I5M6I4M40I19M27I7M2I39M2D37M3D4M1I47M2I18M1D10M2I7M5I22M3I22M5D96M2D40M
87	3045	0.330	4.964E-70	1	909	915	3	738	770	100M1D166M1I10M9D13M9I21M6I18M16I6M49I28M60I10M36I4M2I39M2D42M2D47M2I17M1D16M7I27M3I20M6I9M2I20M1D18M8D36M2D43M
96	3035	0.319	8.484E-70	5	914	915	38	939	948	30M5I227M10D14M12I31M7I9M9I23M1D19M1I23M4I19M1I11M6I6M37D6M8I75M4D6M1D63M4I14M2D49M1I32M1I57M1D18M4I34M1I80M
20	3022	0.346	1.703E-69	4	905	915	6	736	772	263M1I14M7D9M6I20M11I17M29I5M30I11M41I4M37I13M9I11M12I7M2I39M2D36M3D5M1I47M2I17M1D18M7I22M3I24M1I29M3D19M3D42M2D38M
88	3009	0.335	3.418E-69	3	905	915	5	734	770	279M6D9M9I18M1I6M43I11M68I12M59I31M3D5M2I39M2D37M3D4M1I49M2I12M1D17M5I4M2I22M3I22M1I31M3D19M3D45M2D35M
63	2992	0.337	8.499E-69	3	910	915	5	747	778	98M1D169M18I11M35I4M20I10M5D9M29I11M26I8M2I19M1I7M20I32M14I8M2I39M2D43M2D46M2I17M1D11M2I7M5I22M3I35M1D79M2D44M
2	2991	0.332	8.967E-69	1	914	915	6	778	781	104M1I55M1I113M5I23M3I20M42I16M11I5M1I21M14I9M63I44M5I35M1D43M3D49M1D11M1D6M4D65M4D8M8I4M7I29M5I40M3D11M5D12M3D25M
14	2965	0.348	3.612E-68	3	910	915	83	883	886	106M25I4M4I2M1D70M1D52M2D11M4I9M1I24M3I24M19I27M4I58M6I10M8I19M1D7M11I22M1D22M2I75M1D5M1D127M2I13M22I19M5I7M1D79M
125	2954	0.319	6.513E-68	5	905	915	27	805	813	261M2D30M12I9M8I4M18I28M17D1M16I7M4I17M14I32M26I9M4I29M4I12M9I60M13I131M2I10M6D6M5D5M19I20M1I8M2I70M
37	2931	0.313	2.234E-67	2	914	915	0	806	829	13M2D144M1I107M10D6M11I7M5I33M44I14M6I7M25D14M19I16M5I9M27I40M3I4M8I6M1D2M5I37M2D40M1D2M1D49M2I16M1D13M1I11M2I23M4I20M2D8M11I8M1D12M2D52M2D36M2I8M
36	2884	0.315	2.773E-66	2	914	915	0	806	829	12M2D145M1I107M10D6M11I7M5I33M18I6M14I7M13I10M20D17M19I15M5I10M27I6M9I12M4I34M2I38M2D40M1D2M1D49M2I16M1D13M1I11M2I23M4I20M4D6M13I10M3D59M4D4M2I33M2I8M
21	2747	0.356	4.280E-63	0	779	915	0	701	745	2M1I211M1D78M29I12M2I7M6I12M2I22M8I7M2I24M11I15M6I26M4I11M1I54M3I81M2D72M1I10M1I33M4I22M
123	2695	0.424	6.946E-62	44	739	915	0	713	715	221M4D9M2I9M2I82M2I43M2I5M1D45M13D18M2I7M4D56M3D156M1D21M2D14M
12	2580	0.333	3.298E-59	4	832	915	1	674	675	263M4D8M7I23M3I14M4I5M10I12M9I24M4I16M55I17M24I26M14I11M3I28M1I6M2D35M1D7M1I4M2I45M2I17M1D13M5I5M1I31M6I11M12I45M
121	2506	0.324	1.740E-57	11	796	915	1	613	619	259M10D9M4I17M61I17M23I14M6I3M10D2M14I5M6I10M43I16M37I2M7D22M1D11M2D44M2D50M2I16M2D14M2I9M3I22M4I19M2I18M
9	2310	0.284	6.341E-53	3	910	915	5	609	639	98M1D184M76I6M94I9M39I20M24I13D4M5I3M26I3M45I45M2I17M1D14M2I4M5I25M3I21M1I8M7I20M1D16M8D38M2D44M
11	2222	0.330	7.084E-51	0	785	915	0	582	596	40M27I2M5I200M5D17M6I12M2I10M77I8M1I21M7I10M64I8M3I24M14I23M1D14M2D37M1D5M1D49M2I16M2D14M2I8M3I23M4I21M2D7M
19	1840	0.224	5.507E-42	5	903	915	12	722	735	28M1D18M2D42M1I9M1I44M1D11M5D6M8D19M1I2M3D27M2D51M12D8M3I7M31I6M48I11M13I9M4I15M33I11M41I4M2I18M20I5M4I12M2D6M2D46M1I14M1D5M2D79M3D3M1D36M1D4M4I9M2I17M4I36M21I21M1D8M1I17M
90	1337	0.174	2.803E-30	0	906	915	0	690	697	33M1I14M5I53M1I36M3D7M2D13M1I21M1I21M1D6M13I4M1I41M26D9M24I8M2I7M8I9M17I17M34I7M60I10M15I13M45I38M3I3M2D10M1D22M5D41M2D2M2D6M3I18M2D24M11I14M4I11M1I18M15I7M1D30M1I4M1I10M1D12M1D9M1D16M1D16M
4	1235	0.174	6.631E-28	9	910	915	8	686	688	40M4I53M1I36M3D6M2D17M1I19M1I20M1D3M3D9M12I34M2I5M3I7M13I17M3I6M24I17M29I12M2D18M34I21M22I10M10I24M3I10M7I33M3I11M3D2M1D8M2I11M5D7M2I4M5D26M6D3M2I8M3I16M2D14M9I5M3I17M2I13M8I5M54I11M1D2M6I13M3D25M3D21M
129	1135	0.161	1.409E-25	10	903	915	0	646	656	23M1I9M35I3M2D4M1D21M1I36M3D7M2D13M1I21M1I21M1D6M13I4M1I36M2D14M32I7M17D12M32I7M28I10M48I18M44I6M22I16M4D32M3I7M2D6M1D9M1D9M3D11M1D33M1D2M3D9M3I16M2D22M11I17M4I8M3I2M1D7M1I18M5I41M9I3M1D16M1D5M1D14M1D15M
99	928	0.265	9.261E-21	5	344	915	17	361	450	28M1I14M5I53M1I36M3D4M1D14M1I20M1I27M1I4M11I5M2D34M17D45M3D35M
17	778	0.166	2.869E-17	9	841	915	3	882	985	22M2I11M5I6M1D11M1D9M1I4M1D25M1I39M2D3M1D21M9D19M1I18M12D7M1D16M10D32M15D17M1D12M21D112M9D52M4D19M4D54M6D6M9D18M12D6M17D24M6I12M15I3M3I12M1D11M3D3M8D15M60I16M2D24M9I71M
93	651	0.151	2.591E-14	11	573	915	13	763	803	34M7I41M1I12M1I38M3D3M4D15M2I4M1I13M2D26M1I3M3I6M2I6M20D31M2I2M5D9M1D14M19D17M7D10M1D20M118D18M10D82M3D21M12D18M2I28M3D23M1D40M1D7M
 